[0.0, 1.0, 0, 1, 1, 1.0, 1, 1.0, 1.0, 0.0, 0.0, 0.0, 170.6651847] 0.9748199906551658
[0, 1.0, 1.0, 1.0, 1.0, 1.0, 1.0, 1, 1, 0, 1.0, 1.0, 170.6282685] 0.9738687357051201
[0.0, 1.0, 0, 1.0, 1, 1, 1.0, 0.0, 1, 1, 0.0, 1, 171.1972303] 0.9885297172968547
[0.0, 1.0, 1.0, 1.0, 1.0, 1.0, 1.0, 0.0, 0.0, 0.0, 1.0, 1.0, 170.6176486] 0.9735950826085397
[1.0, 1.0, 1.0, 1, 1.0, 1, 1.0, 0.0, 0, 1, 1.0, 1.0, 170.6573937] 0.9746192325241609
[1.0, 1.0, 0, 1.0, 1.0, 1.0, 1.0, 1.0, 0.0, 1.0, 0.0, 0.0, 170.4227512] 0.9685729753358248
[0.0, 1.0, 1.0, 1.0, 1.0, 1.0, 1.0, 0.0, 1.0, 0.0, 0.0, 0.0, 146.3050506] 0
[0.0, 1.0, 1.0, 1.0, 1.0, 1, 1.0, 0.0, 0, 0.0, 0.0, 1.0, 171.5690527] 0.9981108198626055
[0.0, 1.0, 0, 1.0, 1.0, 1.0, 1, 0.0, 1.0, 1, 0, 1.0, 171.1972303] 0.9885297172968547
[0.0, 1.0, 1.0, 1, 1, 1.0, 1.0, 0, 0.0, 0.0, 1.0, 0, 171.6423678] 1.0
[1.0, 1, 0.0, 1.0, 1.0, 1.0, 1.0, 0.0, 1.0, 1.0, 1, 0.0, 169.8940532] 0.9549495094975442
[0.0, 1.0, 1.0, 1.0, 1, 1.0, 1, 1.0, 1.0, 0, 1.0, 1.0, 170.6282685] 0.9738687357051201
[0.0, 1.0, 1.0, 1, 1.0, 1.0, 1.0, 0.0, 0, 0.0, 1.0, 1.0, 170.6176486] 0.9735950826085397
[1.0, 1, 0.0, 1, 1.0, 1.0, 1, 1.0, 0.0, 1.0, 0, 1.0, 169.9386673] 0.9560991235820604
[0, 1.0, 0, 1, 1, 1, 1.0, 0.0, 0, 0.0, 0.0, 1.0, 171.4235804] 0.9943622963019603
[0, 1.0, 1.0, 1.0, 1.0, 1.0, 1.0, 0, 0.0, 0.0, 1.0, 0.0, 171.6423678] 1.0
[0.0, 1, 1.0, 1.0, 1.0, 1.0, 1.0, 0.0, 0.0, 0, 0, 1.0, 171.5690527] 0.9981108198626055
[1.0, 1, 0, 1, 1.0, 1, 1.0, 0.0, 1, 0.0, 1.0, 1.0, 170.3253386] 0.9660628519226138
[0.0, 0.0, 1.0, 0.0, 1.0, 0.0, 0.0, 0.0, 1.0, 1.0, 1.0, 1.0, 14.57245803] 0
[1.0, 1, 1.0, 1.0, 1.0, 1.0, 1.0, 0.0, 0.0, 1.0, 1.0, 1.0, 170.6573937] 0.9746192325241609
[0.0, 1.0, 1, 1.0, 1.0, 1.0, 1.0, 0.0, 0.0, 0.0, 0.0, 1.0, 171.5690527] 0.9981108198626055
[0, 1.0, 0.0, 1.0, 1, 1.0, 1.0, 0.0, 0.0, 0, 0.0, 1.0, 171.4235804] 0.9943622963019603
[1.0, 1.0, 1.0, 1.0, 1.0, 1.0, 1, 0, 0.0, 1.0, 1.0, 1.0, 170.6573937] 0.9746192325241609
[0.0, 1.0, 1.0, 1.0, 1.0, 1.0, 1.0, 1.0, 1.0, 0.0, 0.0, 1.0, 170.5469792] 0.9717740767475158
[0.0, 1, 1.0, 1.0, 1.0, 1, 1, 1.0, 1, 0.0, 1, 1.0, 170.6282685] 0.9738687357051201
[1, 1, 1.0, 1.0, 1.0, 1.0, 1.0, 0.0, 0.0, 1.0, 1.0, 1.0, 170.6573937] 0.9746192325241609
[1.0, 1.0, 0.0, 1.0, 1.0, 1.0, 1.0, 0.0, 0.0, 1.0, 1.0, 0.0, 170.7705431] 0.977534861078689
[0.0, 1.0, 1.0, 1.0, 1, 1.0, 1.0, 0.0, 0, 0.0, 1.0, 0, 171.6423678] 1.0
[0.0, 1.0, 0.0, 1.0, 1, 1.0, 1, 1.0, 1.0, 0.0, 1.0, 1.0, 170.4742329] 0.9698995534224579
[0.0, 1.0, 1.0, 1.0, 1.0, 1.0, 1.0, 1.0, 1.0, 1, 1, 0.0, 170.2764871] 0.9648040487090609
