[0.0, 1.0, 1.0, 1, 1.0, 1.0, 0, 1.0, 0, 0.0, 0.0, 0.0, 124.6119223] 0.007794102446094802
[0.0, 1.0, 0.0, 1.0, 1.0, 0.0, 1.0, 1.0, 1.0, 1.0, 1.0, 1.0, 116.1488059] 0
[1.0, 0.0, 1.0, 0.0, 0.0, 1.0, 1.0, 0.0, 1.0, 1.0, 0.0, 1.0, 33.21433997] 0
[0.0, 1.0, 1.0, 1.0, 0.0, 1.0, 1.0, 1.0, 1.0, 0.0, 0.0, 0.0, 124.7044525] 0.010753790526032283
[0.0, 0.0, 1.0, 0.0, 1.0, 1.0, 0.0, 0.0, 0.0, 0.0, 1.0, 1.0, 29.74687767] 0
[1.0, 1.0, 0.0, 1.0, 1.0, 1.0, 1.0, 1.0, 0.0, 0.0, 1.0, 0.0, 169.9990129] 0.9576541062377364
[0.0, 1.0, 1.0, 1.0, 1.0, 1.0, 0.0, 0.0, 1.0, 0.0, 0.0, 1.0, 124.8689363] 0.016014999755049674
[1.0, 1.0, 1.0, 1.0, 1.0, 1.0, 0.0, 1.0, 1.0, 1.0, 0.0, 0.0, 123.5997839] 0
[0.0, 1.0, 0.0, 1.0, 1.0, 1.0, 1.0, 1.0, 1.0, 1, 1.0, 1.0, 169.8953624] 0.954983244903155
[0, 1.0, 1, 1, 1.0, 1, 0.0, 1.0, 0.0, 1.0, 0.0, 1.0, 125.4558222] 0.03478724062898488
[0.0, 1.0, 1.0, 1.0, 1.0, 1.0, 1, 1.0, 0.0, 1.0, 0.0, 1.0, 170.3886647] 0.9676946359657184
[1.0, 0.0, 1.0, 0.0, 0.0, 0.0, 1.0, 1.0, 1.0, 1.0, 0.0, 1.0, 14.24033856] 0
[0.0, 1.0, 0.0, 1.0, 1.0, 1.0, 1.0, 0.0, 1.0, 0.0, 0.0, 1.0, 170.4570768] 0.9694574758237758
[0, 1.0, 0.0, 1.0, 1.0, 1, 1.0, 1.0, 1.0, 0.0, 1.0, 1.0, 170.4742329] 0.9698995534224579
[0.0, 1.0, 0.0, 1.0, 1.0, 1.0, 1.0, 0.0, 1.0, 1.0, 1.0, 0.0, 170.3049545] 0.9655375953678431
[0.0, 1, 0.0, 1, 0.0, 1.0, 1.0, 1.0, 1.0, 0.0, 0.0, 0.0, 124.7782342] 0.013113785619607351
[0.0, 1.0, 0.0, 1.0, 1.0, 1.0, 1.0, 1.0, 1.0, 0.0, 0, 0.0, 170.6651847] 0.9748199906551658
[0.0, 1.0, 0, 1.0, 1.0, 1.0, 1.0, 1.0, 1.0, 1.0, 0.0, 1.0, 170.3034718] 0.9654993892221827
[0.0, 1, 1.0, 1.0, 1.0, 1.0, 1.0, 0.0, 0, 1.0, 0.0, 1.0, 170.6936717] 0.9755540423658499
[0.0, 1.0, 1.0, 1.0, 1.0, 1.0, 1.0, 0.0, 0.0, 0.0, 0, 0.0, 171.3028867] 0.9912522665707229
[0.0, 0.0, 0.0, 1.0, 0.0, 0.0, 0.0, 1.0, 0.0, 0.0, 0.0, 0.0, 31.62179089] 0
[1.0, 0.0, 1.0, 1.0, 0.0, 1.0, 0.0, 1.0, 0.0, 0.0, 1.0, 0.0, 53.30328321] 0
[0.0, 1.0, 0.0, 1, 1.0, 1.0, 1.0, 1.0, 1.0, 0.0, 1.0, 0.0, 170.2122025] 0.9631475660818756
[1.0, 1.0, 1.0, 1.0, 1.0, 1.0, 1.0, 0.0, 1.0, 0.0, 0.0, 1.0, 169.9796426] 0.9571549732349123
[0.0, 1.0, 1.0, 0.0, 0.0, 0.0, 1.0, 0.0, 1.0, 1.0, 1.0, 0.0, 33.09436131] 0
[0.0, 0.0, 0.0, 0.0, 1.0, 0.0, 0.0, 0.0, 0.0, 1.0, 0.0, 0.0, 1.061303616] 0
[0.0, 1.0, 1.0, 1.0, 1, 1.0, 1.0, 1.0, 0.0, 1.0, 0.0, 1.0, 170.3886647] 0.9676946359657184
[0.0, 1.0, 1.0, 1.0, 1, 1.0, 1.0, 0.0, 1.0, 1.0, 0.0, 1.0, 169.9494972] 0.9563781879490185
[0.0, 1, 1.0, 1.0, 1.0, 1.0, 1.0, 1.0, 0.0, 1, 1.0, 0, 170.2567158] 0.9642945827566108
[1.0, 1, 1.0, 1.0, 1.0, 1, 1.0, 0.0, 0.0, 1.0, 1.0, 0.0, 169.9866829] 0.9573363873627154
