[1.0, 1.0, 0.0, 1, 1.0, 1.0, 1, 0.0, 0, 1, 1.0, 0.0, 170.7705431] 0.977534861078689
[1.0, 1.0, 0, 1.0, 1.0, 1.0, 1.0, 0.0, 1.0, 1.0, 1.0, 0.0, 169.8940532] 0.9549495094975442
[0, 1.0, 1, 1.0, 1, 1.0, 1, 1.0, 1.0, 0.0, 1.0, 1.0, 170.6282685] 0.9738687357051201
[0.0, 1, 1.0, 1.0, 1, 1.0, 1.0, 0.0, 0, 1, 0.0, 1, 170.6936717] 0.9755540423658499
[0.0, 1, 1, 1.0, 1.0, 1.0, 1, 0, 0.0, 0, 1.0, 0.0, 171.6423678] 1.0
[0.0, 1.0, 1, 1.0, 1, 1.0, 1, 0.0, 0.0, 0.0, 0.0, 1.0, 171.5690527] 0.9981108198626055
[0.0, 1.0, 1, 1.0, 1, 1, 1.0, 0.0, 0.0, 0.0, 0.0, 1, 171.5690527] 0.9981108198626055
[0.0, 1.0, 1.0, 1, 1, 1.0, 1.0, 1.0, 1.0, 0, 1, 1.0, 170.6282685] 0.9738687357051201
[0.0, 1.0, 0.0, 1.0, 0.0, 1.0, 0.0, 0.0, 0.0, 1.0, 0.0, 1.0, 78.13031244] 0
[0.0, 1, 0.0, 1.0, 1, 1.0, 1.0, 1, 0, 0, 1, 0.0, 170.735281] 0.97662622890165
[0.0, 1.0, 0.0, 1, 1.0, 1.0, 1.0, 0.0, 0, 0.0, 0.0, 1.0, 171.4235804] 0.9943622963019603
[1.0, 1, 1.0, 1.0, 1.0, 1.0, 1.0, 0.0, 0.0, 1.0, 1.0, 1.0, 170.6573937] 0.9746192325241609
[0.0, 1, 1.0, 1, 1.0, 1.0, 1.0, 0.0, 0.0, 1.0, 0.0, 1.0, 170.6936717] 0.9755540423658499
[0, 1.0, 1.0, 1.0, 1.0, 1.0, 1.0, 1.0, 1, 0, 0, 1.0, 170.5469792] 0.9717740767475158
[0, 1.0, 0.0, 1.0, 1.0, 1.0, 1.0, 1.0, 0.0, 0.0, 1, 0.0, 170.735281] 0.97662622890165
[0.0, 1.0, 1.0, 1.0, 1.0, 1.0, 0.0, 0.0, 0.0, 0.0, 0.0, 0.0, 125.8634958] 0.047827163750573325
[0.0, 1.0, 1.0, 1.0, 1.0, 1.0, 1.0, 1.0, 1.0, 0.0, 1.0, 1.0, 170.6282685] 0.9738687357051201
[0.0, 1, 1.0, 1.0, 1.0, 1.0, 1.0, 0.0, 0, 0, 0.0, 0.0, 171.3028867] 0.9912522665707229
[0.0, 1.0, 1.0, 1.0, 1.0, 1.0, 1.0, 0.0, 0.0, 0, 0.0, 0.0, 171.3028867] 0.9912522665707229
[1.0, 1.0, 0.0, 0.0, 0.0, 0.0, 0.0, 1.0, 0.0, 1.0, 0.0, 1.0, 31.0839932] 0
[1.0, 1.0, 1.0, 1.0, 1.0, 1.0, 1.0, 0.0, 0.0, 1.0, 1.0, 1, 170.6573937] 0.9746192325241609
[0.0, 1.0, 0.0, 1.0, 1.0, 1, 1.0, 1, 1, 0.0, 0.0, 0.0, 170.6651847] 0.9748199906551658
[0.0, 1.0, 0, 1, 1.0, 1.0, 1.0, 1.0, 0.0, 0, 1, 0, 170.735281] 0.97662622890165
[0.0, 1.0, 1.0, 1.0, 1.0, 1.0, 1.0, 0.0, 0, 0.0, 1.0, 1.0, 170.6176486] 0.9735950826085397
[0.0, 1.0, 1.0, 1, 1.0, 1.0, 1.0, 0.0, 0.0, 0.0, 0, 1, 171.5690527] 0.9981108198626055
[0.0, 1.0, 1.0, 1, 1.0, 1, 1.0, 1.0, 1, 0.0, 0, 1.0, 170.5469792] 0.9717740767475158
[0.0, 1, 0, 1.0, 1.0, 1.0, 0.0, 1.0, 1.0, 0.0, 0, 0.0, 124.825187] 0.014615626558886522
[1, 1.0, 1.0, 1.0, 1.0, 1, 1.0, 0, 0, 1.0, 1.0, 1.0, 170.6573937] 0.9746192325241609
[0.0, 1.0, 0.0, 1.0, 1.0, 1, 1, 0, 0, 0, 0, 1, 171.4235804] 0.9943622963019603
[0.0, 1.0, 0, 1.0, 1, 1.0, 1.0, 1.0, 1.0, 0.0, 1.0, 0, 170.2122025] 0.9631475660818756
