[  1.   1.   0.   1.   0.   1.   1.   1.   0.   0.   0.   1.   0.   1.
 512.   1.] 0
[  1.   1.   0.   1.   0.   1.   0.   1.   0.   0.   1.   1.   0.   1.
 512.   5.] 0
[1.000e+00 1.000e+00 0.000e+00 1.000e+00 0.000e+00 0.000e+00 0.000e+00
 1.000e+00 0.000e+00 0.000e+00 0.000e+00 1.000e+00 1.000e+00 0.000e+00
 1.024e+03 1.000e+00] 0
[  1.   1.   1.   0.   0.   0.   1.   1.   0.   0.   0.   1.   0.   1.
 512.   1.] 0
[  1.   1.   0.   1.   1.   0.   1.   1.   0.   0.   0.   1.   0.   1.
 512.   5.] 0
[8.95820423e-01 8.81940388e-01 2.57789630e-03 8.57326576e-01
 1.10445229e-01 2.73924928e-02 2.31897039e-01 3.29466546e-01
 9.25354478e-01 2.56438795e-01 8.16104650e-01 8.80429337e-01
 8.44461180e-01 1.07291709e-01 1.60080750e+03 3.00957981e-01] 0
[  1.   1.   0.   1.   0.   0.   0.   1.   0.   0.   0.   1.   0.   1.
 512.   1.] 0
[4.33389612e-01 1.48315758e-01 3.90078299e-03 7.19262302e-01
 2.11836595e-01 4.92164791e-02 5.57740867e-01 9.43191537e-01
 1.00985185e-02 1.24231822e-01 3.11310686e-01 5.04565895e-01
 2.08757594e-01 5.85692362e-01 1.09665015e+03 5.30532732e+00] 0
[1.000e+00 1.000e+00 1.000e+00 0.000e+00 0.000e+00 0.000e+00 0.000e+00
 1.000e+00 0.000e+00 0.000e+00 0.000e+00 1.000e+00 0.000e+00 1.000e+00
 1.024e+03 5.000e+00] 0
[1.000e+00 1.000e+00 0.000e+00 1.000e+00 0.000e+00 1.000e+00 0.000e+00
 1.000e+00 0.000e+00 0.000e+00 1.000e+00 1.000e+00 1.000e+00 0.000e+00
 1.024e+03 9.000e+00] 0
[5.63932503e-01 6.06110228e-01 4.31227028e-01 7.98389034e-01
 1.18850365e-01 2.00911659e-01 7.84779787e-01 1.70717891e-01
 9.34498690e-01 4.58748923e-01 8.25720131e-01 5.35833874e-01
 2.57502604e-01 9.67828316e-01 3.77457910e+03 4.67160612e-01] 0
[  1.   1.   0.   1.   0.   1.   0.   1.   0.   0.   1.   1.   1.   0.
 512.   1.] 0
[1.000e+00 1.000e+00 1.000e+00 0.000e+00 0.000e+00 0.000e+00 1.000e+00
 1.000e+00 0.000e+00 0.000e+00 0.000e+00 1.000e+00 1.000e+00 0.000e+00
 4.096e+03 1.000e+00] 0
[  1.   1.   0.   1.   0.   1.   1.   0.   1.   0.   1.   1.   0.   1.
 512.   0.] 0
[1.000e+00 1.000e+00 1.000e+00 0.000e+00 0.000e+00 0.000e+00 0.000e+00
 1.000e+00 0.000e+00 0.000e+00 0.000e+00 1.000e+00 0.000e+00 1.000e+00
 1.024e+03 5.000e+00] 0.5561290322580571
[  1.   1.   1.   0.   0.   0.   1.   0.   1.   0.   0.   1.   1.   0.
 512.   0.] 0
[1.000e+00 1.000e+00 0.000e+00 1.000e+00 1.000e+00 0.000e+00 1.000e+00
 1.000e+00 0.000e+00 0.000e+00 0.000e+00 1.000e+00 1.000e+00 0.000e+00
 1.024e+03 5.000e+00] 0
[1.000e+00 1.000e+00 0.000e+00 1.000e+00 0.000e+00 0.000e+00 0.000e+00
 0.000e+00 1.000e+00 0.000e+00 1.000e+00 1.000e+00 1.000e+00 0.000e+00
 2.048e+03 0.000e+00] 0
[1.000e+00 1.000e+00 0.000e+00 1.000e+00 0.000e+00 1.000e+00 1.000e+00
 0.000e+00 1.000e+00 0.000e+00 1.000e+00 1.000e+00 1.000e+00 0.000e+00
 1.024e+03 0.000e+00] 0
[1.000e+00 1.000e+00 1.000e+00 0.000e+00 0.000e+00 0.000e+00 0.000e+00
 1.000e+00 0.000e+00 0.000e+00 0.000e+00 1.000e+00 0.000e+00 1.000e+00
 1.024e+03 5.000e+00] 0
[  1.   1.   0.   1.   0.   0.   1.   0.   1.   0.   0.   1.   0.   1.
 512.   0.] 0
[1.000e+00 1.000e+00 0.000e+00 1.000e+00 0.000e+00 0.000e+00 1.000e+00
 1.000e+00 0.000e+00 0.000e+00 1.000e+00 1.000e+00 0.000e+00 1.000e+00
 4.096e+03 1.000e+00] 0.07799999999999838
[  1.   1.   0.   1.   0.   1.   0.   1.   0.   0.   1.   1.   0.   1.
 512.   1.] 0
[1.000e+00 1.000e+00 1.000e+00 0.000e+00 0.000e+00 0.000e+00 1.000e+00
 1.000e+00 0.000e+00 0.000e+00 1.000e+00 1.000e+00 1.000e+00 0.000e+00
 1.024e+03 9.000e+00] 0
[1.000e+00 1.000e+00 0.000e+00 1.000e+00 1.000e+00 0.000e+00 0.000e+00
 1.000e+00 0.000e+00 0.000e+00 0.000e+00 1.000e+00 0.000e+00 1.000e+00
 2.048e+03 1.000e+00] 0
[1.000e+00 1.000e+00 0.000e+00 1.000e+00 1.000e+00 0.000e+00 0.000e+00
 1.000e+00 0.000e+00 0.000e+00 1.000e+00 1.000e+00 0.000e+00 1.000e+00
 1.024e+03 1.000e+00] 0
[1.000e+00 1.000e+00 0.000e+00 1.000e+00 0.000e+00 1.000e+00 1.000e+00
 0.000e+00 1.000e+00 0.000e+00 0.000e+00 1.000e+00 0.000e+00 1.000e+00
 2.048e+03 0.000e+00] 0
[1.000e+00 1.000e+00 0.000e+00 1.000e+00 1.000e+00 0.000e+00 0.000e+00
 0.000e+00 1.000e+00 0.000e+00 1.000e+00 1.000e+00 0.000e+00 1.000e+00
 4.096e+03 0.000e+00] 0
[1.000e+00 1.000e+00 0.000e+00 1.000e+00 1.000e+00 0.000e+00 0.000e+00
 1.000e+00 0.000e+00 0.000e+00 1.000e+00 1.000e+00 0.000e+00 1.000e+00
 4.096e+03 9.000e+00] 0
[9.10127357e-01 8.16524626e-01 1.71377601e-01 8.00931429e-01
 7.99880803e-01 9.89666298e-02 8.59566140e-01 2.50552273e-01
 8.16467877e-01 2.90396814e-01 7.15874311e-02 9.15222140e-01
 9.41994197e-01 1.40544050e-01 2.78611975e+03 4.83634170e-01] 0
