[1.0, 1.0, 1.0, 0.0, 0.0, 0.0, 1.0, 0.0, 1.0, 0.0, 0.0, 1.0, 1.0, 0.0, 4096.0, 0.0, 169.3672] 0.9841987096774194
[1.0, 1.0, 1.0, 0.0, 0.0, 0.0, 1.0, 1.0, 0.0, 0.0, 0.0, 1.0, 0.0, 1, 4096.0, 9.0, 168.6602] 0.9773567741935484
[1.0, 1.0, 0.0, 1.0, 0.0, 1.0, 1.0, 1.0, 0.0, 0.0, 1.0, 1.0, 0.0, 1.0, 512.0, 9.0, 168.2806] 0.9736832258064516
[1.0, 1.0, 0.0, 1.0, 0.0, 0.0, 1.0, 0.0, 1.0, 0.0, 1.0, 1.0, 0.0, 1.0, 4096.0, 0, 168.9182] 0.9798535483870969
[1.0, 1.0, 0.0, 1.0, 0.0, 1.0, 0.0, 1.0, 0, 0.0, 1.0, 1.0, 0.0, 1.0, 2048.0, 1.0, 168.6766] 0.9775154838709679
[1.0, 1.0, 0.0, 1.0, 1.0, 0.0, 0.0, 1.0, 0.0, 0.0, 0.0, 1.0, 0.0, 1.0, 4096.0, 5.0, 168.8144] 0.9788490322580645
[1.0, 1.0, 0.0, 1.0, 0.0, 1.0, 0.0, 1.0, 0.0, 0.0, 0.0, 1.0, 0.0, 1.0, 1024.0, 1.0, 168.5652] 0.9764374193548387
[1.0, 1.0, 0.0, 1.0, 0.0, 1.0, 1.0, 1.0, 0.0, 0.0, 1.0, 1.0, 0.0, 1.0, 512.0, 5.0, 168.616] 0.9769290322580646
[1.0, 1.0, 0.0, 1.0, 0.0, 1.0, 1.0, 1.0, 0.0, 0.0, 0.0, 1.0, 0.0, 1.0, 1024.0, 5.0, 167.8284] 0.9693070967741935
[1.0, 1.0, 0.0, 1.0, 0.0, 1.0, 1.0, 1.0, 0.0, 0.0, 1.0, 1.0, 0.0, 1.0, 512.0, 1.0, 167.9868] 0.9708399999999999
[1.0, 1.0, 0.0, 1.0, 1.0, 0.0, 1.0, 1.0, 0.0, 0.0, 0.0, 1.0, 0.0, 1.0, 4096.0, 5, 168.551] 0.9763
[1.0, 1.0, 0.0, 1.0, 0.0, 1.0, 0.0, 1.0, 0.0, 0.0, 0.0, 1.0, 0.0, 1.0, 2048.0, 1.0, 168.6694] 0.9774458064516129
[1, 1.0, 0, 1.0, 0.0, 0.0, 0.0, 1.0, 0.0, 0.0, 1.0, 1.0, 0, 1.0, 2048.0, 9.0, 168.8536] 0.9792283870967742
[1.0, 1.0, 0.0, 1.0, 0.0, 1.0, 0, 1.0, 0.0, 0, 0.0, 1, 0.0, 1.0, 2048.0, 5.0, 168.4336] 0.975163870967742
[1.0, 1.0, 1.0, 0.0, 0.0, 0.0, 1.0, 1.0, 0.0, 0.0, 1.0, 1.0, 1.0, 0.0, 4096.0, 1.0, 168.5732] 0.9765148387096776
[1.0, 1.0, 0.0, 1.0, 0.0, 0.0, 1.0, 1.0, 0.0, 0.0, 1.0, 1.0, 1.0, 0.0, 2048.0, 1.0, 168.7148] 0.9778851612903225
[1.0, 1.0, 0.0, 1.0, 0.0, 0.0, 1.0, 1, 0.0, 0.0, 1.0, 1.0, 0, 1.0, 1024.0, 5.0, 168.6976] 0.9777187096774194
[1.0, 1.0, 0.0, 1.0, 0, 1.0, 0.0, 1.0, 0.0, 0.0, 1.0, 1.0, 0.0, 1.0, 1024.0, 5.0, 168.5268] 0.976065806451613
[1.0, 1.0, 0.0, 1.0, 0.0, 0.0, 1.0, 1.0, 0.0, 0.0, 1.0, 1.0, 0.0, 1.0, 1024.0, 9.0, 168.7506] 0.9782316129032257
[1.0, 1.0, 0.0, 1.0, 0.0, 0.0, 0, 1.0, 0.0, 0.0, 1.0, 1.0, 0.0, 1.0, 4096.0, 9.0, 168.6448] 0.9772077419354839
[1.0, 1.0, 1.0, 0.0, 0.0, 0.0, 1.0, 1.0, 0.0, 0.0, 0.0, 1.0, 1.0, 0.0, 1024.0, 1.0, 167.9836] 0.9708090322580645
[1.0, 1.0, 0.0, 1.0, 0.0, 1.0, 0.0, 0.0, 1.0, 0.0, 1.0, 1.0, 1.0, 0.0, 2048.0, 0.0, 168.1696] 0.9726090322580645
[1.0, 1.0, 1.0, 0.0, 0.0, 0.0, 1.0, 0.0, 1.0, 0.0, 1.0, 1.0, 0.0, 1.0, 4096.0, 0.0, 169.8726] 0.9890896774193549
[1.0, 1.0, 0.0, 1.0, 0.0, 0.0, 1.0, 1.0, 0.0, 0.0, 0.0, 1.0, 0.0, 1.0, 512.0, 1.0, 168.1604] 0.97252
[1.0, 1.0, 0.0, 1.0, 0.0, 0.0, 1.0, 1.0, 0.0, 0.0, 0.0, 1.0, 0.0, 1.0, 4096, 1.0, 168.569] 0.9764741935483869
[1.0, 1.0, 0.0, 1.0, 0.0, 1, 0.0, 0.0, 1.0, 0.0, 0.0, 1.0, 0.0, 1.0, 1024.0, 0.0, 168.4184] 0.9750167741935483
[1.0, 1.0, 1.0, 0.0, 0.0, 0.0, 0.0, 1.0, 0.0, 0.0, 1.0, 1.0, 0.0, 1.0, 4096.0, 9.0, 169.6474] 0.9869103225806453
[1.0, 1.0, 0, 1.0, 0.0, 0.0, 0, 1.0, 0.0, 0.0, 1.0, 1.0, 0.0, 1.0, 1024.0, 9.0, 168.8482] 0.979176129032258
[1.0, 1.0, 0.0, 1.0, 0.0, 0.0, 1.0, 0.0, 1.0, 0.0, 1.0, 1.0, 0.0, 1.0, 4096.0, 0.0, 169.1632] 0.9822245161290322
[1.0, 1.0, 0, 1.0, 0.0, 0.0, 0.0, 1.0, 0.0, 0.0, 0.0, 1.0, 1.0, 0.0, 1024.0, 9.0, 168.0264] 0.9712232258064515
