[ 0.  0.  0.  1.  0.  0.  1.  0.  1.  1.  0.  0.  0.  1.  0.  0.  0. 90.] 0
[ 0.  0.  1.  1.  0.  1.  1.  0.  0.  1.  0.  1.  1.  1.  0.  0.  0. 10.] 0.8013513513513513
[ 0.  0.  0.  1.  0.  1.  1.  0.  0.  0.  0.  1.  1.  0.  1.  1.  0. 10.] 0
[ 0.  0.  1.  1.  0.  0.  0.  0.  0.  0.  0.  1.  0.  1.  0.  1.  0. 10.] 0.7162162162162162
[ 0.  0.  0.  1.  0.  1.  1.  0.  0.  0.  0.  1.  0.  1.  1.  1.  0. 10.] 0.4606382978723404
[ 0.  0.  0.  1.  0.  1.  0.  0.  0.  1.  0.  1.  1.  0.  1.  0.  0. 10.] 0
[ 0.  0.  0.  1.  0.  1.  1.  0.  0.  0.  0.  1.  0.  0.  1.  0.  1. 10.] 0.006666666666666529
[ 0.  0.  1.  1.  0.  0.  1.  0.  0.  0.  0.  1.  0.  0.  0.  0.  1. 10.] 0.22659574468085145
[ 0.  0.  0.  1.  0.  0.  1.  0.  0.  1.  0.  1.  1.  0.  1.  0.  0. 10.] 0
[ 0.  0.  1.  1.  0.  1.  0.  0.  0.  1.  0.  0.  0.  0.  0.  0.  0. 10.] 0.08666666666666666
[ 0.  0.  0.  1.  0.  1.  0.  0.  1.  0.  0.  0.  0.  0.  0.  1.  0. 10.] 0
[ 0.  0.  0.  1.  0.  0.  1.  0.  1.  0.  0.  1.  1.  0.  0.  1.  0. 10.] 0
[ 0.  0.  1.  1.  0.  1.  0.  0.  0.  0.  0.  1.  0.  1.  0.  1.  0. 10.] 0.8094594594594592
[ 0.  0.  0.  1.  0.  1.  0.  0.  0.  0.  0.  0.  0.  1.  0.  0.  1. 90.] 0
[ 0.  1.  0.  1.  0.  1.  0.  0.  0.  0.  0.  1.  1.  1.  0.  1.  0. 10.] 0
[ 0.  0.  0.  1.  0.  0.  1.  0.  0.  0.  0.  1.  1.  1.  0.  1.  0. 10.] 0
[ 0.  0.  0.  1.  0.  0.  1.  0.  1.  0.  0.  0.  1.  1.  0.  1.  0. 10.] 0
[ 0.  0.  0.  1.  0.  1.  1.  0.  0.  1.  0.  1.  1.  1.  0.  0.  0. 10.] 0
[ 0.  0.  0.  1.  0.  1.  1.  0.  0.  0.  0.  1.  1.  1.  0.  1.  0. 10.] 0
[ 0.  0.  0.  1.  0.  0.  0.  0.  0.  0.  0.  1.  1.  1.  1.  1.  0. 10.] 0.5351063829787237
[ 0.  0.  0.  1.  0.  0.  1.  0.  0.  1.  0.  1.  0.  1.  1.  0.  0. 10.] 0.704054054054054
[ 0.  0.  0.  1.  0.  0.  1.  0.  0.  1.  0.  1.  1.  1.  1.  0.  0. 10.] 0.5191489361702128
[ 0.  0.  1.  0.  0.  0.  1.  0.  0.  0.  1.  0.  0.  0.  0.  1.  0. 10.] 0
[ 0.  0.  1.  1.  0.  1.  0.  0.  0.  0.  0.  0.  0.  0.  0.  0.  1. 10.] 0
[ 0.  0.  1.  1.  0.  1.  1.  0.  0.  0.  0.  0.  1.  0.  0.  0.  1. 10.] 0
[ 0.  0.  1.  1.  0.  0.  1.  0.  0.  0.  0.  1.  0.  1.  0.  0.  1. 10.] 0.6787234042553191
[ 0.  0.  0.  0.  1.  0.  1.  0.  0.  0.  0.  1.  1.  0.  1.  1.  0. 10.] 0
[ 0.  0.  0.  1.  0.  0.  0.  0.  1.  0.  0.  1.  1.  1.  0.  0.  1. 10.] 0
[ 0.  0.  0.  1.  0.  0.  1.  0.  0.  0.  0.  1.  1.  1.  1.  1.  0. 10.] 0.4180851063829787
[ 0.  0.  0.  1.  0.  1.  0.  0.  0.  0.  0.  1.  1.  0.  1.  1.  0. 10.] 0
