[1, 1.0, 1, 1.0, 1.0, 0, 0, 0.0, 1, 0, 0, 0, 32, 10.0, 421517.6] 0.9681909999999999
[1, 0, 0, 1.0, 1, 0.0, 0.0, 0.0, 1, 0.0, 0.0, 0.0, 8, 10.0, 422061.6] 0.9702309999999998
[1.0, 0, 1.0, 1, 1, 0, 0.0, 0.0, 1, 0, 1, 0, 1, 10.0, 424574.6] 0.9796547499999999
[1.0, 0.0, 1, 1, 1.0, 0.0, 0.0, 0.0, 1.0, 0.0, 1, 80.0, 8, 10, 417311.6] 0.9524184999999998
[1, 1, 0, 0, 1, 0.0, 0, 0.0, 0, 1.0, 0.0, 40, 512, 10.0, 305319.4] 0.5212776
[1, 1, 0, 1.0, 1.0, 0.0, 0.0, 0.0, 1, 0.0, 1, 40.0, 1, 10, 421557.6] 0.9683409999999999
[1.0, 0.0, 1.0, 1, 1.0, 0.0, 0.0, 0.0, 1.0, 0, 1, 0, 64, 10.0, 421830.0] 0.9693625
[1.0, 1.0, 1.0, 1.0, 1, 0.0, 0.0, 0.0, 1.0, 0.0, 0, 0, 128, 10.0, 422401.4] 0.9715052500000001
[1.0, 1, 0.0, 1, 1.0, 0, 0, 0, 1.0, 0, 1, 90, 2.0, 10.0, 421820.2] 0.9693257500000001
[1, 1.0, 1.0, 1, 1.0, 0.0, 0.0, 0, 0, 1, 0, 100.0, 512, 10, 303810.0] 0.5152399999999999
[1.0, 0, 1, 1, 1, 0, 0, 0, 0.0, 1.0, 0.0, 60, 128, 10, 303528.8] 0.5141151999999999
[1.0, 0, 0, 1.0, 1, 0.0, 0, 0, 1, 0.0, 0, 0, 8.0, 10.0, 422061.6] 0.9702309999999998
[1, 0.0, 0.0, 1, 1.0, 0, 0.0, 0.0, 1, 0, 1, 50, 4096.0, 10, 417506.4] 0.953149
[1.0, 1, 1.0, 0.0, 1.0, 0.0, 0.0, 0.0, 0.0, 1.0, 1.0, 40.0, 128, 10.0, 303078.2] 0.5123128
[1, 1, 1.0, 1.0, 1, 0.0, 1.0, 0, 0, 0.0, 0, 0, 1, 10.0, 131465.2] 0.06037439353099733
[1, 1, 0, 1.0, 1.0, 0.0, 0, 0, 1.0, 0.0, 1.0, 0, 32.0, 10.0, 422006.6] 0.9700247499999999
[1.0, 1, 0, 1.0, 1.0, 0.0, 0.0, 0.0, 1.0, 0, 1.0, 0, 32, 10.0, 422006.6] 0.9700247499999999
[1.0, 0, 0.0, 1, 1.0, 0.0, 0.0, 0.0, 1, 0, 0, 0, 8, 10.0, 422061.6] 0.9702309999999998
[1.0, 1, 0, 1, 1, 0.0, 0.0, 0, 1.0, 0.0, 1, 40.0, 1.0, 10, 421557.6] 0.9683409999999999
[1.0, 0.0, 1.0, 0.0, 1.0, 0.0, 0.0, 0.0, 0.0, 1.0, 1.0, 40, 1024.0, 10.0, 303744.6] 0.5149783999999998
[1, 1, 1, 1, 1.0, 0, 0.0, 0.0, 1.0, 0.0, 0, 0, 128, 10.0, 422401.4] 0.9715052500000001
[1.0, 1.0, 1, 1, 1.0, 0.0, 0.0, 0, 1, 0, 0.0, 0, 128, 10.0, 422401.4] 0.9715052500000001
[1, 1, 1, 1.0, 1, 0.0, 0.0, 0.0, 1, 0, 1, 90, 1, 10, 420240.2] 0.96340075
[1.0, 0, 1.0, 1.0, 1, 0, 0.0, 0.0, 1.0, 0.0, 1.0, 0.0, 1, 10.0, 424574.6] 0.9796547499999999
[1, 0.0, 1, 1, 1, 0, 0.0, 0.0, 1, 0, 0, 20, 1, 10.0, 418758.4] 0.9578440000000001
[1.0, 1.0, 0, 1.0, 1.0, 0, 0.0, 0, 1, 0, 1, 0, 256, 10.0, 422061.4] 0.9702302500000001
[1.0, 1.0, 0, 0, 1.0, 0, 0.0, 0.0, 0.0, 1, 1, 80.0, 64, 10.0, 301957.4] 0.5078296
[1.0, 0, 0.0, 1, 1.0, 0.0, 0.0, 0, 0, 1.0, 1, 30.0, 4096, 10.0, 303194.8] 0.5127791999999999
[1.0, 1.0, 1, 1, 1.0, 0.0, 0.0, 0.0, 0.0, 1.0, 1.0, 50.0, 1024, 10.0, 304187.8] 0.5167511999999999
[1.0, 1.0, 0.0, 0.0, 1.0, 0, 0.0, 0.0, 1.0, 0.0, 1.0, 100.0, 1.0, 10, 265346.6] 0.3613863999999999
