[1, 0, 0, 1, 1.0, 0, 0, 0.0, 0, 1, 1.0, 80.0, 64, 10.0, 300830.2] 0.5033208
[1.0, 1.0, 1, 1, 1.0, 0.0, 0.0, 0.0, 1, 0.0, 1.0, 50.0, 1, 10, 420032.8] 0.962623
[1, 0, 1, 1, 1.0, 0.0, 0, 0.0, 1, 0.0, 1.0, 0.0, 1, 10.0, 424574.6] 0.9796547499999999
[1, 1.0, 0, 1, 1, 0.0, 0.0, 0, 1, 0.0, 1, 0, 64.0, 10, 421808.8] 0.9692829999999999
[1, 1, 1.0, 1.0, 1.0, 0.0, 0.0, 0.0, 1.0, 0.0, 0, 0.0, 128, 10, 422401.4] 0.9715052500000001
[1.0, 1.0, 0, 0.0, 1.0, 0.0, 0.0, 0.0, 0.0, 1.0, 0, 60, 256.0, 10, 303476.4] 0.5139056000000001
[1, 0.0, 1, 1.0, 1, 0.0, 0, 0.0, 1.0, 0, 0, 50, 1, 10.0, 420350.0] 0.9638125
[1.0, 0, 0.0, 0, 1.0, 0.0, 0, 0, 0.0, 1.0, 1.0, 30, 64, 10.0, 303752.2] 0.5150088
[1, 1, 0, 1.0, 1, 0.0, 0.0, 0, 1, 0.0, 1, 10, 1, 10.0, 419816.4] 0.9618115
[1, 0, 1, 0, 1, 0, 0.0, 0.0, 0, 1, 0, 60, 256, 10, 304798.6] 0.5191943999999998
[1.0, 0, 1, 1.0, 1, 0, 1.0, 0.0, 0, 0.0, 0, 0, 2.0, 8.0, 131652.0] 0.06075202156334232
[1.0, 1, 1, 1.0, 1, 0.0, 0.0, 0, 1, 0.0, 0, 0, 2, 10.0, 421697.4] 0.9688652500000001
[1.0, 0, 1, 1, 1, 0.0, 0, 0, 0, 1, 1.0, 90, 64.0, 10, 302335.2] 0.5093408
[1, 0, 1, 1.0, 1, 0, 0, 0, 1, 0, 1, 80.0, 1, 10.0, 420620.2] 0.96482575
[1, 1.0, 0, 1, 1, 0.0, 0.0, 0.0, 0.0, 1, 1.0, 0, 4, 10, 300905.0] 0.50362
[1.0, 0, 0, 1.0, 1, 0, 0, 0, 1, 0.0, 0.0, 80, 128, 10.0, 416856.0] 0.9507099999999999
[1, 1.0, 0.0, 1.0, 1, 0.0, 0.0, 0, 1, 0, 0, 60.0, 1, 10, 420583.2] 0.9646870000000001
[1, 0, 1, 1, 1, 0.0, 0.0, 0.0, 1, 0, 1.0, 0, 1024, 10.0, 422519.2] 0.9719470000000001
[1.0, 1, 0, 1, 1.0, 0, 0.0, 0.0, 0.0, 1, 1, 40, 2048, 10.0, 303936.6] 0.5157463999999998
[1, 0, 0, 1.0, 1.0, 1.0, 0.0, 0, 0, 0.0, 1, 10.0, 1, 8, 126171.8] 0.04967345013477089
[1, 0, 0, 1, 1, 0, 0.0, 0, 0.0, 1, 0.0, 60, 128, 10.0, 304110.8] 0.5164431999999999
[1, 1.0, 0, 1.0, 1, 0.0, 1, 0.0, 0.0, 0, 1.0, 0, 8, 10.0, 131676.4] 0.060801347708894865
[1.0, 1, 1, 1.0, 1.0, 0, 0, 0, 1, 0.0, 0, 0, 64, 10, 421857.4] 0.9694652500000001
[1.0, 0, 1, 1.0, 1, 0.0, 0, 0, 1.0, 0, 1, 0, 1.0, 10, 424574.6] 0.9796547499999999
[1.0, 0, 0, 1, 1.0, 0.0, 0.0, 0, 0.0, 1, 0, 100, 2048, 10, 304237.6] 0.5169503999999998
[1, 0, 0, 1, 1, 0, 0, 0, 1, 0, 0.0, 0, 1024, 10.0, 421959.2] 0.969847
[1, 1, 0.0, 1, 1.0, 0.0, 1.0, 0.0, 0.0, 0.0, 0.0, 30.0, 4, 8.0, 114120.4] 0.025310781671159018
[1, 0.0, 0, 1, 1, 0, 0.0, 0, 1, 0, 0, 0, 8, 10.0, 422061.6] 0.9702309999999998
[1, 0.0, 0, 1.0, 1.0, 0.0, 0.0, 0.0, 1.0, 0.0, 0, 0, 1024, 10, 421959.2] 0.969847
[1, 0, 1, 1.0, 1.0, 0, 0, 0.0, 1, 0, 1, 0, 1024, 10.0, 422519.2] 0.9719470000000001
