[1.0, 1.0, 0.0, 1.0, 1.0, 0.0, 0.0, 0.0, 1.0, 0.0, 0.0, 100.0, 512.0, 10, 415433.8] 0.94537675
[1.0, 0.0, 0, 0.0, 1, 0.0, 0.0, 0.0, 0.0, 1.0, 1.0, 90.0, 32, 10.0, 301051.8] 0.5042072
[1.0, 1.0, 1.0, 1.0, 1.0, 0.0, 0, 0.0, 0.0, 1.0, 1.0, 10.0, 256.0, 10.0, 301888.4] 0.5075536
[1.0, 0.0, 0, 1, 1.0, 0.0, 0.0, 0.0, 0.0, 1, 1, 40.0, 256.0, 10.0, 302876.6] 0.5115063999999998
[1.0, 1.0, 1, 1.0, 1.0, 0.0, 0.0, 0, 1.0, 0.0, 1, 0.0, 4096, 10.0, 420931.4] 0.9659927500000001
[1, 1.0, 0.0, 1, 1.0, 0.0, 0, 0.0, 1, 0, 1.0, 80.0, 1.0, 10.0, 419322.0] 0.9599575
[1, 0, 1.0, 1.0, 1.0, 0.0, 0.0, 0.0, 1, 0.0, 0.0, 100.0, 128, 8.0, 124947.6] 0.04719865229110513
[1.0, 0.0, 0.0, 1.0, 1.0, 0.0, 0.0, 0.0, 1.0, 0.0, 0.0, 30.0, 32.0, 10.0, 416935.0] 0.95100625
[1.0, 1.0, 0.0, 1.0, 1.0, 0.0, 0.0, 0.0, 0.0, 1.0, 0.0, 50.0, 16.0, 8.0, 121870.2] 0
[1.0, 0.0, 1.0, 1.0, 1.0, 0.0, 0.0, 0.0, 1.0, 0.0, 0.0, 30.0, 32.0, 10.0, 415662.6] 0.9462347499999999
[1.0, 1.0, 1.0, 1.0, 1, 0, 1.0, 0.0, 0.0, 0.0, 1.0, 0.0, 4.0, 6, 123712.0] 0.04470080862533693
[1.0, 1.0, 0.0, 1.0, 1, 0.0, 0.0, 0.0, 1.0, 0.0, 0.0, 30.0, 2.0, 10.0, 416738.0] 0.9502675
[1.0, 1.0, 0.0, 1, 1, 0.0, 0.0, 0.0, 1.0, 0, 0, 20.0, 128.0, 10, 414809.6] 0.9430359999999999
[1.0, 0.0, 0.0, 1.0, 1.0, 0.0, 0.0, 0.0, 1.0, 0.0, 0.0, 50.0, 32.0, 8.0, 124567.4] 0.046430053908355785
[1, 0.0, 0.0, 1.0, 1.0, 0.0, 0.0, 0, 1.0, 0.0, 0.0, 30, 1.0, 10.0, 418716.6] 0.9576872499999999
[1.0, 0.0, 1.0, 1, 1.0, 0.0, 0.0, 0.0, 1.0, 0.0, 1.0, 70, 1024.0, 10.0, 417051.8] 0.95144425
[1.0, 0.0, 1.0, 1.0, 1, 0.0, 0.0, 0.0, 1.0, 0.0, 1, 90.0, 16.0, 8.0, 125089.2] 0.04748490566037735
[1.0, 0.0, 1.0, 1.0, 1, 0, 0.0, 0.0, 1, 0.0, 0.0, 30, 512, 10, 416130.0] 0.9479875
[1.0, 1.0, 0, 1.0, 1.0, 0.0, 0.0, 0.0, 1, 0.0, 1.0, 70.0, 512.0, 10.0, 416644.0] 0.949915
[1.0, 1.0, 0.0, 1.0, 1.0, 0.0, 0.0, 0.0, 1.0, 0, 1.0, 40, 2.0, 10.0, 417807.2] 0.954277
[1.0, 0.0, 1.0, 1.0, 1, 0.0, 0.0, 0.0, 0.0, 1.0, 0.0, 40.0, 512, 10.0, 302798.4] 0.5111936
[1.0, 0, 0, 1, 1, 1.0, 0, 0.0, 0.0, 0.0, 1.0, 0, 4.0, 6.0, 123686.2] 0.04464865229110511
[1.0, 0.0, 0.0, 1.0, 1, 0.0, 0, 0.0, 0.0, 1.0, 1, 50, 8, 10.0, 301553.2] 0.5062128
[1.0, 1, 0, 1.0, 1.0, 0.0, 0.0, 0.0, 1.0, 0.0, 1.0, 10.0, 4096.0, 10.0, 416241.4] 0.9484052500000001
[1.0, 1.0, 0.0, 1, 1.0, 0.0, 1.0, 0.0, 0.0, 0.0, 1.0, 20.0, 2, 8.0, 117744.4] 0.032636927223719664
[1.0, 1.0, 0, 1, 1.0, 0.0, 0.0, 0.0, 0.0, 1.0, 0.0, 100.0, 64.0, 8.0, 121939.2] 0.041116981132075466
[1.0, 1, 1, 1.0, 1.0, 0.0, 0.0, 0.0, 0.0, 1.0, 1, 10, 256, 10.0, 301888.4] 0.5075536
[1.0, 1.0, 0, 1.0, 1.0, 0.0, 0.0, 0.0, 1.0, 0.0, 1.0, 90, 8, 10.0, 417403.0] 0.95276125
[1.0, 0.0, 1, 1.0, 1.0, 1.0, 0.0, 0.0, 0.0, 0.0, 1.0, 0.0, 32.0, 10, 131752.4] 0.06095498652291104
[1.0, 0.0, 1, 0.0, 1.0, 0.0, 0.0, 0.0, 0.0, 1.0, 1.0, 80.0, 4.0, 10.0, 301332.2] 0.5053288
