[1.0, 0.0, 0.0, 0, 0.0, 1.0, 4.0, 0.0, 1, 10.0, 8.0, 20.0, 15418.2] 0.39500250000000015
[1.0, 0.0, 1, 0.0, 0.0, 0.0, 2, 0.0, 2.0, 8.0, 10, 0.0, 15614.8] 0.42203499999999994
[1.0, 0, 0.0, 0.0, 0.0, 0, 3.0, 0.0, 2.0, 10.0, 8.0, 0.0, 15535.8] 0.41117249999999994
[1.0, 0, 1, 1, 1.0, 0, 3, 0.0, 2.0, 8.0, 10.0, 0.0, 15167.0] 0.3604625
[1, 1.0, 0.0, 0.0, 0.0, 0.0, 1.0, 0.0, 1.0, 8.0, 8.0, 0.0, 15149.2] 0.3580150000000001
[1.0, 0.0, 1.0, 0.0, 0, 1, 2.0, 0.0, 1.0, 8, 8.0, 10, 15770.0] 0.4433750000000001
[1, 0, 0.0, 0.0, 0.0, 0, 4, 0.0, 1.0, 10, 8.0, 0.0, 17556.0] 0.6889500000000001
[1.0, 0.0, 0.0, 0.0, 0.0, 1.0, 4.0, 0.0, 1.0, 0.0, 8.0, 0.0, 6395.0] 0
[1.0, 0, 0.0, 0.0, 0.0, 0.0, 3.0, 0, 1.0, 10.0, 10.0, 32, 15275.4] 0.37536749999999997
[1, 0, 0.0, 0.0, 0, 0, 4.0, 0.0, 3, 8.0, 10.0, 64, 14885.6] 0.32177000000000006
[1, 0.0, 1, 1.0, 1.0, 0.0, 3.0, 0.0, 1, 8.0, 8, 0.0, 16281.4] 0.5136925
[1.0, 0.0, 0.0, 0.0, 0.0, 0, 4.0, 0.0, 1.0, 8, 8.0, 8.0, 18350.6] 0.8376499999999997
[1.0, 0, 1.0, 1.0, 1, 0.0, 1, 0.0, 2.0, 10, 8, 0, 14642.0] 0.288275
[1, 0.0, 1.0, 1.0, 1.0, 0.0, 3, 0.0, 4, 10.0, 8, 10, 13104.2] 0.07383098591549307
[1, 0.0, 0, 0.0, 0.0, 0.0, 3.0, 0.0, 2.0, 8.0, 10, 64.0, 18690.8] 0.9226999999999999
[1.0, 1.0, 1, 1.0, 1.0, 0.0, 1.0, 0.0, 4, 8, 10.0, 128, 12830.8] 0.03532394366197173
[1.0, 0.0, 0.0, 0.0, 0.0, 0.0, 4.0, 0.0, 4.0, 10.0, 8.0, 8.0, 13682.4] 0.1552676056338028
[1.0, 0, 0.0, 0, 0, 1, 2.0, 0.0, 1.0, 8.0, 8.0, 64.0, 16472.2] 0.5399275000000001
[1.0, 0.0, 0.0, 0.0, 0.0, 0, 3.0, 0.0, 2.0, 8.0, 10.0, 32, 18314.8] 0.8286999999999998
[1.0, 1.0, 0.0, 0.0, 0.0, 1.0, 2.0, 0.0, 1.0, 0.0, 16.0, 20.0, 5336.6] 0
[1.0, 0.0, 0.0, 0.0, 0.0, 0, 2, 0.0, 1, 8, 8.0, 64, 16651.4] 0.5645675000000003
[1, 0.0, 0, 0.0, 0, 0.0, 3, 0.0, 1.0, 10.0, 8.0, 0.0, 16464.2] 0.5388275000000001
[1, 0.0, 1.0, 0.0, 0.0, 0.0, 2, 0.0, 2.0, 8.0, 8.0, 0.0, 16868.0] 0.59435
[1, 1.0, 0.0, 0.0, 0.0, 0.0, 4.0, 0, 4.0, 8.0, 8.0, 10.0, 15014.4] 0.33948
[1.0, 0, 0, 0, 0.0, 0.0, 3.0, 0.0, 1.0, 10.0, 8.0, 128.0, 16057.2] 0.48286500000000016
[1.0, 0, 0.0, 0.0, 0.0, 0.0, 4.0, 0.0, 2.0, 8.0, 8, 128, 19600.2] 1.0
[1.0, 0.0, 0.0, 0, 0.0, 0.0, 3, 0.0, 2, 8.0, 10.0, 32.0, 18314.8] 0.8286999999999998
[1, 1.0, 0, 0.0, 0, 0.0, 3.0, 0, 1.0, 8, 8.0, 0, 16061.2] 0.48341500000000015
[1, 0, 0.0, 0.0, 0.0, 1.0, 3, 0, 1.0, 8.0, 8.0, 128, 19133.6] 1.0
[1.0, 0.0, 0.0, 0.0, 0.0, 0.0, 4.0, 0.0, 3.0, 8, 10.0, 32.0, 14689.6] 0.2948200000000001
