[1.0, 1, 1.0, 0, 0, 0.0, 0.0, 1.0, 1, 0.0, 0.0, 1.0, 1.0, 1.0, 0.0, 0.0, 0.0, 0.0, 0.0, 0.0, 1, 0, 0.0, 1.0, 0.0, 0.0, 0, 1.0, 0.0, 0.0, 0, 4728.254] 0.985577331200209
[1.0, 1.0, 1.0, 1.0, 0.0, 1.0, 0.0, 0.0, 0.0, 0.0, 1.0, 1.0, 1.0, 1.0, 0.0, 1.0, 1.0, 1.0, 1.0, 0.0, 0.0, 0.0, 1.0, 0.0, 0.0, 1.0, 0.0, 0.0, 0.0, 0.0, 0.0, 907.166] 0.33084372532367873
[1.0, 0.0, 1.0, 0.0, 0, 0.0, 0.0, 0, 1.0, 0.0, 0.0, 1, 1.0, 0.0, 1, 0.0, 0.0, 0.0, 0.0, 0, 1, 0.0, 0.0, 0.0, 0.0, 0.0, 0.0, 0.0, 0.0, 1.0, 0.0, 1321.962] 0.5287848
[1.0, 1.0, 0.0, 1.0, 0.0, 0.0, 0.0, 0.0, 0.0, 0.0, 0.0, 1.0, 1.0, 0.0, 0.0, 0.0, 0.0, 0.0, 0.0, 0.0, 1.0, 0.0, 0.0, 0.0, 0.0, 0.0, 1.0, 0.0, 0.0, 0.0, 0.0, 23.554] 0
[1.0, 0.0, 1.0, 0, 1.0, 0.0, 0.0, 0.0, 1.0, 0.0, 0.0, 1.0, 1.0, 0.0, 0.0, 0.0, 0.0, 0.0, 0.0, 0, 0.0, 0.0, 1.0, 0.0, 0.0, 0.0, 0.0, 0.0, 1.0, 0.0, 0.0, 862.748] 0.297754734128935
[1.0, 0.0, 1.0, 1.0, 0.0, 0.0, 0.0, 1.0, 0.0, 0.0, 1.0, 1.0, 1.0, 0.0, 1.0, 0.0, 0.0, 1.0, 1.0, 0.0, 0.0, 1.0, 0.0, 1.0, 0.0, 0.0, 0.0, 0.0, 0.0, 0.0, 0.0, 4166.636] 0.9473757672717775
[1.0, 1.0, 0.0, 0.0, 1.0, 0.0, 0.0, 1.0, 0.0, 0.0, 0.0, 1.0, 1.0, 1.0, 1.0, 0.0, 0.0, 0.0, 0.0, 0.0, 0.0, 1.0, 0.0, 1.0, 0.0, 0.0, 0.0, 1.0, 0.0, 0.0, 0.0, 3516.602] 0.903160098602586
[1.0, 1.0, 0.0, 0.0, 0.0, 1.0, 0.0, 0.0, 1.0, 0.0, 0.0, 0.0, 1.0, 1.0, 1.0, 1.0, 0.0, 1.0, 0.0, 1.0, 0.0, 1.0, 0.0, 0.0, 0.0, 0.0, 0.0, 1.0, 0.0, 0.0, 1.0, 60.95] 0
[1.0, 0.0, 0.0, 0, 0.0, 0.0, 0.0, 0.0, 0.0, 0, 0.0, 1.0, 1.0, 0, 1.0, 0, 0.0, 0.0, 0.0, 0.0, 1, 0.0, 0.0, 1.0, 0.0, 0.0, 0.0, 0, 0.0, 0, 0, 2728.81] 0.8495740553306343
[1.0, 0.0, 0.0, 0.0, 1.0, 0.0, 0.0, 1.0, 1.0, 0.0, 1.0, 1.0, 1.0, 0.0, 1.0, 1.0, 0.0, 1.0, 1.0, 0.0, 0.0, 0.0, 1.0, 1.0, 0.0, 0.0, 0.0, 0.0, 0.0, 0.0, 0.0, 2567.262] 0.8385854718993514
[1.0, 0.0, 1.0, 0.0, 1.0, 0.0, 0.0, 1.0, 0.0, 0.0, 0.0, 1.0, 1, 1.0, 0.0, 0.0, 0.0, 0.0, 0.0, 0.0, 0.0, 0.0, 1.0, 1.0, 0.0, 1.0, 0.0, 1.0, 0.0, 0.0, 0.0, 4065.202] 0.9404761710417483
[1, 0, 0.0, 0.0, 1.0, 0.0, 0, 1.0, 0.0, 0.0, 0.0, 1.0, 1.0, 1.0, 1.0, 1, 0.0, 0.0, 0.0, 0.0, 0.0, 1.0, 0, 1.0, 0.0, 1.0, 0.0, 0.0, 0.0, 0.0, 0.0, 3118.216] 0.8760616647076749
[1.0, 0.0, 1.0, 0.0, 0.0, 0.0, 0.0, 0.0, 0.0, 0.0, 0.0, 1.0, 1.0, 0.0, 0.0, 0.0, 0.0, 0.0, 0.0, 0.0, 1.0, 0.0, 0.0, 1.0, 0.0, 0.0, 0.0, 0.0, 0.0, 0.0, 0.0, 3605.418] 0.9092014115624049
[1.0, 1.0, 1.0, 0.0, 0.0, 1.0, 1.0, 1.0, 1.0, 0.0, 0.0, 1.0, 1.0, 1.0, 0.0, 1.0, 0.0, 0.0, 1.0, 0.0, 1.0, 0.0, 0.0, 0.0, 0.0, 1.0, 0.0, 1.0, 0.0, 0.0, 0.0, 3092.398] 0.8743055102085239
[1.0, 1, 0.0, 0.0, 1.0, 0.0, 0, 1.0, 0, 0.0, 0, 1.0, 1.0, 1.0, 0.0, 0.0, 0, 0.0, 0.0, 0.0, 0.0, 0.0, 1.0, 1.0, 0.0, 1.0, 0.0, 1.0, 0.0, 0.0, 0.0, 2915.426] 0.862267777850333
[1, 0, 1.0, 1.0, 1.0, 1.0, 0.0, 1.0, 1, 0, 1.0, 1.0, 1.0, 1.0, 0.0, 1.0, 0.0, 0.0, 0.0, 0, 0.0, 1.0, 0.0, 1, 0.0, 1, 0.0, 0.0, 0.0, 0, 0.0, 4176.842] 0.9480699849810631
[1.0, 0.0, 0.0, 0, 0.0, 0.0, 1, 1.0, 1.0, 0.0, 0.0, 1.0, 1.0, 1.0, 1.0, 0.0, 0.0, 0.0, 0.0, 0.0, 1.0, 0.0, 0.0, 0.0, 0.0, 0.0, 0.0, 0.0, 0.0, 0, 0.0, 1155.32] 0.462128
[1.0, 0.0, 1.0, 1.0, 0.0, 1.0, 0.0, 1, 1.0, 0.0, 0.0, 1, 1, 0.0, 0.0, 0.0, 0.0, 1.0, 1.0, 0.0, 0.0, 1.0, 0, 0.0, 1, 0.0, 0.0, 0.0, 0.0, 0.0, 0.0, 1434.884] 0.5739536000000001
[1.0, 0, 1, 0.0, 0.0, 0.0, 0.0, 0, 0.0, 0, 0, 1.0, 1.0, 1.0, 0, 0.0, 0.0, 0, 1, 0.0, 0.0, 0.0, 1.0, 1.0, 0.0, 0, 0.0, 0.0, 0, 0.0, 0.0, 3242.136] 0.8844907709720953
[1, 0, 1, 1.0, 0.0, 1.0, 1.0, 1, 1, 0.0, 1.0, 1.0, 1, 0.0, 1.0, 1, 0.0, 1.0, 0, 0.0, 1, 0.0, 0.0, 0.0, 0.0, 1.0, 0, 0.0, 0, 0.0, 0.0, 2064.476] 0.8043856928300902
[1, 0, 0.0, 0.0, 0.0, 0.0, 0, 0.0, 0.0, 0.0, 1, 1, 1, 0.0, 0, 1, 0.0, 0, 0.0, 0.0, 1.0, 0.0, 0.0, 1, 0.0, 0.0, 0, 0.0, 0, 0.0, 0.0, 2735.8] 0.8500495189586871
[1.0, 0.0, 1, 0.0, 1, 0, 0.0, 1, 1.0, 0, 0, 1.0, 1, 1, 0.0, 0.0, 0, 0.0, 0.0, 0.0, 0, 0.0, 1, 1.0, 0.0, 0.0, 0.0, 1, 0, 0.0, 0.0, 4042.632] 0.9389409472813548
[1.0, 0.0, 1.0, 0.0, 0.0, 0.0, 1.0, 0.0, 0, 0.0, 0.0, 1.0, 1.0, 1, 0.0, 0, 0.0, 0, 0.0, 0.0, 0, 1.0, 0.0, 0.0, 0.0, 0.0, 0.0, 0.0, 0, 0.0, 0.0, 2126.714] 0.8086191556745462
[1.0, 0.0, 0.0, 1.0, 0.0, 1.0, 0.0, 1.0, 1.0, 0.0, 0.0, 1.0, 1.0, 0.0, 1.0, 1.0, 0.0, 1.0, 1.0, 0.0, 1.0, 0.0, 0.0, 0.0, 0.0, 1.0, 1.0, 1.0, 0.0, 0.0, 0.0, 554.49] 0.06811931047840333
[1.0, 1.0, 0.0, 0.0, 1.0, 0.0, 0.0, 1.0, 1.0, 0.0, 0.0, 1.0, 1.0, 0.0, 1.0, 0.0, 0.0, 0.0, 0.0, 0.0, 1.0, 0.0, 0.0, 1.0, 0.0, 0.0, 0.0, 1.0, 0.0, 0.0, 0.0, 3268.828] 0.8863063754298899
[1.0, 1.0, 1.0, 1.0, 0.0, 0.0, 0.0, 0.0, 1.0, 1.0, 0.0, 0.0, 1.0, 1.0, 0.0, 0.0, 0.0, 1.0, 1.0, 0.0, 0.0, 1.0, 0.0, 1.0, 0.0, 0.0, 0.0, 0.0, 0.0, 0.0, 0.0, 311.06] 0
[1, 0.0, 0.0, 0.0, 0, 0.0, 1.0, 0, 0.0, 0.0, 1.0, 1, 1.0, 0.0, 0.0, 0.0, 0, 0.0, 0.0, 0.0, 0.0, 1.0, 0.0, 0.0, 0.0, 1.0, 0.0, 0, 0, 0.0, 0.0, 1342.54] 0.537016
[1.0, 1.0, 1.0, 1.0, 0.0, 1.0, 0.0, 1.0, 1.0, 0.0, 1.0, 1.0, 1.0, 1.0, 1.0, 1.0, 0.0, 0.0, 0.0, 0, 0.0, 1.0, 0.0, 1, 0.0, 0.0, 0, 0.0, 0.0, 0.0, 0.0, 4105.068] 0.943187878194245
[1.0, 0.0, 1, 0.0, 0.0, 0, 0.0, 0, 0.0, 0, 0.0, 1.0, 1, 1, 0, 0.0, 0.0, 0.0, 1, 0.0, 0, 0.0, 1, 1.0, 0.0, 0.0, 0.0, 0.0, 0, 0, 0.0, 3242.136] 0.8844907709720953
[1, 0, 1, 1.0, 0.0, 1, 0.0, 0.0, 1.0, 0.0, 0.0, 1.0, 1.0, 0.0, 0, 0.0, 0.0, 1.0, 1.0, 0.0, 1.0, 0.0, 0.0, 0.0, 1.0, 1.0, 0.0, 0.0, 0.0, 0.0, 0.0, 986.004] 0.3895737421594482
