[0.0, 1.0, 1, 1, 1, 1.0, 1, 0.0, 0.0, 1.0, 0.0, 1.0, 170.6936717] 0.5549373600000082
[1.0, 1.0, 0.0, 1.0, 1.0, 1.0, 1, 0.0, 0.0, 1, 1.0, 0.0, 170.7705431] 0.6164344799999981
[1.0, 1, 0, 1.0, 1.0, 1, 1.0, 1, 0, 1.0, 0.0, 0.0, 170.4227512] 0.32562466593010647
[0, 1.0, 0.0, 1.0, 1, 1.0, 1.0, 1, 0.0, 0.0, 1.0, 0.0, 170.735281] 0.5882247999999891
[0.0, 1, 1.0, 1.0, 1.0, 1.0, 1.0, 1.0, 1.0, 0, 1.0, 1.0, 170.6282685] 0.5026147999999921
[0.0, 1.0, 0.0, 1.0, 1.0, 1.0, 1.0, 1.0, 0.0, 0.0, 1.0, 0.0, 170.735281] 0.5882247999999891
[1.0, 1.0, 0, 1.0, 1.0, 1.0, 1, 0, 1.0, 0.0, 1.0, 1, 170.3253386] 0.231835575774465
[0.0, 1, 1, 1.0, 1, 1, 1.0, 0, 0, 0, 0.0, 1.0, 171.5690527] 0.977173482232452
[0.0, 1.0, 1.0, 1.0, 1.0, 1.0, 1, 1.0, 1.0, 0.0, 0.0, 1.0, 170.5469792] 0.43758336000000786
[0.0, 1.0, 0.0, 1.0, 1.0, 1.0, 1, 0, 0, 1.0, 1, 0, 170.5559134] 0.44473072000000685
[0.0, 1.0, 0.0, 1.0, 1.0, 1.0, 1.0, 0, 0.0, 1.0, 0.0, 0.0, 170.2871644] 0.19508136240349014
[0.0, 1.0, 1.0, 1.0, 1.0, 1, 1.0, 0.0, 0.0, 0.0, 1.0, 0.0, 171.6423678] 1.0
[0.0, 1.0, 1, 1, 1, 1.0, 1, 0.0, 0, 0, 0, 1.0, 171.5690527] 0.977173482232452
[0, 1.0, 0, 1.0, 1.0, 1, 1, 0, 1, 1, 0, 1, 171.1972303] 0.8614072810000766
[0, 1.0, 1.0, 1.0, 1.0, 1.0, 1.0, 0.0, 0.0, 0.0, 1, 0.0, 171.6423678] 1.0
[0.0, 1.0, 1, 1.0, 1.0, 1.0, 1.0, 0.0, 0.0, 0.0, 0.0, 1.0, 171.5690527] 0.977173482232452
[0.0, 1.0, 0.0, 1.0, 1.0, 1, 1.0, 1, 0.0, 0.0, 1.0, 0, 170.735281] 0.5882247999999891
[0.0, 1, 0.0, 1.0, 1.0, 1.0, 1.0, 0, 1.0, 1.0, 0.0, 1.0, 171.1972303] 0.8614072810000766
[1.0, 1.0, 0.0, 1, 1, 1.0, 1.0, 0.0, 0.0, 1.0, 0, 1, 170.3418882] 0.24776957123746635
[0, 1.0, 1.0, 1.0, 1.0, 1, 1.0, 0.0, 0.0, 0.0, 0, 0.0, 171.3028867] 0.8943032013746621
[1.0, 1.0, 0.0, 1.0, 1.0, 1.0, 1, 0.0, 0, 1.0, 1, 0.0, 170.7705431] 0.6164344799999981
[0.0, 1.0, 0, 1, 1.0, 1.0, 1.0, 0.0, 0.0, 0.0, 0, 1.0, 171.4235804] 0.9318809566731083
[0.0, 1, 1, 1.0, 1.0, 1, 1.0, 0, 0, 0, 0, 1.0, 171.5690527] 0.977173482232452
[0.0, 1.0, 1.0, 1.0, 1.0, 1.0, 1.0, 1.0, 1.0, 0.0, 0.0, 1.0, 170.5469792] 0.43758336000000786
[0, 1.0, 1.0, 1.0, 1.0, 1.0, 1.0, 0.0, 0, 0, 0.0, 1.0, 171.5690527] 0.977173482232452
[0.0, 1.0, 0.0, 1.0, 1.0, 1.0, 1.0, 0, 1.0, 0.0, 0, 1.0, 170.4570768] 0.35867343778352767
[0.0, 1.0, 1, 1.0, 1.0, 1.0, 1.0, 1.0, 1.0, 0.0, 1.0, 1, 170.6282685] 0.5026147999999921
[0.0, 1.0, 0, 1.0, 1.0, 1.0, 1.0, 1.0, 1.0, 0, 0.0, 0, 170.6651847] 0.5321477599999981
[1.0, 1.0, 0.0, 1.0, 1.0, 1.0, 1.0, 0.0, 1.0, 0.0, 0, 1.0, 170.3206944] 0.2273641286259337
[0.0, 1.0, 1.0, 1.0, 1.0, 1.0, 1, 0.0, 0.0, 0.0, 0.0, 0.0, 171.3028867] 0.8943032013746621
