[1, 0, 0.0, 0.0, 0, 0, 4.0, 0.0, 2, 8, 8.0, 0, 19707.8] 0.9726062499999999
[1.0, 0.0, 0, 0.0, 0, 0.0, 4, 0.0, 2, 8.0, 8.0, 0, 19707.8] 0.9726062499999999
[1, 0.0, 0, 0.0, 0, 0, 4, 0, 2, 8.0, 8, 0, 19707.8] 0.9726062499999999
[1.0, 0.0, 1, 1.0, 1, 0, 1, 0.0, 1, 8, 8, 0, 16523.4] 0.6604857142857145
[1, 0.0, 1.0, 1.0, 1.0, 0, 1, 0.0, 1.0, 8, 8.0, 0.0, 16523.4] 0.6604857142857145
[1, 0, 0, 0, 0.0, 0.0, 4, 0.0, 2, 8.0, 8, 0, 19707.8] 0.9726062499999999
[1, 0, 0, 0.0, 0.0, 0, 4, 0.0, 2, 8, 8.0, 0, 19707.8] 0.9726062499999999
[1, 0.0, 1, 0.0, 0, 0.0, 2.0, 0.0, 2.0, 8, 8.0, 0, 16868.0] 0.706375
[1.0, 0.0, 1, 1.0, 1, 1.0, 3.0, 0.0, 2, 8.0, 8, 0, 16305.0] 0.6292857142857142
[1.0, 0.0, 0, 0.0, 0.0, 0, 3, 0, 2, 8.0, 8, 0, 19692.2] 0.9711437500000001
[1, 0, 0.0, 0, 0, 0, 4, 0, 2, 8, 8.0, 0, 19707.8] 0.9726062499999999
[1, 0, 0, 0, 0.0, 0, 4, 0, 2.0, 8.0, 8, 0, 19707.8] 0.9726062499999999
[1, 0.0, 0, 0, 0, 0, 4, 0.0, 2, 8.0, 8, 0, 19707.8] 0.9726062499999999
[1.0, 0, 0.0, 0.0, 0, 0, 4.0, 0.0, 2, 8, 8.0, 0, 19707.8] 0.9726062499999999
[1, 0.0, 0.0, 0.0, 0.0, 0, 4.0, 0.0, 2.0, 8, 8.0, 0, 19707.8] 0.9726062499999999
[1, 0, 0, 0, 0.0, 0.0, 4, 0, 2.0, 8.0, 8, 0, 19707.8] 0.9726062499999999
[1, 0.0, 0, 0.0, 0.0, 0.0, 4, 0.0, 2, 8.0, 8, 0.0, 19707.8] 0.9726062499999999
[1, 0, 0, 0.0, 0, 0.0, 4.0, 0, 2, 8.0, 8.0, 0.0, 19707.8] 0.9726062499999999
[1, 0, 0, 0, 0, 0.0, 4, 0.0, 2, 8, 8.0, 0, 19707.8] 0.9726062499999999
[1, 0, 0, 0.0, 0.0, 0.0, 4, 0, 2.0, 8, 8.0, 0.0, 19707.8] 0.9726062499999999
[1, 0, 1.0, 1.0, 1.0, 0.0, 3.0, 0.0, 1.0, 8.0, 10, 128, 14832.8] 0.41897142857142844
[1.0, 0.0, 1, 1, 1, 0, 1, 0.0, 1, 8.0, 8.0, 0.0, 16523.4] 0.6604857142857145
[1, 0, 0, 0.0, 0, 0, 4, 0, 2, 8.0, 8, 0, 19707.8] 0.9726062499999999
[1, 0, 0.0, 0.0, 0.0, 0, 3, 0, 1, 8, 8, 128, 19583.4] 0.9609437500000001
[1, 0.0, 0, 0.0, 0.0, 0, 4, 0, 2.0, 8, 8.0, 0, 19707.8] 0.9726062499999999
[1, 0, 0.0, 0.0, 0.0, 0.0, 4, 0.0, 2, 8, 8, 0, 19707.8] 0.9726062499999999
[1, 0, 0.0, 0, 0, 0, 3, 0.0, 1, 8.0, 8, 0, 19673.8] 0.96941875
[1, 0, 0, 0.0, 0, 0, 4, 0.0, 2, 8.0, 8, 0, 19707.8] 0.9726062499999999
[1.0, 0.0, 0.0, 0.0, 0.0, 0, 4.0, 0.0, 1.0, 8.0, 10.0, 128, 18754.8] 0.8832624999999998
[1.0, 0, 0, 0.0, 0, 0, 4, 0, 2, 8, 8.0, 0, 19707.8] 0.9726062499999999
