[1, 0, 0.0, 0.0, 0, 0.0, 4.0, 0.0, 2, 8, 8.0, 0, 19707.8] 0.9726062499999999
[1.0, 0.0, 0, 0.0, 0, 0.0, 4, 0.0, 2, 8.0, 8.0, 0, 19707.8] 0.9726062499999999
[1.0, 0.0, 0, 0.0, 0, 0, 3.0, 0, 1, 8.0, 8, 0, 19673.8] 0.96941875
[1.0, 0.0, 1, 1.0, 1, 0, 1, 0.0, 1, 8, 8, 0, 16523.4] 0.6604857142857145
[1, 0.0, 1.0, 1.0, 1.0, 0, 1, 0.0, 1.0, 8, 8.0, 0.0, 16523.4] 0.6604857142857145
[1, 0, 0, 0, 0.0, 0.0, 4, 0.0, 2, 8.0, 8, 0, 19707.8] 0.9726062499999999
[1, 0.0, 1, 0.0, 0.0, 0, 2, 0.0, 2, 8, 8.0, 0, 16868.0] 0.706375
[1.0, 0.0, 1, 0.0, 0.0, 0.0, 2.0, 0.0, 2.0, 10.0, 8.0, 128, 15570.0] 0.5242857142857142
[1.0, 1.0, 1.0, 1.0, 1, 1.0, 2.0, 0.0, 3, 8.0, 8, 8.0, 14117.6] 0.3168
[1.0, 0, 0, 0.0, 0.0, 0, 3, 0.0, 1.0, 8.0, 8, 0, 19673.8] 0.96941875
[1, 0, 0.0, 0, 0, 0.0, 4, 0, 1.0, 8, 8.0, 32, 18472.0] 0.8567499999999999
[1, 0, 0, 0, 0.0, 0, 4, 0, 2.0, 8.0, 8.0, 0, 19707.8] 0.9726062499999999
[1, 0.0, 0.0, 0, 0.0, 0, 3.0, 0.0, 1.0, 8.0, 8, 0, 19673.8] 0.96941875
[1.0, 0, 0.0, 0.0, 0, 0, 4.0, 0.0, 2, 8, 8.0, 0, 19707.8] 0.9726062499999999
[1, 0.0, 0.0, 0.0, 0.0, 0, 4.0, 0.0, 2.0, 8, 8.0, 0, 19707.8] 0.9726062499999999
[1, 0, 0, 0, 0.0, 0.0, 4, 0, 2.0, 8.0, 8, 0, 19707.8] 0.9726062499999999
[1, 0, 0.0, 0.0, 0, 0, 3.0, 0, 2, 8.0, 8, 0.0, 19692.2] 0.9711437500000001
[1, 0, 0, 0.0, 0, 0.0, 4.0, 0, 2, 8.0, 8.0, 0.0, 19707.8] 0.9726062499999999
[1, 0, 1.0, 0.0, 0, 0.0, 2, 0.0, 2, 8, 8.0, 0, 16868.0] 0.706375
[1, 0, 0, 0.0, 0.0, 0.0, 4, 0, 2.0, 8, 8.0, 0.0, 19707.8] 0.9726062499999999
[1.0, 0, 1.0, 1.0, 1.0, 0.0, 3.0, 0.0, 3, 8.0, 10.0, 10.0, 13556.6] 0.20572643515237427
[1.0, 0.0, 1, 1, 1, 0, 1, 0.0, 1, 8.0, 8.0, 0.0, 16523.4] 0.6604857142857145
[1.0, 0, 0.0, 0.0, 0, 0, 4, 0, 2, 8.0, 8, 0, 19707.8] 0.9726062499999999
[1, 0, 0.0, 0.0, 0.0, 0, 3, 0, 4.0, 8, 8, 64, 16323.8] 0.6319714285714284
[1, 0.0, 0, 0.0, 0.0, 0, 4, 0, 2.0, 8, 8.0, 0, 19707.8] 0.9726062499999999
[1, 0, 0.0, 0.0, 0, 0.0, 4, 0.0, 2, 8, 8, 0, 19707.8] 0.9726062499999999
[1, 0, 0.0, 0, 0.0, 0, 4.0, 0.0, 1, 8.0, 8, 0, 19332.8] 0.9374499999999999
[1, 0, 0, 0.0, 0, 0, 4, 0.0, 2, 8.0, 8, 0, 19707.8] 0.9726062499999999
[1.0, 0.0, 1.0, 0.0, 0.0, 0, 2.0, 0.0, 1.0, 8.0, 10.0, 16.0, 14785.4] 0.4121999999999999
[1.0, 0, 0.0, 0.0, 0, 0, 4, 0.0, 2, 8, 8.0, 0, 19707.8] 0.9726062499999999
