[1, 0, 0.0, 0.0, 0, 0, 4, 0, 2, 8.0, 8.0, 0.0, 19707.8] 0.9726062499999999
[1, 0.0, 0, 0, 0.0, 0, 4, 0.0, 2, 8.0, 8.0, 0.0, 19707.8] 0.9726062499999999
[1.0, 0.0, 0, 0, 0.0, 0.0, 4, 0.0, 2.0, 8.0, 8, 128.0, 19600.2] 0.9625187500000001
[1.0, 0.0, 0.0, 0.0, 0.0, 0, 3, 0, 1.0, 8.0, 8, 128, 19583.4] 0.9609437500000001
[1, 0, 0.0, 0.0, 0.0, 0, 4.0, 0.0, 2.0, 8.0, 8, 0, 19707.8] 0.9726062499999999
[1.0, 0.0, 0.0, 0.0, 0, 0, 3, 0.0, 2, 8.0, 8, 0, 19692.2] 0.9711437500000001
[1.0, 0, 0, 0, 0, 0, 4, 0.0, 2, 8.0, 8, 0.0, 19707.8] 0.9726062499999999
[1.0, 0, 0, 0, 0, 1, 3, 0.0, 1.0, 8.0, 8, 64, 19190.0] 0.9240625
[1, 0, 1.0, 1, 1, 0, 1, 0, 1, 8, 8, 0, 16523.4] 0.6604857142857145
[1, 0.0, 0, 0.0, 0, 1, 2.0, 0, 1.0, 8, 8.0, 0, 17116.2] 0.72964375
[1, 0, 0, 0, 0, 0.0, 3, 0, 1, 8.0, 8, 0, 19673.8] 0.96941875
[1, 0, 0, 0, 0, 0, 3.0, 0.0, 2, 8.0, 8, 0, 19692.2] 0.9711437500000001
[1.0, 0.0, 0, 0, 0.0, 0, 4, 0.0, 2, 8, 8, 0, 19707.8] 0.9726062499999999
[1, 0, 0, 0, 0.0, 1, 3, 0, 2, 8.0, 8, 0, 18254.0] 0.8363125
[1.0, 0, 0, 0.0, 0.0, 0, 4, 0, 2, 8, 8.0, 0, 19707.8] 0.9726062499999999
[1.0, 0, 0, 0, 0, 0.0, 4, 0.0, 2, 8, 8.0, 0, 19707.8] 0.9726062499999999
[1.0, 0, 0.0, 0, 0, 0, 4, 0, 2, 8.0, 8.0, 0, 19707.8] 0.9726062499999999
[1.0, 0, 0.0, 0.0, 0.0, 0.0, 4, 0.0, 1, 10.0, 8.0, 16.0, 16229.8] 0.6185428571428571
[1.0, 0.0, 1.0, 0.0, 0.0, 0.0, 2.0, 0.0, 3.0, 128.0, 20.0, 0.0, 6254.6] 0
[1.0, 0.0, 0.0, 0.0, 0.0, 0.0, 4, 0, 2, 8, 8, 0, 19707.8] 0.9726062499999999
[1.0, 1.0, 1.0, 1.0, 1.0, 0.0, 3.0, 0.0, 4.0, 32.0, 8.0, 128.0, 7986.4] 0
[1.0, 1.0, 1.0, 1.0, 1.0, 1.0, 3.0, 0.0, 4.0, 20.0, 10.0, 128.0, 8648.0] 0
[1, 0, 0.0, 0, 0, 0.0, 4.0, 0.0, 2, 8, 8, 128, 19600.2] 0.9625187500000001
[1, 0, 1.0, 1, 1, 0, 1, 0.0, 2, 8.0, 8, 0, 16509.6] 0.6585142857142855
[1.0, 1.0, 1.0, 0.0, 0, 0.0, 4.0, 0.0, 4.0, 8, 8, 0.0, 14852.4] 0.4217714285714285
[1.0, 0, 0.0, 0.0, 0.0, 0.0, 4, 0, 2.0, 8, 8.0, 0, 19707.8] 0.9726062499999999
[1.0, 0, 0.0, 0, 0, 0, 3, 0.0, 1, 8.0, 8, 0, 19673.8] 0.96941875
[1, 0, 0, 0.0, 0.0, 0, 3.0, 0, 2, 8.0, 8, 0, 19692.2] 0.9711437500000001
[1, 0, 0, 0, 0, 0, 2, 0.0, 1, 8.0, 8, 0, 17050.2] 0.72345625
[1.0, 0.0, 0, 0, 0, 0.0, 3, 0, 1.0, 8, 8, 0.0, 19673.8] 0.96941875
