[1.0, 0, 0.0, 0.0, 0, 0.0, 4.0, 0.0, 2, 8, 8.0, 64, 19505.4] 0.9536312500000002
[1.0, 0.0, 0, 0.0, 0.0, 0.0, 3, 0.0, 2, 8.0, 8.0, 32.0, 18826.2] 0.88995625
[1.0, 0.0, 1.0, 0.0, 0, 0.0, 3.0, 0, 3, 8.0, 8, 64.0, 14691.0] 0.3987142857142857
[1.0, 0.0, 1.0, 1.0, 1, 1.0, 3, 0.0, 1, 8, 10.0, 0, 15483.8] 0.5119714285714284
[1, 0.0, 1.0, 1.0, 1.0, 0, 2, 0.0, 1.0, 8, 8.0, 0.0, 16447.8] 0.6496857142857142
[1, 0, 0, 0, 0.0, 0.0, 4, 0.0, 2, 8.0, 8, 0, 19707.8] 0.9726062499999999
[1, 0.0, 1.0, 0.0, 0.0, 0, 1.0, 0.0, 1.0, 8, 8.0, 128, 16442.6] 0.6489428571428569
[1.0, 0.0, 1, 0.0, 0.0, 0.0, 2.0, 0.0, 3.0, 10.0, 8.0, 64, 13924.0] 0.2838412473423104
[1.0, 0.0, 0.0, 0.0, 0.0, 1.0, 4.0, 0.0, 2.0, 20.0, 20.0, 64.0, 8537.6] 0
[1.0, 0.0, 0, 0.0, 0.0, 1.0, 4.0, 0.0, 1.0, 8.0, 10.0, 64.0, 17276.0] 0.744625
[1.0, 0.0, 0.0, 0.0, 0.0, 0.0, 3, 0.0, 2.0, 10.0, 8.0, 0, 15535.8] 0.5193999999999999
[1.0, 0.0, 0, 0, 0.0, 0, 3.0, 0.0, 2.0, 8.0, 8.0, 64, 19541.8] 0.95704375
[1.0, 0, 0.0, 0, 0.0, 1.0, 3.0, 0.0, 1.0, 8.0, 10.0, 32.0, 17309.6] 0.7477749999999999
[1.0, 0.0, 0.0, 0.0, 0, 0, 4.0, 0.0, 2.0, 8, 8.0, 128, 19600.2] 0.9625187500000001
[1, 0, 0.0, 0.0, 0.0, 0, 4.0, 0, 2.0, 10.0, 8.0, 64, 17750.6] 0.7891187499999999
[1, 0, 1.0, 0.0, 0.0, 0.0, 2.0, 0.0, 2.0, 8.0, 8, 0, 16868.0] 0.706375
[1, 0.0, 0.0, 0.0, 0.0, 0.0, 3.0, 0.0, 1, 8.0, 8, 32.0, 18729.0] 0.8808437499999999
[1.0, 0.0, 0, 0.0, 0.0, 0.0, 4.0, 0, 2.0, 8.0, 8.0, 0.0, 19707.8] 0.9726062499999999
[1.0, 1.0, 0.0, 0.0, 0.0, 0.0, 2, 0.0, 1.0, 10.0, 8.0, 128.0, 13082.6] 0.10494684620836293
[1, 0, 0, 0.0, 0.0, 0.0, 4.0, 0.0, 2.0, 8, 8.0, 0.0, 19707.8] 0.9726062499999999
[1.0, 1.0, 0.0, 0.0, 0.0, 0.0, 4.0, 0.0, 4.0, 64.0, 20.0, 64.0, 6229.2] 0
[1.0, 0.0, 1, 1, 1, 0, 1, 0.0, 1, 8.0, 8.0, 0.0, 16523.4] 0.6604857142857145
[1.0, 0, 0.0, 0, 0.0, 0, 3.0, 0, 1, 8.0, 8, 0, 19673.8] 0.96941875
[1.0, 1.0, 0.0, 0, 0.0, 0.0, 4.0, 0.0, 4.0, 8, 10.0, 8, 13978.6] 0.2954500354358612
[1, 0.0, 0, 0.0, 0.0, 0.0, 3.0, 0, 2.0, 8, 8.0, 0, 19692.2] 0.9711437500000001
[1, 0, 0.0, 0.0, 0.0, 0.0, 3.0, 0.0, 2, 8, 8, 0, 19692.2] 0.9711437500000001
[1, 0, 0.0, 0.0, 0.0, 0, 4.0, 0.0, 2.0, 8.0, 10, 20, 17856.6] 0.7990562499999998
[1, 0, 0.0, 0.0, 0.0, 0, 3, 0.0, 1.0, 8.0, 10, 128, 18822.0] 0.8895625
[1.0, 0.0, 0.0, 0.0, 0.0, 0.0, 4.0, 0.0, 2.0, 20.0, 0.0, 64.0, 8439.6] 0
[1.0, 0, 0.0, 0.0, 0, 0.0, 4, 0.0, 2, 8, 8.0, 64, 19505.4] 0.9536312500000002
