[1, 0.0, 0.0, 0.0, 0, 0, 3.0, 0.0, 1, 8.0, 8.0, 0.0, 19673.8] 0.96941875
[1, 0.0, 1, 0.0, 0.0, 0.0, 2.0, 0, 1, 8.0, 8.0, 0.0, 16782.8] 0.697542857142857
[1.0, 0.0, 0, 0.0, 0.0, 1.0, 3.0, 0.0, 4.0, 8.0, 10, 64.0, 14545.0] 0.37785714285714284
[1, 0.0, 0.0, 0.0, 0.0, 0, 4, 0, 1, 8.0, 10.0, 128.0, 18754.8] 0.8832624999999998
[1, 0, 0.0, 0.0, 0.0, 0.0, 4.0, 0.0, 2.0, 8.0, 8.0, 128, 19600.2] 0.9625187500000001
[1.0, 0, 0.0, 0.0, 0, 0, 3.0, 0.0, 1.0, 8.0, 8, 128, 19583.4] 0.9609437500000001
[1, 0, 0, 0.0, 0.0, 1, 2, 0.0, 1.0, 8.0, 8, 0.0, 17116.2] 0.72964375
[1.0, 0, 0, 0.0, 0.0, 1, 4.0, 0.0, 1.0, 8.0, 10.0, 32.0, 16996.2] 0.71839375
[1, 0, 1.0, 1.0, 1.0, 0, 4, 0, 2.0, 8, 10, 0, 15178.2] 0.4683142857142858
[1.0, 0.0, 1, 0.0, 0.0, 1, 2.0, 0, 1.0, 10.0, 8.0, 0, 15438.2] 0.5054571428571429
[1, 0, 1, 1.0, 1.0, 0, 3.0, 0.0, 1, 8.0, 8, 0, 16281.4] 0.6259142857142856
[1, 0, 0, 0, 0, 0, 3.0, 0.0, 2, 8.0, 8, 128, 19576.0] 0.96025
[1.0, 0.0, 0, 0.0, 0.0, 0, 3, 0, 2, 8, 8, 64, 19541.8] 0.95704375
[1, 0, 1, 0, 0.0, 0.0, 2, 0, 2, 8.0, 8, 128, 16856.4] 0.7052875000000001
[1.0, 0.0, 0, 0.0, 0.0, 0, 3.0, 0, 1.0, 8.0, 8.0, 64.0, 19555.0] 0.95828125
[1.0, 0, 0, 0, 0, 0.0, 3, 0.0, 2, 8, 8.0, 0.0, 19692.2] 0.9711437500000001
[1.0, 0, 0.0, 0, 0, 0, 4, 0, 2, 8.0, 8.0, 0, 19707.8] 0.9726062499999999
[1.0, 0.0, 1.0, 0.0, 0.0, 1.0, 3.0, 0.0, 4.0, 10.0, 8.0, 16.0, 12634.4] 0.009652728561303963
[1.0, 0.0, 1.0, 0.0, 0.0, 0.0, 2.0, 0.0, 3.0, 128.0, 20.0, 0.0, 6254.6] 0
[1.0, 0.0, 0.0, 0.0, 0.0, 0.0, 4, 0, 1.0, 8, 16.0, 0, 14584.4] 0.3834857142857142
[1.0, 1.0, 1.0, 1.0, 1.0, 0.0, 3.0, 0.0, 4.0, 32.0, 8.0, 128.0, 7986.4] 0
[1.0, 1.0, 1.0, 1.0, 1.0, 1.0, 3.0, 0.0, 4.0, 20.0, 10.0, 128.0, 8648.0] 0
[1, 0, 0.0, 0.0, 0.0, 0.0, 4, 0.0, 2, 10.0, 8, 64.0, 17750.6] 0.7891187499999999
[1, 0, 1.0, 1, 1, 0, 1, 0.0, 2, 8.0, 10.0, 128, 14957.0] 0.4367142857142857
[1.0, 1.0, 1.0, 0.0, 0.0, 0.0, 3.0, 0.0, 2.0, 128.0, 10.0, 20.0, 5575.4] 0
[1.0, 0, 0.0, 0.0, 0.0, 0.0, 3.0, 0, 1, 8, 8.0, 64.0, 19555.0] 0.95828125
[1.0, 0.0, 0.0, 0.0, 0, 0, 3.0, 0.0, 2, 8.0, 10.0, 64, 18690.8] 0.8772625
[1, 0, 0, 0.0, 0.0, 0, 3.0, 0.0, 1, 8.0, 8.0, 0, 19673.8] 0.96941875
[1, 0, 1, 1, 1, 0.0, 1, 0, 1, 8.0, 8, 0, 16523.4] 0.6604857142857145
[1.0, 0.0, 1, 0, 0, 0.0, 1, 0.0, 1.0, 10.0, 8, 0.0, 15575.0] 0.5249999999999999
