[1.0, 0.0, 0.0, 0.0, 0.0, 0.0, 4.0, 0.0, 1.0, 10.0, 8.0, 16, 16229.8] 0.6185428571428571
[1.0, 0, 1.0, 0.0, 0.0, 0.0, 1.0, 0.0, 1, 8.0, 8.0, 0.0, 16629.0] 0.6755714285714285
[1, 0.0, 0.0, 0.0, 0.0, 0.0, 3, 0.0, 1.0, 8.0, 10.0, 64.0, 18790.8] 0.8866375
[1.0, 0.0, 0.0, 0, 0.0, 0.0, 3.0, 0.0, 1.0, 8.0, 8.0, 0.0, 19673.8] 0.96941875
[1.0, 0, 0, 0, 0, 0.0, 4, 0.0, 2.0, 8.0, 8.0, 0.0, 19707.8] 0.9726062499999999
[1.0, 0.0, 1.0, 0.0, 0.0, 0.0, 1.0, 0.0, 1.0, 8.0, 10, 8.0, 14902.6] 0.4289428571428572
[1, 0.0, 0.0, 0.0, 0, 0.0, 3.0, 0.0, 1.0, 8.0, 8.0, 128.0, 19583.4] 0.9609437500000001
[1, 0.0, 1.0, 0, 0, 0.0, 4.0, 0.0, 2, 16, 8.0, 0.0, 12692.2] 0.021941885187810217
[1.0, 0.0, 1.0, 0.0, 0.0, 1.0, 4.0, 0.0, 1.0, 8, 8.0, 0.0, 15869.2] 0.5670285714285714
[1.0, 0.0, 0.0, 0.0, 0.0, 1.0, 2.0, 0.0, 2.0, 8.0, 8.0, 32.0, 16250.8] 0.621542857142857
[1.0, 0, 1.0, 1.0, 1.0, 1.0, 4.0, 0.0, 2.0, 8.0, 8.0, 0.0, 16300.6] 0.6286571428571428
[1, 0.0, 0.0, 0, 0, 0.0, 1.0, 0.0, 1, 8.0, 10.0, 0, 16104.4] 0.6006285714285713
[1, 0.0, 1.0, 0, 0.0, 0, 2, 0.0, 2.0, 8.0, 8, 20, 15736.2] 0.5480285714285715
[1.0, 0.0, 0.0, 0, 0.0, 1, 2, 0, 2.0, 10.0, 10, 0.0, 14594.4] 0.38491428571428565
[1.0, 0.0, 0, 0.0, 0.0, 0.0, 3, 0.0, 2.0, 8.0, 10.0, 0.0, 18819.2] 0.8893000000000001
[1.0, 0.0, 0, 0.0, 0, 1, 3.0, 0.0, 1, 8, 8.0, 128, 19133.6] 0.9187749999999999
[1, 0.0, 1.0, 0.0, 0.0, 1.0, 2.0, 0.0, 4.0, 8.0, 8.0, 20.0, 14214.6] 0.33065714285714287
[1, 0.0, 0, 0.0, 0.0, 0, 4.0, 0, 1, 8.0, 10.0, 32.0, 18365.8] 0.8467937499999999
[1, 0.0, 1.0, 1.0, 1.0, 1.0, 4.0, 0.0, 1, 8.0, 10.0, 0.0, 15450.0] 0.5071428571428571
[1.0, 0.0, 0, 0.0, 0.0, 0, 3.0, 0.0, 1, 8.0, 8, 128.0, 19583.4] 0.9609437500000001
[1.0, 1.0, 1.0, 0.0, 0.0, 0.0, 4, 0.0, 2.0, 8, 10.0, 8.0, 12970.8] 0.08117647058823514
[1.0, 1.0, 1.0, 0.0, 0.0, 1.0, 4.0, 0, 4.0, 8.0, 8.0, 0, 14832.0] 0.4188571428571428
[1.0, 1.0, 1.0, 0.0, 0.0, 0.0, 1.0, 0.0, 3, 8.0, 10.0, 0, 13239.0] 0.13819985825655562
[1.0, 0.0, 0, 0.0, 0, 0, 3.0, 0.0, 2.0, 10.0, 8, 10, 14899.8] 0.428542857142857
[1.0, 0.0, 1.0, 0.0, 0.0, 0, 1.0, 0.0, 2.0, 8.0, 8.0, 10, 15588.0] 0.5268571428571428
[1.0, 0.0, 0.0, 0.0, 0.0, 1.0, 4.0, 0.0, 1.0, 10.0, 10, 0, 15648.0] 0.5354285714285714
[1.0, 0.0, 0, 0.0, 0, 1.0, 3.0, 0.0, 2.0, 8.0, 8.0, 16.0, 17373.8] 0.7537937499999999
[1.0, 0.0, 1.0, 0.0, 0.0, 0.0, 1.0, 0.0, 3, 8, 10.0, 64, 14276.8] 0.33954285714285704
[1, 0.0, 0.0, 0.0, 0.0, 0, 3, 0, 2.0, 8.0, 10.0, 128, 18761.2] 0.8838625000000001
[1, 0.0, 1, 0, 0.0, 0, 2.0, 0, 1, 8.0, 10.0, 10.0, 14806.4] 0.4151999999999999
