[1.0, 1.0, 0.0, 1, 1.0, 1.0, 1, 1, 0.0, 1.0, 0.0, 0, 170.4227512] 0.9965952644016325
[0.0, 1.0, 0.0, 1, 1, 1, 1.0, 0.0, 1.0, 1.0, 0, 0.0, 169.9893966] 0.9953854925492845
[0.0, 1.0, 0.0, 1.0, 1, 1.0, 1.0, 1, 1.0, 0.0, 0.0, 0.0, 170.6651847] 0.9972720524739552
[0.0, 1.0, 0, 1.0, 1.0, 1.0, 1.0, 0.0, 1.0, 1.0, 1.0, 1.0, 170.0842576] 0.9956503107090215
[1, 1, 0, 1, 1.0, 1.0, 1, 0.0, 0.0, 0.0, 1.0, 0.0, 170.0809813] 0.9956411644451539
[0, 1.0, 1.0, 1.0, 1.0, 1, 1.0, 0, 1.0, 1, 1, 1.0, 169.6930311] 0.9945581455223763
[1.0, 1.0, 0.0, 1.0, 1.0, 1.0, 1.0, 0.0, 1.0, 0.0, 1.0, 1.0, 170.3253386] 0.9963233230825741
[0.0, 1.0, 0.0, 1.0, 1.0, 1, 1.0, 0, 0.0, 0.0, 0, 1.0, 171.4235804] 0.9993892234254156
[0.0, 1.0, 0.0, 1.0, 1.0, 1.0, 1.0, 0.0, 0.0, 1.0, 1, 0, 170.5559134] 0.9969670058839122
[0.0, 1.0, 0, 1.0, 1.0, 1.0, 1.0, 1.0, 0.0, 0.0, 1.0, 0.0, 170.735281] 0.9974677364027602
[0, 1.0, 1.0, 1.0, 1.0, 1.0, 1.0, 0, 0.0, 0, 0, 1.0, 171.5690527] 0.9997953303268684
[0, 1, 1.0, 1.0, 1.0, 1.0, 1.0, 0, 0.0, 0.0, 0.0, 1.0, 171.5690527] 0.9997953303268684
[0.0, 1.0, 0.0, 1.0, 1.0, 1.0, 1.0, 1.0, 0.0, 1.0, 1.0, 0.0, 170.5539949] 0.9969616501145291
[0, 1.0, 1.0, 1.0, 1.0, 1.0, 1, 1.0, 0.0, 1.0, 0.0, 1.0, 170.3886647] 0.9965001070218675
[0.0, 1, 0.0, 1.0, 1.0, 1.0, 1.0, 1.0, 1.0, 0.0, 0, 0, 170.6651847] 0.9972720524739552
[0.0, 1.0, 1, 1.0, 1.0, 1.0, 1.0, 0, 0.0, 0, 1, 0, 171.6423678] 1.0
[0.0, 1.0, 0.0, 1.0, 1.0, 1.0, 1.0, 0, 0, 0.0, 0, 1.0, 171.4235804] 0.9993892234254156
[0.0, 1.0, 0.0, 1, 1.0, 1.0, 1.0, 1.0, 0.0, 0, 1.0, 0.0, 170.735281] 0.9974677364027602
[1, 1.0, 1.0, 1.0, 1, 1.0, 1.0, 0.0, 0, 1.0, 1.0, 1, 170.6573937] 0.9972503027740521
[0.0, 1.0, 0, 1.0, 1.0, 1.0, 1, 1.0, 1.0, 1, 1, 0.0, 169.8665786] 0.9950426283928601
[1, 1.0, 1.0, 1.0, 1.0, 1.0, 1.0, 0.0, 0.0, 1.0, 1, 1, 170.6573937] 0.9972503027740521
[0, 1.0, 0.0, 1.0, 1.0, 1.0, 1.0, 0.0, 0, 0.0, 0.0, 1.0, 171.4235804] 0.9993892234254156
[0, 1.0, 1.0, 1.0, 1.0, 1, 1, 0.0, 1.0, 0, 1, 0.0, 170.2916942] 0.9962293998887066
[0.0, 1.0, 1.0, 1.0, 1.0, 1, 1.0, 0, 0.0, 0, 0.0, 1.0, 171.5690527] 0.9997953303268684
[0.0, 1.0, 1.0, 1.0, 1.0, 1.0, 1.0, 0, 0.0, 0.0, 0.0, 1.0, 171.5690527] 0.9997953303268684
[0.0, 1.0, 1.0, 1.0, 1.0, 1.0, 1, 0.0, 1.0, 0, 1, 0, 170.2916942] 0.9962293998887066
[0.0, 1.0, 0, 1.0, 1.0, 1.0, 1, 1.0, 1, 0.0, 1.0, 1, 170.4742329] 0.9967389829904534
[0.0, 1, 0.0, 1.0, 1.0, 1.0, 1, 1.0, 0.0, 1.0, 1.0, 0.0, 170.5539949] 0.9969616501145291
[1, 1.0, 0.0, 1.0, 1.0, 1.0, 1, 0.0, 0, 1.0, 1.0, 0.0, 170.7705431] 0.9975661756394378
[1, 1.0, 0, 1, 1, 1.0, 1, 0, 0, 1.0, 1, 0, 170.7705431] 0.9975661756394378
