[1.0, 1.0, 0.0, 1.0, 1.0, 1.0, 1, 0.0, 0.0, 1.0, 0.0, 1, 170.3418882] 0.9963695236773009
[0, 1, 0.0, 1.0, 1, 1.0, 1.0, 0.0, 0.0, 1.0, 1.0, 0.0, 170.5559134] 0.9969670058839122
[1.0, 1.0, 0.0, 1.0, 1.0, 1.0, 1.0, 0, 0, 1.0, 1, 0.0, 170.7705431] 0.9975661756394378
[0.0, 1.0, 1.0, 1.0, 1.0, 1.0, 1.0, 1.0, 1.0, 0.0, 1.0, 1, 170.6282685] 0.997168995578619
[1.0, 1, 0.0, 1.0, 1.0, 1.0, 1.0, 1.0, 1.0, 1.0, 0.0, 0.0, 169.8147054] 0.994897816875338
[1.0, 1.0, 0.0, 1.0, 1.0, 1.0, 1.0, 1, 0.0, 1.0, 1.0, 0.0, 169.7495425] 0.9947159052439917
[0.0, 1.0, 0, 1.0, 1.0, 1.0, 1.0, 0.0, 0.0, 1, 1.0, 0.0, 170.5559134] 0.9969670058839122
[1.0, 1.0, 1.0, 1.0, 1.0, 1.0, 1.0, 1.0, 1.0, 0.0, 0, 1.0, 169.98281] 0.9953671051056467
[0.0, 1, 1, 1.0, 1.0, 1.0, 1.0, 0.0, 1.0, 0.0, 1.0, 1, 169.8946455] 0.9951209811912443
[1.0, 1, 1.0, 1.0, 1.0, 1.0, 1.0, 0.0, 0.0, 0.0, 0, 0, 169.5646741] 0.9941998184487699
[0.0, 1, 0, 1.0, 1.0, 1.0, 1.0, 1.0, 1.0, 0, 0.0, 0.0, 170.6651847] 0.9972720524739552
[1.0, 1.0, 0.0, 1.0, 1.0, 1, 1.0, 0.0, 1.0, 1.0, 1.0, 1.0, 170.2500155] 0.9961130477879041
[0, 1.0, 0.0, 1, 1.0, 1, 1.0, 0, 1.0, 1.0, 0.0, 0, 169.9893966] 0.9953854925492845
[0.0, 1, 1.0, 1.0, 1, 1.0, 1.0, 1, 1.0, 1, 1.0, 0, 170.2764871] 0.9961869470763081
[0, 1.0, 1.0, 1.0, 1.0, 1.0, 1.0, 0.0, 0.0, 0.0, 0.0, 1.0, 171.5690527] 0.9997953303268684
[1.0, 1.0, 1.0, 1.0, 1.0, 1.0, 1.0, 0.0, 0.0, 1.0, 1.0, 1.0, 170.6573937] 0.9972503027740521
[0.0, 1.0, 0.0, 1.0, 1.0, 1, 1.0, 1.0, 1, 0.0, 0.0, 0, 170.6651847] 0.9972720524739552
[0.0, 1.0, 0.0, 1.0, 1.0, 1.0, 1.0, 0.0, 0.0, 1, 1, 0.0, 170.5559134] 0.9969670058839122
[1.0, 1.0, 1, 1.0, 1.0, 1.0, 1, 1.0, 1.0, 0.0, 1.0, 1.0, 169.4766715] 0.9939541465015622
[0.0, 1.0, 0.0, 1.0, 1.0, 1.0, 1.0, 0.0, 1.0, 1.0, 0.0, 1.0, 171.1972303] 0.9987573344832972
[0, 1.0, 1.0, 1.0, 1.0, 1.0, 1.0, 0.0, 0.0, 0.0, 1.0, 0.0, 171.6423678] 1.0
[1.0, 1.0, 0, 1.0, 1, 1.0, 1.0, 0, 1.0, 1.0, 0, 0.0, 170.051348] 0.9955584388153067
[0.0, 1.0, 0.0, 1.0, 1.0, 1.0, 1.0, 0.0, 1.0, 0.0, 0.0, 1.0, 170.4570768] 0.9966910892635238
[1.0, 1.0, 1.0, 1.0, 1.0, 1.0, 1.0, 1.0, 0, 1.0, 0.0, 0.0, 170.0739989] 0.9956216720687447
[1.0, 1, 0.0, 1, 1.0, 1.0, 1, 0.0, 0.0, 1.0, 0.0, 0.0, 170.1990225] 0.9959706934756001
[0.0, 1.0, 1.0, 1.0, 1.0, 1, 0, 0.0, 1.0, 0.0, 1.0, 0.0, 125.5095491] 0.8712135845962367
[0.0, 1.0, 1.0, 1.0, 1.0, 1.0, 1.0, 1.0, 0.0, 1.0, 1.0, 0.0, 170.2567158] 0.9961317526414866
[0.0, 1.0, 0.0, 1.0, 1.0, 1.0, 1.0, 0.0, 1.0, 1.0, 1.0, 0.0, 170.3049545] 0.9962664179281915
[1, 1.0, 0.0, 1.0, 1, 1.0, 1.0, 0, 1, 1.0, 1.0, 1.0, 170.2500155] 0.9961130477879041
[1.0, 1.0, 0.0, 1.0, 1.0, 1.0, 1.0, 0.0, 0, 1.0, 0.0, 1.0, 170.3418882] 0.9963695236773009
