[0.0, 1.0, 0.0, 1.0, 1, 1.0, 1.0, 0.0, 1.0, 1.0, 0, 1.0, 171.1972303] 0.9987573344832972
[0, 1.0, 1.0, 1.0, 1.0, 1, 1, 0.0, 0.0, 1, 0.0, 1.0, 170.6936717] 0.9973515780420648
[0.0, 1.0, 1.0, 1.0, 1.0, 1.0, 1.0, 1, 1.0, 0.0, 1.0, 1.0, 170.6282685] 0.997168995578619
[0.0, 1.0, 1.0, 1.0, 1.0, 1.0, 1.0, 1.0, 1.0, 1.0, 0.0, 1.0, 170.2653241] 0.9961557839521882
[0, 1.0, 0.0, 1, 1, 1.0, 1.0, 1.0, 1.0, 0, 0.0, 0, 170.6651847] 0.9972720524739552
[0.0, 1.0, 1.0, 1.0, 1.0, 1, 1.0, 0.0, 0, 0.0, 0.0, 1.0, 171.5690527] 0.9997953303268684
[0.0, 1.0, 0.0, 1.0, 1.0, 1, 1.0, 1.0, 1.0, 0.0, 1, 0.0, 170.2122025] 0.9960074873460562
[1, 1.0, 0.0, 1.0, 1.0, 1.0, 1.0, 0.0, 1.0, 1.0, 0.0, 1.0, 170.0900283] 0.9956664204501627
[1.0, 1.0, 0.0, 1.0, 1.0, 1.0, 1.0, 0.0, 0.0, 1.0, 1.0, 0.0, 170.7705431] 0.9975661756394378
[1.0, 1.0, 1, 1.0, 1.0, 1, 1.0, 1, 1.0, 0, 0, 1.0, 169.98281] 0.9953671051056467
[0.0, 1.0, 1.0, 1.0, 1.0, 1.0, 1, 1.0, 1.0, 1, 1, 0.0, 170.2764871] 0.9961869470763081
[0.0, 1.0, 1, 1.0, 1, 1.0, 1.0, 0.0, 0.0, 0, 0.0, 1.0, 171.5690527] 0.9997953303268684
[0, 1.0, 0, 1, 1, 1.0, 1.0, 0.0, 1, 1, 0, 1, 171.1972303] 0.9987573344832972
[1.0, 1.0, 0.0, 1.0, 1.0, 1.0, 1.0, 1.0, 0.0, 0.0, 1, 0.0, 169.9990129] 0.9954123378373321
[0.0, 1, 1.0, 1.0, 1.0, 1, 1.0, 0, 0.0, 0.0, 1.0, 1.0, 170.6176486] 0.99713934859646
[0.0, 1.0, 1.0, 1, 1.0, 1.0, 1.0, 0, 0, 0, 1.0, 0, 171.6423678] 1.0
[0.0, 1.0, 1.0, 1.0, 1.0, 1.0, 1, 1.0, 1.0, 1.0, 1.0, 0.0, 170.2764871] 0.9961869470763081
[0.0, 1.0, 1, 1.0, 1.0, 1, 1, 0, 0.0, 0, 1.0, 0.0, 171.6423678] 1.0
[0.0, 1.0, 0.0, 1.0, 1, 1, 1.0, 1.0, 1, 0, 1.0, 1, 170.4742329] 0.9967389829904534
[1.0, 1.0, 1.0, 1.0, 1.0, 1, 1.0, 0, 0, 1.0, 1.0, 1.0, 170.6573937] 0.9972503027740521
[0.0, 1.0, 0, 1.0, 1.0, 1.0, 1.0, 0, 0.0, 1.0, 1.0, 0.0, 170.5559134] 0.9969670058839122
[1.0, 1, 0.0, 1.0, 1.0, 1.0, 1, 0.0, 0.0, 1.0, 1, 0, 170.7705431] 0.9975661756394378
[0.0, 1.0, 0.0, 1.0, 1.0, 1.0, 1.0, 0.0, 1.0, 1.0, 0, 1.0, 171.1972303] 0.9987573344832972
[1.0, 1, 1.0, 1.0, 1.0, 1.0, 1, 0.0, 0.0, 1, 1.0, 1.0, 170.6573937] 0.9972503027740521
[0.0, 1, 0.0, 1.0, 1.0, 1.0, 1.0, 0, 0.0, 0.0, 0, 1.0, 171.4235804] 0.9993892234254156
[0.0, 1.0, 0.0, 1.0, 1, 1.0, 1.0, 1.0, 1.0, 0.0, 0.0, 0.0, 170.6651847] 0.9972720524739552
[0, 1, 1, 1.0, 1.0, 1.0, 1.0, 0.0, 0.0, 0.0, 1.0, 0, 171.6423678] 1.0
[0.0, 1.0, 1.0, 1.0, 1, 1.0, 1, 1.0, 1.0, 0.0, 0.0, 1.0, 170.5469792] 0.9969420647763683
[0.0, 1.0, 1, 1.0, 1.0, 1.0, 1.0, 0.0, 0.0, 0.0, 0, 1.0, 171.5690527] 0.9997953303268684
[0, 1.0, 0, 1.0, 1.0, 1.0, 1, 0, 1, 1, 0.0, 1, 171.1972303] 0.9987573344832972
