[0.0, 1.0, 1.0, 1.0, 1.0, 1.0, 1.0, 1.0, 0.0, 1.0, 0.0, 1.0, 170.3886647] 0.3759983142856994
[0, 1.0, 0.0, 1.0, 1.0, 1.0, 1.0, 0, 0, 0.0, 1.0, 0.0, 170.2039185] 0.16621521038850945
[0.0, 1.0, 1.0, 1.0, 0.0, 0.0, 1.0, 1.0, 0.0, 0.0, 1.0, 1.0, 69.61702752] 0
[0.0, 1.0, 0.0, 1.0, 1, 1.0, 1.0, 0, 0.0, 1.0, 0.0, 0.0, 170.2871644] 0.2821275891244513
[0.0, 1.0, 0.0, 1, 1, 1, 1.0, 0.0, 0, 1.0, 0.0, 0.0, 170.2871644] 0.2821275891244513
[0.0, 1.0, 0.0, 1.0, 1.0, 1.0, 1, 1.0, 1, 0.0, 0.0, 0.0, 170.6651847] 0.6130154571428503
[0.0, 1.0, 0.0, 1, 1.0, 1, 1.0, 1, 1.0, 0.0, 1.0, 1.0, 170.4742329] 0.4493424857142819
[0, 1.0, 1.0, 1.0, 1, 1.0, 1.0, 0.0, 1.0, 1.0, 1, 0.0, 170.1067212] 0.030876770300684458
[0, 1.0, 0.0, 1.0, 1.0, 1.0, 1.0, 1.0, 1.0, 0.0, 1.0, 1.0, 170.4742329] 0.4493424857142819
[0.0, 1.0, 1.0, 1.0, 1.0, 1.0, 1.0, 1.0, 1.0, 1.0, 0.0, 1.0, 170.2653241] 0
[1.0, 0.0, 1.0, 1.0, 0.0, 0.0, 0.0, 1.0, 0.0, 1.0, 0.0, 0.0, 31.19345951] 0
[0.0, 1.0, 0.0, 0.0, 0.0, 0.0, 1.0, 0.0, 0.0, 0.0, 0.0, 1.0, 33.15075469] 0
[0.0, 1.0, 1.0, 1, 1.0, 1.0, 1.0, 0, 0.0, 1.0, 0.0, 1.0, 170.6936717] 0.6374328857142901
[0.0, 0.0, 1.0, 0.0, 1.0, 0.0, 1.0, 1.0, 0.0, 1.0, 1.0, 1.0, 16.07763314] 0
[1.0, 1.0, 0.0, 1, 1.0, 1.0, 1, 0.0, 0.0, 0, 0.0, 1.0, 170.1596611] 0.104590787916452
[1.0, 1.0, 0, 1.0, 1.0, 1, 1.0, 0.0, 0.0, 1, 0, 1.0, 170.3418882] 0.33590417142856194
[1.0, 1.0, 0.0, 0.0, 0.0, 1.0, 1.0, 0.0, 1.0, 0.0, 1.0, 0.0, 51.75530052] 0
[0.0, 1.0, 1.0, 1.0, 1.0, 1.0, 1.0, 1.0, 0, 1.0, 0.0, 1.0, 170.3886647] 0.3759983142856994
[1.0, 1.0, 1.0, 0.0, 1.0, 1.0, 0.0, 0.0, 0.0, 0.0, 1.0, 1.0, 60.39890242] 0
[0.0, 1.0, 0, 1.0, 1.0, 1.0, 1.0, 0.0, 0.0, 1.0, 0.0, 0.0, 170.2871644] 0.2821275891244513
[1.0, 1.0, 1.0, 1.0, 1, 1.0, 1, 0.0, 0.0, 1, 1.0, 1.0, 170.6573937] 0.6063374571428525
[1.0, 0.0, 0.0, 0.0, 1.0, 0.0, 0.0, 0.0, 1.0, 1.0, 0.0, 1.0, 14.1181407] 0
[0.0, 1.0, 0, 1.0, 1.0, 1.0, 1.0, 1.0, 0.0, 0.0, 1.0, 0.0, 170.735281] 0.6730979999999847
[0.0, 1.0, 1.0, 0.0, 1.0, 1.0, 0.0, 1.0, 1.0, 1.0, 0.0, 1.0, 60.20208526] 0
[0, 1.0, 1.0, 1.0, 1, 1, 1.0, 1.0, 0, 1.0, 0.0, 1.0, 170.3886647] 0.3759983142856994
[0.0, 1.0, 1, 1.0, 1.0, 1.0, 1, 1.0, 0.0, 1, 1.0, 0.0, 170.2567158] 0.23973067041519588
[0.0, 1, 1, 1, 1, 1.0, 1.0, 1.0, 1.0, 1.0, 1, 0.0, 170.2764871] 0.26726041558825475
[1.0, 0.0, 1.0, 0.0, 1.0, 1.0, 0.0, 1.0, 1.0, 0.0, 1.0, 1.0, 29.57965469] 0
[0.0, 1.0, 1.0, 1, 1, 1.0, 1, 0.0, 1, 0.0, 1.0, 0.0, 170.2916942] 0.2884349255001532
[0.0, 0.0, 0.0, 1.0, 1.0, 0.0, 1.0, 0.0, 1.0, 0.0, 1.0, 1.0, 52.74374247] 0
