[0.0, 1.0, 0.0, 1.0, 1, 1.0, 1.0, 1.0, 1.0, 1, 0, 1, 170.3034718] 0.30297582857142846
[1, 1, 1, 1, 1, 1.0, 1.0, 0.0, 0.0, 1.0, 1, 1, 170.6573937] 0.6063374571428525
[1.0, 1.0, 1.0, 1.0, 0.0, 1.0, 0.0, 0.0, 1.0, 0.0, 1.0, 0.0, 78.05324364] 0
[0.0, 1.0, 0.0, 1.0, 1.0, 1.0, 1.0, 0.0, 0.0, 1.0, 1.0, 0.0, 170.5559134] 0.519354342857144
[0, 1, 1, 1.0, 1.0, 1.0, 1, 1.0, 1.0, 1.0, 1, 0.0, 170.2764871] 0.26726041558825475
[0.0, 1, 0.0, 1, 1.0, 1, 1.0, 1, 1.0, 1, 0.0, 1, 170.3034718] 0.30297582857142846
[0, 1.0, 0, 1.0, 1.0, 1.0, 1.0, 0.0, 0.0, 0, 0.0, 1.0, 171.4235804] 0.9659404783365542
[0.0, 1, 1.0, 1.0, 1.0, 1.0, 1, 1, 0.0, 1.0, 0, 1.0, 170.3886647] 0.3759983142856994
[1.0, 1.0, 0.0, 1, 1.0, 1.0, 1, 0, 0.0, 1, 1.0, 0.0, 170.7705431] 0.7033226571428519
[0.0, 1.0, 0, 1.0, 1, 1.0, 1.0, 0.0, 0.0, 0.0, 0.0, 1.0, 171.4235804] 0.9659404783365542
[1.0, 1.0, 0.0, 1.0, 1.0, 1, 1.0, 1.0, 0.0, 1.0, 0, 0.0, 170.4227512] 0.40521531428570057
[0.0, 1.0, 1.0, 1.0, 1.0, 1.0, 1.0, 0.0, 0.0, 0.0, 1.0, 0, 171.6423678] 1.0
[1.0, 1.0, 0.0, 1, 1.0, 1.0, 1.0, 0.0, 0.0, 1.0, 0.0, 1.0, 170.3418882] 0.33590417142856194
[1.0, 1.0, 0, 1.0, 1.0, 1.0, 1, 0, 1.0, 0.0, 0.0, 1.0, 170.3206944] 0.31773805714285436
[0, 1.0, 1.0, 1.0, 1.0, 1.0, 1.0, 0.0, 0.0, 0.0, 1.0, 0.0, 171.6423678] 1.0
[0.0, 1.0, 1.0, 1.0, 1.0, 1.0, 1.0, 0, 0.0, 1.0, 1.0, 0.0, 170.1198454] 0.04915103054659773
[0.0, 1.0, 1.0, 1.0, 1.0, 1.0, 1, 1.0, 1.0, 1, 1, 0.0, 170.2764871] 0.26726041558825475
[0, 1.0, 0, 1.0, 1.0, 1.0, 1.0, 0.0, 0.0, 1.0, 1.0, 0.0, 170.5559134] 0.519354342857144
[0.0, 1.0, 1.0, 1.0, 1.0, 1.0, 1.0, 1.0, 1.0, 1.0, 0, 1.0, 170.2653241] 0.25171694877691153
[0.0, 1.0, 0.0, 1, 1.0, 1.0, 1.0, 0, 0, 1.0, 1, 0.0, 170.5559134] 0.519354342857144
[0.0, 1.0, 0.0, 1.0, 1, 1.0, 1.0, 1, 1.0, 0.0, 1, 0.0, 170.2122025] 0.17774993036209163
[0, 1.0, 1.0, 1.0, 1.0, 1.0, 1.0, 0, 0, 0.0, 0.0, 0, 171.3028867] 0.9471516006873311
[0.0, 1.0, 0.0, 1.0, 1.0, 1.0, 1.0, 1.0, 1.0, 1.0, 0.0, 1.0, 170.3034718] 0.30297582857142846
[0.0, 1.0, 1.0, 0.0, 1.0, 1.0, 1.0, 0.0, 0.0, 0.0, 1.0, 0.0, 66.57941699] 0
[0.0, 1.0, 0.0, 1.0, 1.0, 1.0, 1.0, 1.0, 1.0, 0, 0, 0, 170.6651847] 0.6130154571428503
[0.0, 1.0, 0, 1.0, 1.0, 1.0, 1.0, 0.0, 0.0, 0.0, 0.0, 1.0, 171.4235804] 0.9659404783365542
[0, 1, 0.0, 1.0, 1.0, 1, 1.0, 0, 1.0, 1, 0.0, 1.0, 171.1972303] 0.9307036405000383
[0.0, 1.0, 1.0, 1.0, 1.0, 1.0, 1.0, 0.0, 0, 0.0, 1, 1.0, 170.6176486] 0.5722702285714194
[0.0, 1, 0.0, 1.0, 1.0, 1, 1.0, 0.0, 1.0, 1, 0.0, 1.0, 171.1972303] 0.9307036405000383
[0.0, 1.0, 0.0, 1.0, 1, 1.0, 1.0, 0.0, 0.0, 1.0, 1.0, 0.0, 170.5559134] 0.519354342857144
