[1, 0.0, 0.0, 0.0, 0, 0, 4, 0, 2, 8.0, 8.0, 0, 19707.8] 0.991234
[1.0, 0, 0, 0, 0.0, 0, 4.0, 0, 2, 8.0, 8.0, 0, 19707.8] 0.991234
[1, 0.0, 0, 0.0, 0.0, 0.0, 4, 0, 2, 8, 8.0, 0, 19707.8] 0.991234
[1, 0, 0, 0, 0, 0, 4, 0, 2, 8.0, 8, 0, 19707.8] 0.991234
[1, 0.0, 0, 0.0, 0.0, 0.0, 4, 0.0, 2.0, 8.0, 8.0, 0.0, 19707.8] 0.991234
[1, 0, 0.0, 0.0, 0.0, 0, 4, 0.0, 2, 8, 8, 128, 19600.2] 0.988006
[1, 0, 0, 0.0, 0, 1.0, 3, 0, 1, 8, 8.0, 64.0, 19190.0] 0.9757
[1, 0.0, 1.0, 1.0, 1, 0, 1, 0.0, 1, 8.0, 8.0, 0, 16523.4] 0.895702
[1, 0, 0, 0, 0.0, 0, 3, 0, 2, 8.0, 8, 0, 19692.2] 0.990766
[1, 0, 0, 0, 0, 0.0, 4, 0, 2.0, 8, 8, 0, 19707.8] 0.991234
[1, 0.0, 0, 0, 0, 0, 4, 0.0, 1, 8.0, 8.0, 0, 19332.8] 0.979984
[1.0, 0.0, 0, 0.0, 0.0, 0, 3, 0.0, 2, 8.0, 8.0, 0, 19692.2] 0.990766
[1.0, 0, 0.0, 0, 0.0, 0.0, 4, 0.0, 2, 8.0, 8, 0.0, 19707.8] 0.991234
[1, 0, 1.0, 0, 0, 0, 1, 0.0, 2, 8, 8.0, 0, 16772.6] 0.9031779999999999
[1.0, 0, 0.0, 0, 0.0, 0, 4.0, 0.0, 1, 10, 10, 0, 17357.2] 0.920716
[1.0, 0, 0.0, 0.0, 0.0, 0, 4, 0.0, 2, 8.0, 8, 0, 19707.8] 0.991234
[1, 0, 0, 0.0, 0, 0, 3, 0, 2, 8, 8, 0, 19692.2] 0.990766
[1.0, 0, 0, 0, 0, 0, 4, 0, 2, 8.0, 8.0, 0, 19707.8] 0.991234
[1, 0, 0.0, 0, 0.0, 0, 4, 0.0, 2, 8, 8, 0, 19707.8] 0.991234
[1.0, 0.0, 1.0, 0.0, 0, 0, 2, 0.0, 2, 8, 8, 0, 16868.0] 0.90604
[1.0, 0.0, 0, 0, 0, 0, 4, 0, 2.0, 8, 8, 0.0, 19707.8] 0.991234
[1, 0, 0, 0, 0, 0, 4, 0, 2, 8, 8.0, 0, 19707.8] 0.991234
[1, 0.0, 0.0, 0.0, 0.0, 0.0, 4, 0.0, 1.0, 10, 10, 0, 17357.2] 0.920716
[1, 0.0, 0, 0.0, 0.0, 0, 4, 0, 2.0, 8.0, 8.0, 0, 19707.8] 0.991234
[1, 0.0, 0, 0.0, 0.0, 0, 4, 0.0, 2, 8, 8, 0, 19707.8] 0.991234
[1.0, 0.0, 0, 0, 0.0, 0.0, 4, 0.0, 2, 8, 8.0, 0.0, 19707.8] 0.991234
[1.0, 0, 0.0, 0, 0, 0.0, 3.0, 0.0, 1, 8.0, 8, 64, 19555.0] 0.98665
[1.0, 0, 0, 0.0, 0, 0, 4, 0.0, 2, 8, 8, 0, 19707.8] 0.991234
[1, 0, 1, 1.0, 1.0, 0, 1, 0, 1.0, 8.0, 8, 0, 16523.4] 0.895702
[1, 0.0, 0.0, 0, 0, 0, 3.0, 0.0, 1, 8, 8.0, 0, 19673.8] 0.9902139999999999
