[1.0, 0.0, 1.0, 0.0, 0.0, 0.0, 1, 0.0, 1.0, 10.0, 8.0, 128, 15425.0] 0.86275
[1, 0.0, 1.0, 0.0, 0.0, 0.0, 4.0, 0.0, 1.0, 8.0, 8.0, 8.0, 15338.4] 0.8601519999999999
[1, 1, 0, 0.0, 0.0, 0.0, 1, 0.0, 4.0, 8, 8.0, 8.0, 14276.8] 0.7849119999999999
[1.0, 0.0, 1.0, 1.0, 1.0, 0, 3.0, 0.0, 1.0, 8.0, 10.0, 0, 15572.8] 0.867184
[1, 0.0, 0, 0.0, 0.0, 0.0, 2.0, 0.0, 2.0, 8.0, 8.0, 0.0, 16792.2] 0.903766
[1.0, 0, 0.0, 0.0, 0.0, 1.0, 2.0, 0.0, 4.0, 10.0, 8.0, 10.0, 12868.4] 0.658156
[1.0, 1.0, 1.0, 0.0, 0.0, 0.0, 4.0, 0.0, 3, 10.0, 10.0, 10.0, 11535.6] 0.538204
[1.0, 0, 1.0, 0.0, 0.0, 1.0, 2.0, 0.0, 4.0, 8.0, 10, 20.0, 12787.6] 0.650884
[1.0, 0, 1.0, 0.0, 0.0, 0.0, 2.0, 0.0, 2.0, 8.0, 10.0, 10.0, 14693.2] 0.8223880000000001
[1.0, 1.0, 1, 1.0, 1, 0.0, 2.0, 0.0, 2.0, 10.0, 8, 128, 12636.2] 0.6372580000000001
[1.0, 0.0, 1.0, 1.0, 1.0, 1, 4.0, 0.0, 1.0, 8.0, 10.0, 0, 15450.0] 0.8634999999999999
[1.0, 0.0, 0, 0.0, 0.0, 1.0, 4.0, 0, 3.0, 8.0, 8.0, 64, 15457.2] 0.863716
[1, 0, 1.0, 0.0, 0.0, 0.0, 3, 0.0, 2, 8.0, 20.0, 0.0, 11353.4] 0.521806
[1, 0, 1.0, 1.0, 1, 1.0, 2.0, 0.0, 3.0, 10, 8.0, 128, 13375.6] 0.7038040000000001
[1.0, 0.0, 0.0, 0.0, 0.0, 0.0, 4.0, 0.0, 4.0, 10, 10, 64, 13439.8] 0.7095819999999999
[1.0, 0.0, 0.0, 0.0, 0.0, 0.0, 4.0, 0.0, 1.0, 8.0, 20.0, 32.0, 13658.4] 0.7292559999999999
[1.0, 0, 0, 0.0, 0.0, 1.0, 4.0, 0, 1.0, 10.0, 10.0, 32.0, 15454.6] 0.863638
[1.0, 0.0, 1.0, 1.0, 1.0, 0, 3.0, 0.0, 1.0, 8.0, 8.0, 64.0, 15643.6] 0.869308
[1.0, 0, 0.0, 0, 0.0, 0.0, 3, 0.0, 4.0, 8, 8.0, 128.0, 16271.8] 0.888154
[1.0, 1, 1.0, 0.0, 0.0, 0.0, 1.0, 0.0, 4.0, 8, 8, 128.0, 14505.8] 0.8055219999999998
[1.0, 0.0, 0.0, 0.0, 0.0, 0.0, 3, 0.0, 1, 10, 0.0, 0.0, 10457.8] 0.4412019999999999
[1.0, 0, 1, 1.0, 1, 1.0, 2.0, 0.0, 1, 8, 8.0, 64.0, 15631.2] 0.868936
[1.0, 0.0, 0.0, 0.0, 0.0, 0.0, 2, 0.0, 1.0, 64, 0.0, 8.0, 9683.0] 0.3553521126760564
[1.0, 0.0, 0, 0.0, 0.0, 1.0, 2, 0.0, 2.0, 8.0, 8.0, 128.0, 16784.8] 0.9035439999999999
[1.0, 0.0, 0.0, 0.0, 0.0, 0.0, 4.0, 0.0, 1.0, 10, 10, 20, 16531.4] 0.895942
[1.0, 0.0, 0.0, 0, 0.0, 0.0, 3.0, 0.0, 1, 8, 8.0, 0.0, 19673.8] 0.9902139999999999
[1.0, 0, 1.0, 0.0, 0.0, 0.0, 1.0, 0.0, 2.0, 8.0, 8.0, 10.0, 15588.0] 0.86764
[1.0, 0.0, 0.0, 0.0, 0.0, 1, 3, 0.0, 1.0, 10.0, 10.0, 64, 14362.4] 0.792616
[1, 0.0, 1.0, 1.0, 1.0, 0.0, 4, 0.0, 1.0, 8.0, 10.0, 10.0, 14716.6] 0.8244940000000001
[1.0, 0.0, 0.0, 0.0, 0.0, 1.0, 3.0, 0.0, 2.0, 16.0, 8.0, 64, 12004.4] 0.5803959999999999
