[1.0, 0.0, 0.0, 0.0, 0.0, 0.0, 4.0, 0, 2, 8.0, 8.0, 0, 19707.8] 0.991234
[1, 0, 0.0, 0.0, 0.0, 0, 4.0, 0.0, 2, 8, 8, 0.0, 19707.8] 0.991234
[1, 0.0, 0.0, 0, 0, 0, 4.0, 0, 2.0, 8, 8, 128, 19600.2] 0.988006
[1.0, 0, 0.0, 0.0, 0.0, 0.0, 4.0, 0.0, 2, 8.0, 8.0, 0.0, 19707.8] 0.991234
[1, 0, 0, 0.0, 0.0, 0, 4, 0, 2.0, 8.0, 8, 0, 19707.8] 0.991234
[1, 0.0, 0.0, 0.0, 0.0, 0, 4, 0, 2, 8, 8.0, 0, 19707.8] 0.991234
[1.0, 0.0, 0, 0.0, 0.0, 0, 4.0, 0.0, 2.0, 8.0, 8.0, 0, 19707.8] 0.991234
[1, 0.0, 0.0, 0.0, 0, 0.0, 4, 0, 2, 8.0, 8, 0, 19707.8] 0.991234
[1, 0, 1.0, 1.0, 1.0, 0, 2, 0.0, 1, 10.0, 8.0, 0, 15190.4] 0.8557119999999999
[1, 0.0, 0.0, 0.0, 0.0, 0.0, 3, 0.0, 1, 8.0, 8, 128, 19583.4] 0.9875020000000001
[1.0, 0.0, 0.0, 0.0, 0.0, 0.0, 4, 0, 2, 8, 8, 0, 19707.8] 0.991234
[1, 0, 0, 0, 0, 0.0, 4, 0.0, 2, 8.0, 8, 0, 19707.8] 0.991234
[1, 0.0, 0, 0.0, 0, 0, 3, 0, 2, 8.0, 8, 8, 18473.0] 0.95419
[1, 0.0, 0, 0.0, 0, 0.0, 3, 0.0, 2.0, 8.0, 8.0, 0, 19692.2] 0.990766
[1.0, 0.0, 0, 0, 0.0, 0, 3, 0, 1, 8.0, 8.0, 128, 19583.4] 0.9875020000000001
[1, 0, 0.0, 0.0, 0, 0, 3, 0.0, 1.0, 8, 10.0, 0, 18899.0] 0.96697
[1, 0.0, 0.0, 0.0, 0.0, 0, 3.0, 0.0, 1, 8, 8, 128, 19583.4] 0.9875020000000001
[1, 0.0, 0, 0.0, 0.0, 0, 4, 0.0, 2.0, 8, 8.0, 0, 19707.8] 0.991234
[1, 0.0, 0.0, 0.0, 0.0, 0.0, 4.0, 0, 2, 8, 8, 0, 19707.8] 0.991234
[1, 0, 0, 0, 0.0, 0, 4, 0, 2, 8, 8.0, 0.0, 19707.8] 0.991234
[1, 0, 0, 0, 0, 0, 4, 0.0, 1, 10, 10, 0.0, 17357.2] 0.920716
[1, 0, 0.0, 0.0, 0, 0.0, 3, 0, 1.0, 8.0, 8, 64, 19555.0] 0.98665
[1.0, 0, 0, 0, 0, 0, 4, 0.0, 2, 8, 8, 0, 19707.8] 0.991234
[1.0, 0, 0.0, 0.0, 0.0, 0.0, 3, 0.0, 2, 8.0, 8, 128, 19576.0] 0.9872799999999999
[1.0, 0.0, 0, 0, 0, 0, 3, 0, 2, 8, 8.0, 64, 19541.8] 0.986254
[1, 0, 1, 1, 1.0, 1.0, 3.0, 0.0, 2.0, 8, 8, 0, 16305.0] 0.88915
[1, 0, 1, 0.0, 0.0, 0.0, 2, 0.0, 2.0, 8.0, 8.0, 64, 16724.4] 0.901732
[1, 0.0, 0, 0, 0, 0, 4, 0, 2, 8, 8.0, 0, 19707.8] 0.991234
[1.0, 0, 0, 0.0, 0, 0, 4.0, 0, 1.0, 8.0, 10, 0, 18857.4] 0.9657220000000001
[1, 0, 0, 0, 0.0, 1, 3, 0, 1.0, 8.0, 8.0, 0, 18647.2] 0.959416
