[1, 0, 0, 0.0, 0.0, 0.0, 4.0, 0.0, 2, 8.0, 8.0, 128, 19600.2] 0.988006
[1, 0.0, 0, 0.0, 0.0, 1, 3, 0.0, 1.0, 20.0, 8.0, 0, 12224.2] 0.6001780000000001
[1.0, 0, 0.0, 0.0, 0.0, 1, 4.0, 0, 2, 8, 8, 128, 17970.0] 0.9391
[1, 0, 0, 0.0, 0.0, 0.0, 4.0, 0.0, 3.0, 8, 8, 128, 15981.0] 0.8794299999999999
[1, 0.0, 1, 1.0, 1.0, 0.0, 3.0, 0.0, 2, 8, 8, 0, 16134.4] 0.8840319999999999
[1, 0, 0, 0, 0, 0.0, 1.0, 0.0, 1, 8, 10, 32.0, 15286.8] 0.8586039999999999
[1, 0.0, 0, 0.0, 0, 0.0, 3, 0, 1, 8, 8.0, 128, 19583.4] 0.9875020000000001
[1.0, 0.0, 0.0, 0.0, 0.0, 0, 4, 0, 2.0, 8.0, 10.0, 8.0, 17975.6] 0.939268
[1, 0, 0.0, 0, 0.0, 0, 4, 0.0, 2, 10.0, 8.0, 64, 17750.6] 0.932518
[1.0, 0, 0.0, 0, 0.0, 0, 4.0, 0.0, 2.0, 8, 8.0, 0, 19707.8] 0.991234
[1, 0.0, 1, 0.0, 0.0, 0, 2, 0, 1, 10, 8.0, 0, 15695.2] 0.870856
[1.0, 0.0, 1, 1.0, 1.0, 1.0, 3, 0.0, 2.0, 8, 8.0, 64.0, 15819.8] 0.874594
[1.0, 0.0, 1, 0.0, 0.0, 0.0, 2, 0, 2, 10.0, 8, 128.0, 15570.0] 0.8671
[1.0, 0.0, 0.0, 0.0, 0, 0, 4.0, 0, 2.0, 8, 8.0, 0, 19707.8] 0.991234
[1.0, 0.0, 0.0, 0, 0, 0.0, 3, 0, 1, 8, 8, 64, 19555.0] 0.98665
[1, 0, 0, 0.0, 0.0, 0.0, 4.0, 0.0, 2, 8, 8, 0.0, 19707.8] 0.991234
[1.0, 0, 0, 0, 0.0, 0.0, 3.0, 0.0, 1, 10, 8, 16, 15579.4] 0.867382
[1.0, 0.0, 0, 0.0, 0.0, 0.0, 3.0, 0, 1.0, 8.0, 8, 0, 19673.8] 0.9902139999999999
[1.0, 0, 0.0, 0.0, 0.0, 0.0, 3.0, 0, 2.0, 8.0, 10, 0, 18819.2] 0.964576
[1.0, 0, 0, 0.0, 0.0, 0, 4, 0.0, 2.0, 8.0, 10.0, 0, 18759.8] 0.9627939999999999
[1, 1, 0, 0.0, 0.0, 0.0, 3.0, 0.0, 1, 16, 8.0, 0, 10759.8] 0.46838199999999997
[1.0, 0, 0, 0, 0.0, 0, 2.0, 0, 1, 8, 8, 0.0, 17050.2] 0.911506
[1, 0, 0, 0, 0, 0.0, 4, 0, 2, 8, 8.0, 128, 19600.2] 0.988006
[1.0, 0.0, 0.0, 0.0, 0.0, 0.0, 4, 0.0, 1.0, 16.0, 10.0, 8.0, 12144.2] 0.5929780000000001
[1.0, 0.0, 0, 0.0, 0.0, 0.0, 3, 0.0, 1, 8, 8, 20, 18336.8] 0.950104
[1.0, 0, 0.0, 0.0, 0.0, 0, 3, 0.0, 1.0, 8.0, 10.0, 0, 18899.0] 0.96697
[1.0, 0, 0.0, 0, 0.0, 0.0, 4, 0.0, 1.0, 10.0, 10.0, 64.0, 17328.4] 0.919852
[1.0, 0.0, 0, 0.0, 0, 0.0, 3.0, 0.0, 2.0, 8.0, 10.0, 0.0, 18819.2] 0.964576
[1.0, 0.0, 0, 0.0, 0.0, 0.0, 3.0, 0.0, 3.0, 8.0, 8, 128, 15791.0] 0.87373
[1.0, 0.0, 0.0, 0, 0.0, 0.0, 4, 0.0, 1, 10, 10.0, 0.0, 17357.2] 0.920716
