[1, 0, 0, 0.0, 0.0, 0, 4, 0.0, 2, 8, 8, 0, 19707.8] 0.9373857142857142
[1, 0, 0, 0, 0, 1, 2, 0, 2, 8.0, 8, 0, 17067.0] 0.37953846153846155
[1.0, 0, 0, 0.0, 0.0, 0.0, 3.0, 0, 1.0, 8, 10, 0.0, 18899.0] 0.7640714285714285
[1, 0.0, 0, 0.0, 0.0, 0.0, 4.0, 0, 2, 8.0, 8.0, 0.0, 19707.8] 0.9373857142857142
[1, 0, 0, 0, 0, 0, 3, 0.0, 2.0, 8, 8, 128, 19576.0] 0.9091428571428571
[1, 0, 0, 0.0, 0, 0, 4, 0.0, 2, 8.0, 8.0, 0, 19707.8] 0.9373857142857142
[1.0, 0, 0, 0, 0.0, 0.0, 4, 0, 2, 8.0, 8, 0, 19707.8] 0.9373857142857142
[1, 0, 0, 0.0, 0, 0, 4, 0.0, 2, 8.0, 8.0, 128, 19600.2] 0.9143285714285716
[1, 0, 0.0, 0, 0, 0.0, 4, 0.0, 2.0, 8.0, 8.0, 0, 19707.8] 0.9373857142857142
[1, 0.0, 1.0, 1, 1.0, 1.0, 3, 0, 2.0, 8.0, 8.0, 0.0, 16305.0] 0.26230769230769235
[1, 0.0, 0, 0.0, 0, 0.0, 4, 0.0, 2, 8, 8, 0, 19707.8] 0.9373857142857142
[1, 0, 0, 0, 0, 0, 4, 0, 2, 8.0, 8, 0, 19707.8] 0.9373857142857142
[1.0, 0.0, 0, 0.0, 0.0, 0, 4.0, 0.0, 2, 8, 8.0, 0.0, 19707.8] 0.9373857142857142
[1, 0.0, 0, 0.0, 0.0, 0.0, 4, 0, 2, 8.0, 8.0, 0.0, 19707.8] 0.9373857142857142
[1, 0.0, 0.0, 0.0, 0.0, 0.0, 4.0, 0.0, 2, 8, 8.0, 0.0, 19707.8] 0.9373857142857142
[1, 0.0, 0, 0.0, 0, 0, 4, 0.0, 2, 8.0, 8.0, 0, 19707.8] 0.9373857142857142
[1, 0.0, 0, 0, 0, 0, 4.0, 0.0, 2, 8.0, 8, 0.0, 19707.8] 0.9373857142857142
[1, 0.0, 0, 0.0, 0.0, 0.0, 4, 0.0, 2.0, 8, 8, 0.0, 19707.8] 0.9373857142857142
[1, 0.0, 1.0, 1.0, 1.0, 0, 1, 0.0, 1, 8, 8, 0.0, 16523.4] 0.29590769230769254
[1, 0, 0, 0, 0, 0, 3, 0, 1, 8, 8, 0, 19673.8] 0.9300999999999998
[1, 0.0, 0, 0.0, 0.0, 0.0, 4, 0, 2, 8, 8.0, 0, 19707.8] 0.9373857142857142
[1, 0.0, 0.0, 0, 0.0, 0, 3, 0.0, 2, 8, 8, 0, 19692.2] 0.9340428571428573
[1, 0.0, 0, 0.0, 0, 0, 4, 0.0, 2.0, 8.0, 8.0, 0, 19707.8] 0.9373857142857142
[1, 0, 0.0, 0, 0, 0, 3, 0.0, 2, 8.0, 8, 0, 19692.2] 0.9340428571428573
[1, 0.0, 0, 0.0, 0, 0.0, 4, 0, 2, 8.0, 8, 0.0, 19707.8] 0.9373857142857142
[1.0, 0.0, 0, 0, 0.0, 0, 3, 0.0, 1, 8, 8.0, 64, 19555.0] 0.9046428571428572
[1, 0.0, 0, 0.0, 0.0, 0, 4, 0.0, 2, 8.0, 8, 0, 19707.8] 0.9373857142857142
[1.0, 0.0, 0, 0, 0.0, 0, 4.0, 0, 2, 8, 8.0, 0, 19707.8] 0.9373857142857142
[1, 0, 0.0, 0, 0.0, 0.0, 4, 0.0, 2, 8, 8, 0, 19707.8] 0.9373857142857142
[1, 0, 0, 0, 0, 0.0, 4, 0.0, 1.0, 8, 8, 0.0, 19332.8] 0.8570285714285713
