[1.0, 0, 0.0, 0.0, 0.0, 0.0, 4, 0.0, 2, 8.0, 8.0, 0, 19707.8] 0.9373857142857142
[1.0, 0, 0, 0, 0, 0, 3, 0, 1, 8.0, 8, 0, 19673.8] 0.9300999999999998
[1, 0, 0, 0.0, 0, 0.0, 3, 0.0, 2, 8, 8, 64, 19541.8] 0.9018142857142856
[1, 0, 1, 1.0, 1.0, 0, 1, 0, 1, 8.0, 8.0, 0, 16523.4] 0.29590769230769254
[1.0, 0, 0, 0, 0.0, 0, 3, 0.0, 1, 8, 10, 0, 18899.0] 0.7640714285714285
[1.0, 0, 0, 0.0, 0, 0.0, 4.0, 0, 2.0, 8.0, 8.0, 0.0, 19707.8] 0.9373857142857142
[1.0, 0.0, 1.0, 1, 1.0, 0, 1, 0.0, 1, 8.0, 8, 0, 16523.4] 0.29590769230769254
[1, 0.0, 0, 0, 0.0, 0, 4.0, 0.0, 2.0, 8, 8, 0, 19707.8] 0.9373857142857142
[1.0, 0.0, 0, 0, 0.0, 0.0, 4.0, 0.0, 2.0, 8, 8.0, 0.0, 19707.8] 0.9373857142857142
[1, 0, 0, 0, 0, 0, 4, 0, 2, 8.0, 8.0, 128, 19600.2] 0.9143285714285716
[1.0, 1.0, 0.0, 0.0, 0.0, 0.0, 3.0, 0.0, 3.0, 8.0, 8.0, 10.0, 15039.8] 0
[1, 0.0, 0, 0.0, 0.0, 0, 4, 0, 1.0, 10, 10.0, 32.0, 16897.0] 0.3533846153846154
[1.0, 0, 0, 0.0, 0.0, 1, 2.0, 0.0, 1.0, 8, 8, 0.0, 17116.2] 0.38710769230769243
[1, 0.0, 0.0, 0.0, 0, 0.0, 3.0, 0, 1, 8.0, 10.0, 0, 18899.0] 0.7640714285714285
[1, 0.0, 0, 0, 0, 0, 4, 0, 2, 8.0, 8.0, 0, 19707.8] 0.9373857142857142
[1, 0.0, 0, 0, 0, 0.0, 2, 0, 1, 8, 8, 0, 17050.2] 0.3769538461538463
[1.0, 0.0, 1.0, 1, 1, 0.0, 1, 0, 1.0, 8, 8.0, 0, 16523.4] 0.29590769230769254
[1.0, 0, 0, 0.0, 0, 0.0, 4, 0.0, 2, 8.0, 8, 0, 19707.8] 0.9373857142857142
[1.0, 0.0, 0.0, 0.0, 0.0, 0.0, 4.0, 0.0, 4.0, 16.0, 0.0, 16.0, 7928.4] 0
[1.0, 0, 0, 0, 0, 0, 4.0, 0.0, 2, 8.0, 8, 0, 19707.8] 0.9373857142857142
[1, 0.0, 0, 0, 0, 0, 3.0, 0, 1.0, 8.0, 10.0, 0, 18899.0] 0.7640714285714285
[1.0, 0, 1, 1.0, 1.0, 0, 1, 0.0, 1, 8.0, 8, 0, 16523.4] 0.29590769230769254
[1.0, 0, 0.0, 0.0, 0.0, 0, 4, 0.0, 2, 8.0, 8, 128, 19600.2] 0.9143285714285716
[1.0, 0.0, 0.0, 0, 0, 0.0, 4, 0.0, 2, 8.0, 8.0, 0, 19707.8] 0.9373857142857142
[1.0, 0.0, 0, 0.0, 0.0, 0, 4, 0, 2.0, 8, 8, 0.0, 19707.8] 0.9373857142857142
[1, 0.0, 0, 0.0, 0, 0, 4, 0, 2, 8.0, 8.0, 0, 19707.8] 0.9373857142857142
[1.0, 0.0, 0, 0, 0, 0.0, 4, 0.0, 2, 8, 8, 0.0, 19707.8] 0.9373857142857142
[1, 0.0, 0, 0.0, 0, 0, 4, 0, 2.0, 8, 8, 0, 19707.8] 0.9373857142857142
[1.0, 0, 0.0, 0.0, 0.0, 0, 4, 0, 2.0, 8, 8.0, 0, 19707.8] 0.9373857142857142
[1, 0, 0, 0.0, 0, 0, 3.0, 0.0, 2, 8.0, 8, 0, 19692.2] 0.9340428571428573
