[1.0, 1.0, 1.0, 1.0, 1.0, 1.0, 4.0, 0.0, 1.0, 10.0, 10.0, 8.0, 11744.0] 0
[1, 0, 1, 1, 1.0, 0, 4.0, 0.0, 4.0, 8.0, 10, 20.0, 13242.0] 0.039879518072289157
[1.0, 0, 1, 0.0, 0.0, 0.0, 3.0, 0.0, 1.0, 8, 10, 0.0, 15374.2] 0.16832530120481934
[1.0, 0.0, 1.0, 0.0, 0.0, 1.0, 4.0, 0.0, 1.0, 8.0, 8.0, 32, 15232.0] 0.15975903614457831
[1.0, 0.0, 1.0, 1.0, 1.0, 1.0, 3.0, 0.0, 2.0, 10, 10.0, 128.0, 13341.6] 0.04587951807228918
[1.0, 0, 1, 0.0, 0.0, 0.0, 2.0, 0.0, 3.0, 8.0, 8.0, 128.0, 15434.2] 0.17193975903614464
[1.0, 0, 1.0, 0, 0.0, 0.0, 1, 0.0, 2, 8.0, 8, 128, 16631.4] 0.3125230769230772
[1.0, 1.0, 0.0, 0.0, 0, 0.0, 4.0, 0.0, 1.0, 8.0, 8.0, 10, 15139.2] 0.15416867469879525
[1.0, 0, 0.0, 0.0, 0.0, 1, 4, 0.0, 2.0, 8.0, 8.0, 64, 18162.6] 0.6062714285714282
[1.0, 0, 1.0, 1.0, 1, 1.0, 4.0, 0, 2.0, 8.0, 8.0, 0.0, 16300.6] 0.26163076923076933
[1.0, 0.0, 0.0, 0.0, 0, 0.0, 3.0, 0.0, 1.0, 8, 8.0, 8, 18527.6] 0.6844857142857139
[1.0, 0.0, 1.0, 1.0, 1, 1.0, 2.0, 0.0, 1.0, 8.0, 8.0, 128.0, 15666.8] 0.18595180722891563
[1, 0.0, 0, 0.0, 0.0, 1.0, 4.0, 0.0, 1.0, 8, 8.0, 0.0, 17575.4] 0.4804428571428575
[1, 0.0, 0.0, 0.0, 0.0, 1.0, 2.0, 0.0, 1.0, 8.0, 8.0, 0.0, 17116.2] 0.38710769230769243
[1, 0.0, 0.0, 0.0, 0.0, 0.0, 4.0, 0.0, 1, 8, 8.0, 0.0, 19332.8] 0.8570285714285713
[1, 0.0, 1, 0, 0.0, 0.0, 2.0, 0.0, 2, 8.0, 8.0, 0, 16868.0] 0.3489230769230769
[1.0, 1.0, 1.0, 0.0, 0.0, 1.0, 4.0, 0.0, 4.0, 8.0, 0.0, 64.0, 8804.4] 0
[1, 0.0, 0, 0.0, 0.0, 0.0, 4.0, 0.0, 2.0, 10.0, 8, 0.0, 17862.4] 0.5419428571428575
[1.0, 0.0, 1, 1.0, 1.0, 0, 3.0, 0.0, 2.0, 10, 8.0, 0.0, 14313.6] 0.10443373493975905
[1.0, 0.0, 1, 1.0, 1.0, 0.0, 1.0, 0, 1, 8.0, 8, 128.0, 16310.0] 0.2630769230769231
[1, 0.0, 0, 0.0, 0.0, 0.0, 4, 0.0, 2, 10.0, 8.0, 64.0, 17750.6] 0.517985714285714
[1.0, 1.0, 1.0, 0.0, 0.0, 1.0, 2.0, 0.0, 4.0, 8.0, 0.0, 10.0, 5958.8] 0
[1, 0.0, 1.0, 0.0, 0.0, 1.0, 2, 0.0, 2.0, 8.0, 8.0, 0.0, 16449.0] 0.2844615384615385
[1, 0.0, 0.0, 0.0, 0.0, 0.0, 4.0, 0.0, 2.0, 8.0, 10.0, 32.0, 18298.4] 0.6353714285714289
[1.0, 0.0, 0.0, 0.0, 0, 0.0, 4.0, 0.0, 2, 10.0, 10.0, 0.0, 17325.0] 0.4267857142857143
[1.0, 0.0, 1.0, 0.0, 0.0, 0.0, 1.0, 0.0, 1.0, 16.0, 16.0, 0.0, 9418.0] 0
[1.0, 0.0, 1.0, 0.0, 0.0, 0.0, 3, 0.0, 1.0, 8.0, 10.0, 128.0, 14556.8] 0.11908433734939755
[1.0, 0.0, 0, 0, 0.0, 0, 4.0, 0, 2, 8, 8.0, 20.0, 18394.2] 0.6559000000000001
[1.0, 0.0, 1.0, 0, 0.0, 0.0, 2, 0.0, 1.0, 8, 10, 16.0, 14785.4] 0.13285542168674697
[1.0, 1.0, 0.0, 0.0, 0.0, 0.0, 2.0, 0.0, 4.0, 128.0, 64.0, 0.0, 5687.2] 0
