[1.0, 0, 0, 0, 0, 0, 3, 0, 1.0, 8.0, 8.0, 0, 19673.8] 0.9300999999999998
[1.0, 0, 0, 0.0, 0.0, 0, 3, 0.0, 1.0, 8.0, 8.0, 10, 18828.6] 0.7489857142857139
[1, 0, 0.0, 0, 0.0, 0, 4, 0.0, 2.0, 8, 8, 8, 18511.4] 0.681014285714286
[1.0, 0, 0.0, 0, 0, 0, 4, 0, 1, 8.0, 10.0, 128, 18754.8] 0.7331714285714284
[1.0, 0.0, 1.0, 0.0, 0, 0.0, 2, 0, 2, 8.0, 8.0, 0, 16868.0] 0.3489230769230769
[1, 0.0, 0.0, 0, 0, 0.0, 3, 0.0, 2, 8.0, 8, 0, 19692.2] 0.9340428571428573
[1, 0, 1.0, 1.0, 1.0, 0, 1, 0.0, 1, 8.0, 8.0, 0, 16523.4] 0.29590769230769254
[1, 0.0, 0, 0, 0.0, 0, 4.0, 0, 2.0, 8.0, 8, 128.0, 19600.2] 0.9143285714285716
[1, 0.0, 1.0, 1.0, 1, 0, 1, 0, 1, 8.0, 8.0, 0, 16523.4] 0.29590769230769254
[1.0, 0.0, 0, 0.0, 0.0, 0.0, 3, 0.0, 1, 8, 10.0, 0, 18899.0] 0.7640714285714285
[1, 0, 1.0, 1.0, 1.0, 0, 2, 0, 1.0, 8, 8.0, 0.0, 16447.8] 0.284276923076923
[1.0, 0, 0.0, 0.0, 0.0, 0, 3.0, 0.0, 1.0, 8.0, 8.0, 128.0, 19583.4] 0.9107285714285718
[1.0, 0, 1.0, 0.0, 0.0, 0, 1.0, 0.0, 2, 10.0, 10, 128.0, 14609.6] 0.1222650602409639
[1.0, 0, 0, 0.0, 0.0, 0, 3, 0.0, 2.0, 8.0, 8.0, 0, 19692.2] 0.9340428571428573
[1, 0, 0.0, 0.0, 0.0, 0, 4, 0.0, 2, 8.0, 8.0, 0, 19707.8] 0.9373857142857142
[1, 0, 0, 0.0, 0, 0.0, 3.0, 0.0, 2.0, 8.0, 8.0, 0.0, 19692.2] 0.9340428571428573
[1.0, 0, 0.0, 0, 0, 0, 3, 0.0, 1.0, 8.0, 8.0, 0.0, 19673.8] 0.9300999999999998
[1.0, 0, 0.0, 0, 0.0, 1, 3, 0.0, 1, 8, 8.0, 0.0, 18647.2] 0.7101142857142859
[1.0, 0.0, 0, 0.0, 0, 0, 4, 0.0, 2, 8.0, 8.0, 20, 18394.2] 0.6559000000000001
[1.0, 0.0, 0.0, 0.0, 0, 0.0, 4, 0.0, 2.0, 8.0, 8.0, 0, 19707.8] 0.9373857142857142
[1, 0.0, 0.0, 0.0, 0.0, 0.0, 4, 0, 2.0, 8, 10.0, 0, 18759.8] 0.734242857142857
[1, 0, 0.0, 0.0, 0.0, 0, 3.0, 0.0, 1, 8, 8.0, 0, 19673.8] 0.9300999999999998
[1.0, 0.0, 1.0, 0.0, 0, 0.0, 2, 0.0, 2, 8.0, 8, 128.0, 16856.4] 0.3471384615384618
[1, 0, 0.0, 0.0, 0, 0, 4, 0, 2, 8.0, 8.0, 0, 19707.8] 0.9373857142857142
[1.0, 0, 0, 0.0, 0.0, 0.0, 3, 0.0, 1.0, 8.0, 8.0, 0, 19673.8] 0.9300999999999998
[1.0, 0.0, 0.0, 0.0, 0.0, 0.0, 3, 0, 2, 8, 8.0, 0, 19692.2] 0.9340428571428573
[1.0, 0.0, 0, 0.0, 0, 0.0, 4, 0, 2.0, 8.0, 8, 0, 19707.8] 0.9373857142857142
[1, 0, 0, 0.0, 0.0, 0, 4, 0.0, 2, 8.0, 8.0, 0, 19707.8] 0.9373857142857142
[1, 0, 1.0, 1.0, 1.0, 1, 3, 0, 2, 8.0, 8.0, 0, 16305.0] 0.26230769230769235
[1.0, 0.0, 0.0, 0.0, 0.0, 0, 3, 0.0, 1, 8, 8.0, 128, 19583.4] 0.9107285714285718
