[1.0, 0, 0, 1.0, 1.0, 1.0, 0.0, 0.0, 0, 0, 1.0, 20.0, 1, 8.0, 125373.0] 0.3055277870216306
[1, 1, 1.0, 1.0, 1.0, 0.0, 0.0, 0, 1.0, 0.0, 0, 0.0, 128, 10.0, 422401.4] 0.9974408652246256
[1.0, 0, 1, 1, 1, 0.0, 0, 0, 1.0, 0.0, 1, 0, 1, 10.0, 424574.6] 1.0
[1.0, 0.0, 0.0, 1.0, 1.0, 0.0, 0.0, 0.0, 0.0, 1.0, 1.0, 60.0, 4096.0, 10.0, 304407.4] 0.7225796339434276
[1.0, 0, 0, 1, 1.0, 0.0, 1.0, 0.0, 0.0, 0.0, 0.0, 0, 64.0, 10.0, 131903.2] 0.3207395673876872
[1, 1.0, 0.0, 0, 1.0, 0.0, 0.0, 0.0, 0, 1.0, 0, 60.0, 256, 10.0, 303476.4] 0.720410915141431
[1.0, 0, 0, 1.0, 1, 0.0, 0.0, 0, 0, 1, 1, 40, 256, 10.0, 302876.6] 0.719013710482529
[1.0, 1.0, 1, 1, 1.0, 0, 0.0, 0, 1.0, 0.0, 0, 10, 1, 10.0, 420823.8] 0.9937659234608984
[1.0, 1, 1.0, 1, 1, 0.0, 0, 0.0, 1, 0, 1, 30, 2, 10.0, 415705.2] 0.9818423960066556
[1.0, 0.0, 1, 1.0, 1, 0.0, 0.0, 0.0, 1, 0.0, 1.0, 0, 1, 10.0, 424574.6] 1.0
[1, 0.0, 1, 1, 1.0, 0.0, 0.0, 0.0, 1, 0, 1, 0, 1, 10.0, 424574.6] 1.0
[1, 1, 0.0, 1, 1, 0, 0, 0.0, 1.0, 0.0, 1, 0, 256, 10.0, 422061.4] 0.9966488519134775
[1.0, 0.0, 0, 1.0, 1, 0.0, 0, 0.0, 0.0, 1.0, 0.0, 100, 2048.0, 10.0, 304237.6] 0.7221840931780366
[1.0, 1.0, 0, 0, 1.0, 0.0, 0, 0.0, 0, 1.0, 0, 40.0, 512.0, 10, 305319.4] 0.7247040931780366
[1.0, 1, 0, 1.0, 1.0, 0, 0.0, 0, 1.0, 0.0, 0, 0, 512, 10.0, 421564.2] 0.9954906489184692
[1, 0, 1, 0, 1, 0.0, 0, 0, 0, 1, 0, 60.0, 256, 10.0, 304798.6] 0.7234909151414308
[1.0, 1.0, 1.0, 1.0, 1.0, 0, 0.0, 0.0, 0.0, 1, 0, 10, 1, 10, 301556.2] 0.7159379034941764
[1.0, 0.0, 1, 1.0, 1, 0, 1.0, 0, 0.0, 0.0, 0, 0, 4, 8, 132074.2] 0.32113790349417637
[1, 1, 0, 1.0, 1, 0, 0, 0, 1, 0, 1.0, 0, 32, 10.0, 422006.6] 0.9965211980033277
[1, 0.0, 1.0, 0.0, 1.0, 0.0, 0.0, 0.0, 0.0, 1.0, 1.0, 100, 4096.0, 10, 303869.6] 0.7213268552412645
[1, 0.0, 1, 1.0, 1.0, 0, 0.0, 0, 1, 0, 1, 50.0, 1, 10.0, 420763.0] 0.9936242928452579
[1, 0.0, 1, 1, 1, 0, 0, 0.0, 1.0, 0.0, 1, 0, 1, 10, 424574.6] 1.0
[1.0, 0, 1, 0, 1.0, 0.0, 0.0, 0.0, 0.0, 1.0, 0, 60.0, 256.0, 10.0, 304798.6] 0.7234909151414308
[1, 1, 0, 1, 1, 0, 0.0, 0, 1, 0, 1.0, 40, 1.0, 10, 421557.6] 0.9954752745424291
[1, 1.0, 0.0, 0, 1, 0.0, 0, 0, 0, 1.0, 0.0, 40.0, 512, 10.0, 305319.4] 0.7247040931780366
[1.0, 1, 1, 1, 1, 0.0, 0.0, 0, 1.0, 0.0, 1, 0, 1, 10, 421026.0] 0.99423693843594
[1.0, 0, 1.0, 1, 1, 0.0, 1.0, 0.0, 0, 0, 0, 0.0, 4.0, 8.0, 132074.2] 0.32113790349417637
[1.0, 1.0, 0.0, 0.0, 1.0, 0.0, 0, 0.0, 0.0, 1, 0.0, 40, 64.0, 10.0, 304643.2] 0.723128918469218
[1.0, 1.0, 1, 1.0, 1.0, 0.0, 0.0, 0.0, 0.0, 1.0, 0.0, 100.0, 512, 10.0, 303810.0] 0.7211880199667221
[1.0, 0.0, 1.0, 1.0, 1, 0, 0.0, 0.0, 1, 0, 1, 0, 4, 10.0, 422067.4] 0.9966628286189683
