[1.0, 1.0, 0.0, 1.0, 0.0, 0.0, 1.0, 0.0, 0.0, 0.0, 0.0, 64.0, 2.0, 2.0, 173.847] 0
[0.0, 1.0, 0.0, 1.0, 0.0, 0.0, 1.0, 1.0, 0.0, 0.0, 0.0, 256.0, 6.0, 6.0, 4151.03] 0.9915142309750246
[0.0, 1.0, 0.0, 1.0, 0.0, 0.0, 0.0, 1.0, 0.0, 1.0, 0.0, 64.0, 4.0, 2.0, 2122.78] 0.921498524259109
[0.0, 1.0, 0.0, 1.0, 0.0, 0.0, 1.0, 1.0, 0.0, 0.0, 0.0, 256.0, 3.0, 6.0, 3137.41] 0.9565238103457203
[0.0, 1.0, 0.0, 1.0, 0.0, 0.0, 1.0, 1.0, 0.0, 0.0, 0.0, 64.0, 5.0, 2.0, 2536.14] 0.9357678167664878
[0.0, 1.0, 0.0, 1.0, 0.0, 1.0, 0.0, 0.0, 0.0, 1.0, 0.0, 1024.0, 5.0, 6.0, 628.25] 0.183581314598173
[0.0, 1.0, 0.0, 1.0, 0.0, 0.0, 1.0, 0.0, 0.0, 0.0, 1.0, 4096.0, 4.0, 4.0, 386.184] 0
[0.0, 1.0, 0.0, 1.0, 0.0, 0.0, 1.0, 1.0, 0.0, 0.0, 0.0, 1024.0, 6.0, 4.0, 3616.98] 0.9730786889207242
[0.0, 1.0, 0.0, 1.0, 0.0, 0.0, 0.0, 1.0, 0.0, 1.0, 0.0, 1024.0, 5.0, 5.0, 3540.49] 0.9704382346341716
[0.0, 1.0, 0.0, 1.0, 0.0, 0.0, 0.0, 1.0, 1.0, 0.0, 0.0, 4096.0, 4.0, 0.0, 1496.15] 0.8971125000000002
[0.0, 1.0, 0.0, 1.0, 0.0, 0.0, 1.0, 1.0, 0.0, 0.0, 0.0, 64.0, 5.0, 2.0, 2536.14] 0.9357678167664878
[0.0, 1.0, 0.0, 1.0, 0.0, 1.0, 1.0, 0.0, 0.0, 0.0, 0.0, 1024.0, 3.0, 6.0, 515.616] 0.0008258830783209983
[0.0, 1.0, 0.0, 1.0, 0.0, 1.0, 0.0, 0.0, 1.0, 0.0, 0.0, 1024.0, 6.0, 6.0, 615.88] 0.16351024646687545
[0.0, 1.0, 0.0, 1.0, 0.0, 0.0, 0.0, 1.0, 0.0, 1.0, 0.0, 64.0, 5.0, 3.0, 2805.08] 0.9450516940815024
[0.0, 1.0, 0.0, 1.0, 0.0, 0.0, 0.0, 1.0, 1.0, 0.0, 0.0, 4096.0, 4.0, 1.0, 1871.59] 0.9128273814660752
[0.0, 1.0, 0.0, 1.0, 0.0, 0.0, 0.0, 1.0, 1.0, 0.0, 0.0, 64.0, 4.0, 6.0, 3462.71] 0.9677532492189792
[0.0, 1.0, 0.0, 1.0, 0.0, 0.0, 0.0, 1.0, 1.0, 0.0, 0.0, 256.0, 1.0, 6.0, 2541.8] 0.9359632014084264
[0.0, 1.0, 0.0, 1.0, 1.0, 0.0, 0.0, 0.0, 0.0, 1.0, 0.0, 256.0, 3.0, 3.0, 345.749] 0
[0.0, 1.0, 0.0, 1.0, 0.0, 0.0, 0.0, 1.0, 0.0, 1.0, 0.0, 64.0, 2.0, 6.0, 2806.68] 0.9451069264891175
[0.0, 1.0, 0.0, 1.0, 0.0, 1.0, 1.0, 0.0, 0.0, 0.0, 0.0, 64.0, 2.0, 4.0, 349.363] 0
[0.0, 1.0, 0.0, 1.0, 0.0, 0.0, 0.0, 1.0, 0.0, 1.0, 0.0, 1024.0, 3.0, 5.0, 2869.16] 0.9472637520064898
[0.0, 1.0, 0.0, 1.0, 0.0, 0.0, 0.0, 0.0, 1.0, 0.0, 1.0, 256.0, 6.0, 4.0, 347.588] 0
[0.0, 1.0, 0.0, 1.0, 0.0, 0.0, 0.0, 1.0, 1.0, 0.0, 0.0, 4096.0, 5.0, 6.0, 3991.87] 0.9860199872275057
[0.0, 1.0, 0.0, 1.0, 0.0, 1.0, 0.0, 0.0, 1.0, 0.0, 0.0, 256.0, 6.0, 5.0, 562.767] 0.07733121318816842
[0.0, 1.0, 0.0, 1.0, 1.0, 0.0, 0.0, 0.0, 0.0, 1.0, 0.0, 64.0, 6.0, 4.0, 497.801] 0
[0.0, 1.0, 0.0, 1.0, 0.0, 0.0, 0.0, 1.0, 1.0, 0.0, 0.0, 4096.0, 1.0, 3.0, 1523.65] 0.9008164040250617
[0.0, 1.0, 0.0, 1.0, 0.0, 0.0, 1.0, 1.0, 0.0, 0.0, 0.0, 64.0, 6.0, 2.0, 2884.46] 0.9477919119043099
[1.0, 1.0, 0.0, 1.0, 0.0, 0.0, 0.0, 0.0, 1.0, 0.0, 0.0, 4096.0, 4.0, 5.0, 312.427] 0
[0.0, 1.0, 0.0, 1.0, 0.0, 0.0, 1.0, 1.0, 0.0, 0.0, 0.0, 4096.0, 1.0, 4.0, 1939.49] 0.915171306764244
[0.0, 1.0, 0.0, 1.0, 0.0, 0.0, 0.0, 1.0, 1.0, 0.0, 0.0, 4096.0, 4.0, 1.0, 1871.59] 0.9128273814660752
