[1.0, 0.0, 0, 1.0, 1.0, 0.0, 0.0, 0.0, 1.0, 0.0, 1.0, 50.0, 4096, 10.0, 417506.4] 0.7501280000000005
[1, 0.0, 1, 0, 1, 0.0, 0.0, 0.0, 0.0, 1.0, 0, 20.0, 8, 10, 301372.8] 0.3241329230769231
[1.0, 0.0, 1.0, 1.0, 1.0, 0.0, 0, 0.0, 1.0, 0.0, 1, 0.0, 1.0, 10.0, 424574.6] 0.8914919999999995
[1, 1.0, 1, 1.0, 1.0, 0, 0.0, 0.0, 1.0, 0.0, 0.0, 0.0, 128, 10.0, 422401.4] 0.8480280000000004
[1.0, 1.0, 0, 1.0, 1.0, 1.0, 0.0, 0.0, 0.0, 0.0, 0, 0.0, 2.0, 8.0, 131833.0] 0.18515090909090912
[1, 0.0, 1.0, 1.0, 1.0, 0, 0, 0.0, 0.0, 1.0, 0.0, 50, 4096, 10, 302940.6] 0.3253389230769231
[1, 0, 1.0, 0.0, 1, 0.0, 0, 0.0, 0.0, 1, 1.0, 40, 512, 10.0, 303026.6] 0.3254050769230769
[1, 0, 1, 0, 1.0, 0.0, 0.0, 0.0, 0, 1.0, 0.0, 100.0, 2048, 10, 302565.8] 0.3250506153846154
[1.0, 0.0, 0.0, 1.0, 1.0, 0, 1.0, 0, 0.0, 0.0, 0.0, 10, 4, 10, 114642.0] 0.15389454545454548
[1, 0.0, 0, 1, 1.0, 0.0, 0.0, 0, 1, 0.0, 0, 0, 8, 10.0, 422061.6] 0.8412319999999995
[1.0, 0.0, 1, 1, 1, 0.0, 0, 0.0, 0.0, 1, 0, 60, 64, 10.0, 301741.0] 0.32441615384615385
[1.0, 1.0, 0.0, 1.0, 1.0, 0.0, 0.0, 0.0, 1.0, 0.0, 1.0, 0, 32.0, 10.0, 422006.6] 0.8401319999999994
[1, 1, 1.0, 1.0, 1.0, 0.0, 0, 0.0, 1, 0, 0.0, 100.0, 1, 10, 419745.8] 0.7949159999999997
[1.0, 1, 1, 1.0, 1.0, 1.0, 0.0, 0.0, 0, 0.0, 1.0, 20, 16, 8.0, 105464.2] 0.13720763636363636
[1.0, 0.0, 0, 1, 1.0, 0.0, 0.0, 0.0, 1, 0.0, 0.0, 0, 8.0, 10.0, 422061.6] 0.8412319999999995
[1.0, 1.0, 1.0, 1.0, 1, 0.0, 0.0, 0.0, 1.0, 0.0, 0.0, 100.0, 128, 10.0, 415494.2] 0.7098840000000002
[1, 1.0, 0.0, 1.0, 1, 0.0, 0, 0.0, 1, 0.0, 1.0, 100, 2, 10.0, 417418.8] 0.7483759999999997
[1, 1, 0, 1.0, 1, 0, 0, 0, 1.0, 0, 0.0, 90.0, 2048.0, 10, 418820.0] 0.7764
[1.0, 0.0, 1.0, 1.0, 1.0, 0.0, 0.0, 0, 1, 0.0, 1.0, 0, 512.0, 10, 421243.0] 0.8248599999999999
[1.0, 0, 1.0, 1, 1.0, 1.0, 0.0, 0, 0.0, 0, 1.0, 20.0, 64, 10, 103823.2] 0.13422399999999998
[1, 1.0, 1, 1.0, 1.0, 0, 0.0, 0, 1.0, 0.0, 0.0, 0, 512, 10, 421840.6] 0.8368119999999996
[1, 0.0, 0, 1, 1, 0, 0, 0.0, 0.0, 1.0, 1.0, 40, 256.0, 10.0, 302876.6] 0.32528969230769234
[1.0, 0, 0.0, 1.0, 1.0, 0.0, 0.0, 0.0, 1, 0.0, 0, 0, 8, 10.0, 422061.6] 0.8412319999999995
[1, 1.0, 1.0, 1, 1.0, 0.0, 0.0, 0.0, 1.0, 0.0, 0.0, 100, 2.0, 10.0, 417696.6] 0.7539319999999996
[1.0, 1.0, 1.0, 0.0, 1.0, 0.0, 0.0, 0.0, 0, 1.0, 1.0, 100, 256.0, 10.0, 303902.8] 0.3260790769230769
[1.0, 0, 0, 1, 1.0, 1.0, 0.0, 0.0, 0.0, 0.0, 1, 0, 16.0, 10, 131665.4] 0.1848461818181818
[1.0, 0, 1.0, 1, 1, 0.0, 0.0, 0, 1, 0.0, 1.0, 30.0, 128.0, 10.0, 416871.0] 0.73742
[1.0, 1, 0.0, 1.0, 1, 0.0, 0.0, 0.0, 0, 1.0, 1.0, 10.0, 1024, 10.0, 303251.6] 0.32557815384615385
[1, 1.0, 1.0, 0.0, 1, 0.0, 0.0, 0.0, 0.0, 1, 0.0, 30.0, 64.0, 10.0, 303385.0] 0.3256807692307693
[1, 1, 1, 0.0, 1, 0.0, 0, 0.0, 0.0, 1.0, 1, 50.0, 2048.0, 10, 302834.6] 0.3252573846153846
