[1, 0, 1, 1, 1, 0.0, 0, 0.0, 1, 0.0, 1, 0, 1, 10.0, 424574.6] 0.8914919999999995
[1, 0.0, 1, 0, 1, 0.0, 0.0, 0, 0, 1.0, 0, 80, 64, 10, 303251.6] 0.32557815384615385
[1.0, 0.0, 1, 1.0, 1.0, 0.0, 0, 0.0, 1.0, 0.0, 1, 0.0, 1.0, 10.0, 424574.6] 0.8914919999999995
[1, 1.0, 1, 1, 1, 0, 0.0, 0.0, 1, 0.0, 0.0, 0.0, 128, 10.0, 422401.4] 0.8480280000000004
[1, 1, 1.0, 1.0, 1.0, 1.0, 0.0, 0.0, 0, 0.0, 0, 0.0, 16, 8.0, 132598.2] 0.18654218181818183
[1, 1, 0, 1.0, 1, 0, 0, 0.0, 1, 0, 1, 0, 256, 10, 422061.4] 0.8412280000000005
[1, 0, 0, 0.0, 1, 0.0, 0, 0.0, 0.0, 1, 1.0, 40, 512, 10.0, 303522.4] 0.3257864615384616
[1, 0, 0, 1, 1.0, 0, 0.0, 0.0, 1, 0, 0, 0, 8, 10, 422061.6] 0.8412319999999995
[1, 0.0, 0, 1.0, 1, 0, 0, 0, 1, 0.0, 0.0, 0, 1024, 10, 421959.2] 0.8391840000000002
[1, 0.0, 0, 1, 1.0, 0.0, 0.0, 0, 1, 0.0, 0, 0, 8, 10.0, 422061.6] 0.8412319999999995
[1, 1, 1, 1, 1, 0.0, 0, 0, 1, 0, 1, 100, 1, 10.0, 421113.8] 0.8222759999999998
[1.0, 1.0, 0.0, 1.0, 1.0, 0, 0.0, 0, 1, 0.0, 1.0, 0, 256, 10, 422061.4] 0.8412280000000005
[1, 1, 1, 1.0, 1, 0.0, 0, 0.0, 1, 0, 0.0, 0, 128, 10, 422401.4] 0.8480280000000004
[1, 1, 1, 0, 1.0, 0, 0, 0, 0.0, 1, 1.0, 90, 16, 10, 302312.2] 0.3248555384615385
[1.0, 0.0, 0, 1, 1.0, 0.0, 0.0, 0.0, 1, 0.0, 0.0, 0, 8.0, 10.0, 422061.6] 0.8412319999999995
[1.0, 1.0, 1.0, 1.0, 1, 0.0, 0.0, 0.0, 1.0, 0.0, 0.0, 0, 128, 10.0, 422401.4] 0.8480280000000004
[1.0, 1.0, 0.0, 1, 1, 0, 0, 0.0, 1, 0.0, 1.0, 90, 2, 10.0, 421820.2] 0.8364040000000003
[1, 1, 0, 1.0, 1, 0, 0, 0, 1.0, 0, 1, 0, 256, 10, 422061.4] 0.8412280000000005
[1, 0, 1, 1, 1.0, 0.0, 0, 0, 1, 0.0, 1, 0, 1024, 10, 422519.2] 0.8503840000000003
[1, 0, 0, 1, 1, 0, 0, 0, 0, 1, 1, 60, 4096, 10, 304407.4] 0.3264672307692308
[1, 1.0, 1, 1.0, 1.0, 0, 0.0, 0, 1.0, 0.0, 0, 0, 128, 10, 422401.4] 0.8480280000000004
[1, 1, 0, 0, 1, 0, 0, 0.0, 0, 1.0, 0, 40, 512, 10.0, 305319.4] 0.32716876923076926
[1.0, 0, 0.0, 1.0, 1.0, 0.0, 0.0, 0.0, 1, 0.0, 0, 0, 8, 10.0, 422061.6] 0.8412319999999995
[1, 1.0, 1, 1, 1, 0, 0.0, 0, 1, 0.0, 0, 0, 128, 10, 422401.4] 0.8480280000000004
[1.0, 1.0, 1.0, 0.0, 1.0, 0.0, 0.0, 0.0, 0, 1.0, 1.0, 100, 256.0, 10.0, 303902.8] 0.3260790769230769
[1.0, 1, 0.0, 1, 1, 0, 0, 0, 1, 0, 1, 0, 256, 10, 422061.4] 0.8412280000000005
[1.0, 0, 1, 1, 1, 0.0, 0, 0, 1, 0.0, 1, 0, 1, 10.0, 424574.6] 0.8914919999999995
[1.0, 1, 1, 1, 1, 0, 0, 0, 1, 0, 0, 10.0, 1, 10.0, 420823.8] 0.8164759999999998
[1, 1.0, 0, 0.0, 1, 0.0, 0, 0.0, 0.0, 1, 0, 40, 512, 10.0, 305319.4] 0.32716876923076926
[1, 1.0, 0, 0.0, 1, 0.0, 0.0, 0, 0.0, 1, 0.0, 40, 512, 10, 305319.4] 0.32716876923076926
