[1.0, 1, 1, 1.0, 1.0, 0.0, 0.0, 0.0, 1.0, 0.0, 0.0, 0, 128, 10.0, 422401.4] 0.8480280000000004
[1, 1, 1, 1, 1, 0.0, 0, 0.0, 0.0, 1, 0.0, 70.0, 8, 10.0, 301168.0] 0.32397538461538467
[1.0, 1, 1, 1.0, 1.0, 0.0, 0.0, 0.0, 0.0, 1, 0, 30.0, 64, 10, 302206.6] 0.3247743076923077
[1.0, 0.0, 1, 1, 1, 0.0, 1.0, 0.0, 0.0, 0.0, 0, 0, 8.0, 10.0, 131788.8] 0.18507054545454546
[1.0, 0, 0, 1.0, 1.0, 0.0, 0.0, 0.0, 0.0, 1.0, 0.0, 90, 256, 10.0, 303681.8] 0.3259090769230769
[1, 1.0, 1, 1.0, 1, 0.0, 0.0, 0, 1, 0.0, 0.0, 80.0, 1, 10, 420028.0] 0.8005599999999999
[1, 1.0, 0, 1, 1.0, 0.0, 0.0, 0.0, 0.0, 1, 1.0, 60.0, 4096.0, 10, 303200.0] 0.32553846153846155
[1.0, 1.0, 0, 0, 1.0, 0.0, 0, 0.0, 0.0, 1, 0.0, 90, 128.0, 10.0, 302867.6] 0.32528276923076926
[1.0, 1.0, 0, 0.0, 1.0, 0.0, 0.0, 0.0, 0.0, 1.0, 0.0, 40, 128.0, 10, 304008.4] 0.32616030769230775
[1, 1, 0.0, 0.0, 1.0, 0, 0.0, 0.0, 0, 1.0, 0, 40.0, 512.0, 10.0, 305319.4] 0.32716876923076926
[1, 1.0, 1, 1, 1, 0, 0.0, 0.0, 1, 0, 1.0, 30.0, 2048.0, 10, 415323.2] 0.7064640000000002
[1, 1.0, 0, 1.0, 1, 0, 0, 0.0, 1.0, 0.0, 1, 0.0, 256, 10.0, 422061.4] 0.8412280000000005
[1, 1.0, 0, 0.0, 1, 0.0, 0.0, 0.0, 0, 1.0, 0, 40, 512.0, 10, 305319.4] 0.32716876923076926
[1.0, 0.0, 1.0, 1.0, 1.0, 0.0, 0.0, 0.0, 1.0, 0.0, 1, 100.0, 2048.0, 10.0, 416509.0] 0.73018
[1.0, 1, 1, 0.0, 1, 0, 0.0, 0.0, 0.0, 1, 1, 50.0, 512, 10, 301789.8] 0.32445369230769233
[1, 0, 0, 1.0, 1, 0, 0, 0.0, 1.0, 0.0, 0.0, 0, 8, 10.0, 422061.6] 0.8412319999999995
[1.0, 1.0, 0.0, 1, 1, 0.0, 0, 0.0, 1, 0.0, 1.0, 0, 128.0, 10.0, 421498.0] 0.82996
[1, 0, 1.0, 0.0, 1, 0.0, 0.0, 0.0, 0, 1.0, 0.0, 30.0, 128, 10.0, 302832.4] 0.32525569230769236
[1, 0.0, 1.0, 1.0, 1.0, 0.0, 0.0, 0, 1, 0, 1, 30.0, 128.0, 10.0, 416871.0] 0.73742
[1.0, 0.0, 1.0, 0.0, 1.0, 0.0, 0.0, 0.0, 0.0, 1.0, 0.0, 30.0, 256, 10.0, 303394.2] 0.32568784615384616
[1, 1, 0, 0.0, 1.0, 0.0, 0.0, 0.0, 0, 1.0, 0, 40.0, 128, 10.0, 304008.4] 0.32616030769230775
[1, 1, 0.0, 1.0, 1, 0, 0, 0.0, 1, 0.0, 0.0, 50, 2, 10, 417250.8] 0.7450159999999997
[1.0, 1.0, 1.0, 1.0, 1.0, 0.0, 0.0, 0.0, 1.0, 0.0, 0, 0, 512.0, 10.0, 421840.6] 0.8368119999999996
[1, 1.0, 0, 1, 1, 0.0, 0.0, 0, 1, 0.0, 0, 0, 1024, 10.0, 420852.6] 0.8170519999999994
[1.0, 0.0, 0.0, 1.0, 1.0, 0.0, 0.0, 0, 0.0, 1.0, 0.0, 50, 128, 10, 302077.8] 0.32467523076923077
[1.0, 1.0, 0.0, 1.0, 1, 0.0, 0.0, 0.0, 1.0, 0.0, 1.0, 90.0, 2.0, 10.0, 421820.2] 0.8364040000000003
[1.0, 0.0, 1, 0.0, 1.0, 0, 0, 0.0, 0, 1.0, 1, 100, 4096.0, 10.0, 303869.6] 0.32605353846153845
[1, 0.0, 1.0, 1.0, 1.0, 0, 0.0, 0.0, 1, 0.0, 1, 0, 1.0, 10.0, 424574.6] 0.8914919999999995
[1.0, 1.0, 0.0, 1, 1.0, 0.0, 0.0, 0.0, 0, 1.0, 0.0, 50, 4096.0, 10, 302868.2] 0.3252832307692308
[1.0, 0.0, 0.0, 1, 1.0, 0.0, 0.0, 0, 1.0, 0.0, 1, 0, 1024, 10.0, 420589.0] 0.81178
