[1.0, 0.0, 1.0, 1.0, 1.0, 0.0, 1.0, 0.0, 4.0, 64.0, 32.0, 10.0, 6275.0] 0
[1.0, 0.0, 0.0, 0.0, 0.0, 0.0, 2.0, 0.0, 2.0, 8.0, 0.0, 8.0, 8557.8] 0
[1.0, 0.0, 1.0, 0.0, 0.0, 0.0, 2.0, 0.0, 1.0, 32.0, 64.0, 20.0, 6857.8] 0
[1.0, 0.0, 0.0, 0.0, 0.0, 0.0, 3.0, 0.0, 2, 8.0, 8.0, 10.0, 18478.8] 0.6740285714285713
[1.0, 0.0, 0.0, 0.0, 0.0, 0.0, 1.0, 0.0, 1.0, 0.0, 128.0, 64.0, 7588.8] 0
[1.0, 0.0, 1.0, 1.0, 1.0, 0.0, 4.0, 0.0, 2.0, 8.0, 128.0, 32.0, 7688.4] 0
[1.0, 0, 1.0, 0.0, 0.0, 0.0, 1.0, 0, 1, 10.0, 8.0, 64.0, 15326.4] 0.10659999999999992
[1.0, 0.0, 1.0, 1.0, 1.0, 1, 3.0, 0.0, 1.0, 8.0, 10.0, 0.0, 15483.8] 0.14594999999999983
[1.0, 0.0, 0.0, 0.0, 0.0, 0.0, 3.0, 0.0, 1.0, 0.0, 20.0, 32.0, 6343.8] 0
[1.0, 1.0, 1.0, 0.0, 0.0, 0.0, 2.0, 0.0, 1.0, 10.0, 10.0, 0.0, 12152.2] 0
[1, 0.0, 0.0, 0.0, 0.0, 0, 3, 0.0, 2, 8.0, 8.0, 64, 19541.8] 0.9018142857142856
[1.0, 0.0, 0.0, 0.0, 0.0, 1, 3.0, 0, 1.0, 10.0, 10, 0.0, 14928.4] 0.007099999999999909
[1.0, 1.0, 0.0, 0.0, 0.0, 0.0, 1.0, 0.0, 1.0, 32.0, 20.0, 8.0, 7202.4] 0
[1.0, 0.0, 1.0, 1.0, 1.0, 0.0, 4.0, 0.0, 1.0, 128.0, 16.0, 20.0, 6145.2] 0
[1.0, 0.0, 1.0, 0.0, 0.0, 0.0, 4.0, 0.0, 2.0, 8.0, 32.0, 128.0, 9022.0] 0
[1.0, 0.0, 1.0, 1.0, 1.0, 1.0, 3.0, 0.0, 3.0, 8.0, 8.0, 64.0, 14882.8] 0
[1.0, 1.0, 0.0, 0.0, 0.0, 1.0, 4.0, 0.0, 1.0, 10.0, 0.0, 20.0, 6750.2] 0
[1.0, 0, 0.0, 0.0, 0.0, 0.0, 3.0, 0.0, 2, 8.0, 8.0, 32, 18826.2] 0.7484714285714287
[1.0, 0.0, 1.0, 0.0, 0.0, 1.0, 3.0, 0.0, 3.0, 0.0, 8.0, 16.0, 5143.4] 0
[1.0, 0.0, 1.0, 1.0, 1.0, 1.0, 2.0, 0.0, 1.0, 128.0, 8.0, 8.0, 6378.8] 0
[1.0, 0.0, 0.0, 0.0, 0.0, 0.0, 4.0, 0.0, 4.0, 64.0, 32.0, 8.0, 6689.8] 0
[1.0, 0.0, 1.0, 0.0, 0.0, 1.0, 2.0, 0.0, 3.0, 8.0, 128.0, 10.0, 6579.4] 0
[1.0, 1.0, 1.0, 0.0, 0.0, 0.0, 1.0, 0.0, 1.0, 8.0, 32.0, 32.0, 7869.0] 0
[1.0, 0.0, 1.0, 0.0, 0.0, 0.0, 1.0, 0.0, 2.0, 32.0, 32.0, 64.0, 6445.2] 0
[1.0, 0.0, 1.0, 1.0, 1.0, 1.0, 2.0, 0.0, 3.0, 64.0, 16.0, 16.0, 6474.2] 0
[1.0, 1.0, 0.0, 0.0, 0.0, 0.0, 2.0, 0.0, 2.0, 8.0, 64.0, 16.0, 6783.6] 0
[1.0, 1.0, 1.0, 1.0, 1.0, 0.0, 1.0, 0.0, 2.0, 64.0, 8.0, 20.0, 6224.6] 0
[1.0, 0.0, 0.0, 0.0, 0.0, 0.0, 1.0, 0.0, 1.0, 8, 8.0, 64.0, 16297.4] 0.34934999999999994
[1.0, 1.0, 0.0, 0.0, 0.0, 0.0, 4.0, 0.0, 1.0, 8.0, 128.0, 16.0, 7411.4] 0
[1.0, 0.0, 1.0, 1.0, 1.0, 0.0, 2.0, 0.0, 1.0, 20.0, 10.0, 10.0, 10431.6] 0
