[1, 0.0, 0.0, 0.0, 1.0, 0.0, 0.0, 0, 0.0, 1, 1.0, 80.0, 8, 10.0, 301838.8] 0.7165962063227953
[1.0, 1, 1.0, 1.0, 1.0, 0.0, 0.0, 0.0, 1.0, 0.0, 0.0, 60.0, 256.0, 10, 414044.4] 0.9779736439267888
[1.0, 0.0, 1.0, 1.0, 1.0, 0.0, 0.0, 0.0, 1, 0.0, 0.0, 50.0, 32.0, 8.0, 124885.8] 0.3043928785357737
[1.0, 1.0, 1.0, 0.0, 1.0, 1.0, 0.0, 0.0, 0.0, 0.0, 0.0, 60.0, 2048.0, 8.0, 101521.4] 0.3
[1.0, 0.0, 0.0, 0.0, 1.0, 1.0, 0.0, 0.0, 0.0, 0.0, 0.0, 80.0, 8.0, 8.0, 86081.0] 0.3
[1.0, 0.0, 0, 1.0, 1.0, 1.0, 0.0, 0.0, 0.0, 0.0, 0, 90, 1.0, 10.0, 125579.4] 0.30600858569051576
[1.0, 1.0, 0.0, 1.0, 1.0, 0.0, 0.0, 0.0, 1.0, 0.0, 1.0, 80.0, 512.0, 10.0, 415215.6] 0.9807018968386023
[1, 0.0, 0, 1.0, 1.0, 0, 0.0, 0.0, 0.0, 1.0, 0.0, 70.0, 2048, 10.0, 299420.6] 0.7109631281198002
[1.0, 1.0, 1.0, 0.0, 1.0, 0, 1.0, 0.0, 0.0, 0.0, 1.0, 100, 1024.0, 8.0, 101479.6] 0.3
[1.0, 0.0, 0.0, 1.0, 1.0, 0.0, 1.0, 0.0, 0.0, 0.0, 0.0, 70.0, 256.0, 10.0, 103206.8] 0.3
[1.0, 1.0, 1.0, 1.0, 1.0, 1.0, 0.0, 0.0, 0.0, 0.0, 1.0, 30.0, 16.0, 10.0, 105350.0] 0.3
[1.0, 0.0, 0.0, 1.0, 1.0, 0.0, 0.0, 0.0, 1.0, 0.0, 1.0, 30.0, 1.0, 10.0, 418283.8] 0.9878491181364393
[1.0, 1.0, 1.0, 1.0, 1.0, 0.0, 1.0, 0.0, 0.0, 0.0, 0.0, 0.0, 16.0, 10.0, 132016.4] 0.3210032612312812
[1.0, 1.0, 1.0, 0.0, 1.0, 1.0, 0.0, 0.0, 0.0, 0.0, 1.0, 70.0, 8.0, 6.0, 76801.8] 0.3
[1.0, 0.0, 1, 0.0, 1.0, 0, 0, 0.0, 0.0, 1, 0.0, 50.0, 4.0, 10.0, 301320.4] 0.715388618968386
[1.0, 0.0, 1.0, 0.0, 1.0, 0.0, 0.0, 0.0, 1, 0.0, 0.0, 40.0, 2048.0, 10.0, 118906.4] 0.3
[1, 1, 1.0, 1.0, 1.0, 1.0, 0.0, 0.0, 0, 0.0, 1.0, 0, 2048, 8.0, 131829.6] 0.3205681198003328
[1.0, 1.0, 1.0, 0.0, 1.0, 0.0, 0.0, 0.0, 0.0, 1.0, 0.0, 100.0, 128.0, 6.0, 47690.6] 0.3
[1.0, 1.0, 1.0, 1, 1.0, 0.0, 0.0, 0.0, 0.0, 1.0, 1.0, 70.0, 64.0, 10, 300004.6] 0.7123235274542428
[1.0, 0.0, 1.0, 0.0, 1.0, 0.0, 0.0, 1.0, 0.0, 0.0, 0.0, 10.0, 128.0, 10.0, 50385.0] 0.3
[1.0, 1.0, 0.0, 1.0, 1.0, 0.0, 1, 0.0, 0.0, 0.0, 1.0, 60.0, 4096.0, 8.0, 102600.4] 0.3
[1.0, 0.0, 0.0, 1.0, 1.0, 0.0, 0.0, 1.0, 0.0, 0.0, 1.0, 100.0, 1.0, 10.0, 50093.4] 0.3
[1.0, 0.0, 0.0, 1.0, 1.0, 0.0, 0.0, 0.0, 1.0, 0.0, 0.0, 100.0, 64.0, 6.0, 49515.0] 0.3
[1.0, 1, 1.0, 1.0, 1.0, 0.0, 1.0, 0.0, 0.0, 0.0, 0, 0.0, 8.0, 6.0, 123690.2] 0.3016077870216306
[1.0, 1.0, 1.0, 0.0, 1.0, 1.0, 0.0, 0.0, 0.0, 0.0, 1.0, 0.0, 1.0, 10.0, 84890.8] 0.3
[1.0, 1.0, 0.0, 1.0, 1.0, 0.0, 0.0, 0.0, 1, 0.0, 0.0, 20.0, 1024.0, 10.0, 415238.6] 0.9807554742096505
[1.0, 0.0, 1.0, 1.0, 1.0, 0.0, 0.0, 0.0, 1.0, 0.0, 0.0, 30.0, 2048.0, 10.0, 414446.4] 0.9789100831946755
[1.0, 1.0, 0.0, 1, 1.0, 0.0, 0.0, 0.0, 0.0, 1.0, 1.0, 30.0, 8.0, 10.0, 298083.0] 0.7078472545757071
[1.0, 0.0, 0.0, 1.0, 1.0, 0.0, 0.0, 0.0, 1.0, 0.0, 1, 20.0, 32, 0.0, 35726.6] 0.23904427645788334
[1.0, 0.0, 1.0, 1.0, 1.0, 0.0, 0, 0.0, 0.0, 1.0, 0.0, 100.0, 32.0, 10, 300461.8] 0.7133885524126455
