[1.0, 0.0, 0.0, 1, 1.0, 0.0, 0.0, 0.0, 0.0, 1.0, 0.0, 60.0, 32, 10, 301721.2] 0.7163222628951746
[1.0, 0.0, 1, 1, 1.0, 0.0, 0.0, 0.0, 1.0, 0.0, 1.0, 60.0, 8, 10.0, 417715.4] 0.9865250582362728
[1.0, 1, 0, 0.0, 1.0, 0.0, 0.0, 0.0, 0.0, 1.0, 0.0, 10.0, 256, 10.0, 301737.4] 0.7163600000000001
[1.0, 1.0, 0, 1.0, 1.0, 0.0, 0.0, 0, 1.0, 0, 1, 40, 16, 10.0, 416784.8] 0.9843572712146422
[1, 0.0, 0.0, 1, 1, 0, 0.0, 0.0, 1.0, 0.0, 0.0, 0, 8, 10.0, 422061.6] 0.9966493178036604
[1, 1, 1.0, 1.0, 1, 0.0, 0.0, 0, 1.0, 0.0, 0.0, 0.0, 128, 10.0, 422401.4] 0.9974408652246256
[1.0, 1.0, 1.0, 0.0, 1.0, 0.0, 0.0, 0.0, 0.0, 1.0, 1.0, 100.0, 256, 10.0, 303902.8] 0.7214041930116473
[1.0, 1, 0, 0, 1.0, 0, 0.0, 0.0, 0, 1, 1.0, 80.0, 16.0, 10.0, 302888.2] 0.7190407321131448
[1.0, 0, 1, 0, 1, 0, 0.0, 0.0, 0.0, 1, 0.0, 60, 256.0, 10.0, 304798.6] 0.7234909151414308
[1.0, 0, 1, 1.0, 1, 0.0, 0.0, 0, 1, 0.0, 1.0, 60, 512, 10.0, 417094.8] 0.9850794009983359
[1.0, 1, 0, 1.0, 1, 0.0, 0.0, 0.0, 0.0, 1.0, 0.0, 60, 128.0, 10.0, 304211.0] 0.7221221297836937
[1.0, 1.0, 1.0, 1.0, 1, 1.0, 0.0, 0.0, 0.0, 0.0, 0.0, 0.0, 64, 8.0, 131891.6] 0.32071254575707153
[1, 1, 0, 1, 1, 0, 0.0, 0.0, 1.0, 0.0, 1, 0, 128, 10.0, 421498.0] 0.9953364392678867
[1.0, 1.0, 0.0, 0, 1, 0.0, 0.0, 0.0, 0.0, 1.0, 0, 40, 512, 10.0, 305319.4] 0.7247040931780366
[1, 0, 1.0, 0, 1, 0, 0, 0, 0.0, 1.0, 1, 40, 4096, 10.0, 302852.2] 0.7189568718801997
[1.0, 1.0, 0.0, 1, 1.0, 0, 0.0, 0.0, 0, 1.0, 0, 100, 512.0, 10.0, 303407.4] 0.7202501830282861
[1.0, 0.0, 0, 1.0, 1.0, 0.0, 0.0, 0.0, 1.0, 0, 0.0, 60, 1.0, 10.0, 420801.0] 0.9937128119800331
[1.0, 0.0, 1.0, 0.0, 1.0, 0.0, 0.0, 0.0, 0.0, 1, 1.0, 80.0, 4096, 10.0, 300056.6] 0.7124446589018302
[1.0, 1.0, 1.0, 0.0, 1.0, 0, 0.0, 0.0, 0.0, 1.0, 1, 60.0, 4096.0, 10, 300419.4] 0.7132897836938437
[1.0, 0, 0.0, 1.0, 1.0, 0, 0, 0.0, 1.0, 0.0, 1.0, 10.0, 2048.0, 10.0, 417040.6] 0.9849531447587354
[1.0, 0.0, 0, 1.0, 1.0, 0.0, 0.0, 0.0, 1.0, 0, 0.0, 0, 8.0, 10.0, 422061.6] 0.9966493178036604
[1.0, 0.0, 1, 0, 1.0, 0, 0.0, 0, 0, 1.0, 1, 40, 1024, 10.0, 303744.6] 0.7210356738768717
[1.0, 0, 0, 1, 1, 0.0, 0.0, 0, 1, 0, 1, 40, 1, 10.0, 420154.4] 0.9922065890183029
[1.0, 1.0, 0, 1, 1, 0, 0.0, 0.0, 1, 0.0, 1.0, 0, 2.0, 10.0, 421628.6] 0.9956406655574042
[1, 1, 0, 1.0, 1.0, 0.0, 0.0, 0.0, 1.0, 0.0, 0.0, 100, 1, 10.0, 420762.8] 0.9936238269550748
[1, 0.0, 0.0, 0, 1.0, 0.0, 0.0, 0, 0.0, 1.0, 1.0, 60, 256.0, 10.0, 304254.4] 0.7222232279534111
[1, 1.0, 1, 1, 1, 0, 0.0, 0, 1.0, 0, 0.0, 90, 4096.0, 10, 416807.6] 0.9844103826955073
[1, 0.0, 0, 0, 1.0, 0.0, 0, 0.0, 0.0, 1.0, 1.0, 30.0, 64, 10.0, 303752.2] 0.721053377703827
[1.0, 1, 1, 1.0, 1.0, 0.0, 0.0, 0.0, 1, 0, 0, 0, 128.0, 10.0, 422401.4] 0.9974408652246256
[1, 0.0, 1.0, 1.0, 1, 0, 0, 0, 1, 0, 0, 90.0, 512.0, 10, 416661.0] 0.9840688851913477
