[1, 0, 1, 1, 1, 0, 0.0, 0, 1, 0.0, 1, 0, 1, 10.0, 424574.6] 1.0
[1.0, 0.0, 1, 1.0, 1, 0.0, 0.0, 0, 1, 0, 1, 0.0, 1, 10.0, 424574.6] 1.0
[1, 1, 1, 1, 1, 0, 0, 0.0, 1.0, 0, 0, 0, 512, 10, 421840.6] 0.9961345091514142
[1, 0.0, 1, 0, 1, 0.0, 0.0, 0, 0.0, 1, 1.0, 40, 1024, 10.0, 303744.6] 0.7210356738768717
[1, 1, 1, 1, 1, 0, 0, 0.0, 1, 0, 0, 0, 128, 10.0, 422401.4] 0.9974408652246256
[1, 0.0, 0.0, 1.0, 1, 0.0, 0.0, 0.0, 0.0, 1.0, 1, 50, 64.0, 10.0, 303834.2] 0.7212443926788685
[1, 1, 0, 1, 1.0, 0.0, 0.0, 0.0, 1, 0.0, 1, 0.0, 256, 10.0, 422061.4] 0.9966488519134775
[1.0, 0, 1, 1, 1, 0, 0.0, 0.0, 1, 0, 1, 0, 4, 10.0, 422067.4] 0.9966628286189683
[1, 1, 1, 1, 1, 0.0, 0, 0.0, 1, 0.0, 0, 0, 128, 10.0, 422401.4] 0.9974408652246256
[1, 1, 0.0, 1, 1, 0.0, 0.0, 0.0, 1, 0, 1, 0, 256, 10.0, 422061.4] 0.9966488519134775
[1.0, 0.0, 1, 1, 1, 0, 0.0, 0.0, 1, 0.0, 1.0, 0, 1, 10.0, 424574.6] 1.0
[1.0, 1, 1, 1.0, 1.0, 0, 0.0, 0, 1, 0, 0, 0, 128, 10, 422401.4] 0.9974408652246256
[1, 0, 1.0, 1.0, 1, 0, 0.0, 0, 1.0, 0, 1, 0, 1, 10.0, 424574.6] 1.0
[1, 0, 1.0, 1.0, 1.0, 0.0, 0.0, 0.0, 1, 0, 1.0, 50.0, 1, 10.0, 420763.0] 0.9936242928452579
[1.0, 1, 1, 1.0, 1, 0, 0.0, 0, 1.0, 0, 0.0, 0, 128, 10.0, 422401.4] 0.9974408652246256
[1, 1, 1, 1, 1, 0, 0.0, 0, 1, 0, 1.0, 0, 1024, 10, 422269.6] 0.9971338435940098
[1, 0, 0, 1, 1.0, 1, 0.0, 0, 0, 0, 0.0, 0, 256.0, 8.0, 131930.0] 0.320801996672213
[1.0, 1.0, 0, 1, 1.0, 0.0, 0.0, 0.0, 1, 0, 1.0, 0, 256, 10, 422061.4] 0.9966488519134775
[1, 0, 1, 1.0, 1, 0.0, 0, 0.0, 1.0, 0.0, 1, 0, 1, 10, 424574.6] 1.0
[1, 0, 1.0, 1.0, 1, 0.0, 1.0, 0.0, 0.0, 0.0, 1, 0.0, 256.0, 8.0, 131831.2] 0.320571846921797
[1, 1.0, 0, 1.0, 1, 0, 0, 0.0, 1, 0, 1, 0, 256, 10.0, 422061.4] 0.9966488519134775
[1, 1, 0, 0, 1, 0, 0, 0, 0, 1, 0, 20, 4, 10.0, 302388.6] 0.71787693843594
[1, 1.0, 0, 0.0, 1.0, 0.0, 0.0, 0.0, 0.0, 1, 0.0, 40, 512, 10, 305319.4] 0.7247040931780366
[1, 0, 1, 1, 1.0, 0.0, 0.0, 0.0, 1.0, 0.0, 1.0, 0, 1, 10.0, 424574.6] 1.0
[1, 0, 1, 1.0, 1.0, 0, 0.0, 0, 1.0, 0.0, 1, 0, 1, 10.0, 424574.6] 1.0
[1.0, 0.0, 1, 0.0, 1, 0, 0.0, 0.0, 0.0, 1.0, 0, 80.0, 64.0, 10.0, 303251.6] 0.7198872545757071
[1, 0, 1, 1.0, 1.0, 0.0, 0, 0, 1.0, 0.0, 1, 0, 1, 10.0, 424574.6] 1.0
[1.0, 0.0, 1.0, 1, 1, 0, 0.0, 0, 1.0, 0.0, 1.0, 0, 1, 10.0, 424574.6] 1.0
[1, 0, 0, 1, 1, 0, 0, 0, 1, 0, 1, 0, 16, 10, 421936.6] 0.9963581364392677
[1, 0, 1.0, 1.0, 1.0, 0.0, 0.0, 0.0, 1.0, 0.0, 1, 0, 1, 10.0, 424574.6] 1.0
