[1, 0, 0, 1, 1.0, 0.0, 1, 0, 0.0, 0, 0, 0, 256, 8, 131753.4] 0.32039061564059895
[1, 1, 1.0, 1.0, 1.0, 0.0, 1, 0.0, 0, 0.0, 0, 90, 8, 6, 98676.2] 0.3
[1.0, 0, 1.0, 1, 1.0, 0, 0, 0, 1, 0, 1.0, 50, 64, 10.0, 416100.2] 0.9827625291181363
[1, 0, 0, 1.0, 1.0, 0.0, 0.0, 0.0, 1, 0, 0.0, 50, 2048.0, 10, 417073.8] 0.9850304825291181
[1, 1, 0.0, 1.0, 1, 0, 1.0, 0.0, 0.0, 0.0, 1, 0, 4096, 8.0, 132000.8] 0.3209669217970049
[1.0, 1, 1, 1.0, 1, 1, 0.0, 0, 0.0, 0, 0.0, 0, 16.0, 8.0, 132598.2] 0.3223585357737105
[1.0, 0.0, 1, 1.0, 1, 0.0, 0.0, 0.0, 1, 0, 1, 50.0, 1, 10.0, 420763.0] 0.9936242928452579
[1, 0.0, 1, 1.0, 1.0, 0.0, 0, 0.0, 1, 0, 0.0, 0, 1, 10.0, 421254.6] 0.9947694509151415
[1.0, 1, 0, 1.0, 1.0, 0.0, 0.0, 0.0, 1.0, 0.0, 1.0, 40, 1, 10, 421557.6] 0.9954752745424291
[1.0, 0.0, 1.0, 0.0, 1.0, 0.0, 0, 0.0, 0, 1.0, 0, 30, 256, 10.0, 303394.2] 0.7202194342762063
[1.0, 1, 0, 1.0, 1.0, 0, 1, 0.0, 0.0, 0.0, 1, 0, 4096, 8, 132000.8] 0.3209669217970049
[1.0, 1, 0.0, 1.0, 1.0, 0, 0.0, 0.0, 1.0, 0.0, 1.0, 70, 2, 10, 417438.6] 0.9858802662229615
[1, 1, 1, 1, 1.0, 0, 0, 0.0, 1.0, 0, 0.0, 90.0, 2, 10, 417586.0] 0.9862236272878535
[1.0, 1, 1.0, 1, 1, 1.0, 0.0, 0.0, 0.0, 0.0, 0, 0, 8, 8, 131414.6] 0.31960139767054907
[1.0, 1.0, 0.0, 1.0, 1, 0, 0, 0, 1, 0, 1, 40, 1.0, 10, 421557.6] 0.9954752745424291
[1.0, 0, 0, 0.0, 1.0, 0.0, 0.0, 0, 0.0, 1.0, 1.0, 50, 128.0, 10.0, 302368.2] 0.7178294176372713
[1, 0, 0.0, 0.0, 1.0, 0, 0, 0.0, 0.0, 1, 1.0, 40, 512, 10.0, 303522.4] 0.7205180698835275
[1.0, 0, 0, 1.0, 1.0, 0, 1, 0.0, 0, 0.0, 1.0, 10, 4, 8.0, 114770.8] 0.3
[1, 0, 0, 0, 1.0, 0, 0.0, 0, 0.0, 1, 1, 40, 512, 10, 303522.4] 0.7205180698835275
[1, 0, 1, 1, 1.0, 0.0, 1, 0, 0, 0.0, 1, 0, 4, 8.0, 131771.2] 0.32043207986688854
[1, 1.0, 0, 1.0, 1.0, 0.0, 0, 0.0, 1.0, 0, 1, 90, 64, 8.0, 125793.6] 0.3065075540765391
[1.0, 0, 0, 0.0, 1.0, 0.0, 0.0, 0.0, 0, 1.0, 1, 30.0, 64, 10, 303752.2] 0.721053377703827
[1.0, 0.0, 1.0, 1.0, 1.0, 0.0, 1.0, 0.0, 0.0, 0.0, 0, 0, 4.0, 8.0, 132074.2] 0.32113790349417637
[1, 0, 0.0, 1, 1.0, 0.0, 0, 0.0, 0.0, 1.0, 0.0, 100, 2048, 10, 304237.6] 0.7221840931780366
[1.0, 0, 1.0, 1, 1, 0.0, 1.0, 0.0, 0.0, 0.0, 0, 0.0, 4, 8.0, 132074.2] 0.32113790349417637
[1.0, 1, 0.0, 0, 1, 0, 0.0, 0.0, 0.0, 1, 0, 60, 256, 10, 303476.4] 0.720410915141431
[1.0, 1.0, 1, 1.0, 1, 0.0, 0, 0.0, 0.0, 1.0, 0.0, 100.0, 512, 10.0, 303810.0] 0.7211880199667221
[1.0, 0.0, 1, 1.0, 1.0, 1.0, 0.0, 0.0, 0.0, 0.0, 0.0, 0, 512.0, 8.0, 132073.0] 0.3211351081530782
[1, 1.0, 0, 1, 1, 0.0, 1, 0.0, 0.0, 0.0, 0, 0, 16, 8, 131449.0] 0.31968153078202993
[1.0, 0.0, 0.0, 0.0, 1.0, 0.0, 0.0, 0, 0.0, 1, 1.0, 50.0, 8, 10, 302493.0] 0.7181201331114808
