[1.0, 1.0, 1.0, 0.0, 1.0, 0.0, 0.0, 0.0, 0.0, 1.0, 1.0, 100.0, 128.0, 6.0, 47610.2] 0.3
[1.0, 1.0, 1.0, 1.0, 1.0, 0.0, 0, 0.0, 1.0, 0.0, 1.0, 10.0, 16.0, 6, 48878.6] 0.3
[1.0, 1, 1.0, 1.0, 1.0, 0.0, 1.0, 0.0, 0.0, 0.0, 1.0, 70.0, 1.0, 10.0, 125452.6] 0.3057132113144759
[1, 1.0, 0.0, 1.0, 1.0, 0.0, 0.0, 0.0, 0.0, 1.0, 0.0, 60, 8.0, 8.0, 121560.4] 0.3
[1.0, 0.0, 0.0, 1.0, 1.0, 0, 1.0, 0.0, 0.0, 0.0, 0.0, 60.0, 1, 8.0, 125173.4] 0.3050628286189684
[1.0, 0.0, 1.0, 1.0, 1.0, 0.0, 0.0, 1.0, 0.0, 0.0, 0.0, 20.0, 16.0, 8.0, 37814.4] 0.25783297336213107
[1, 1, 1.0, 1.0, 1.0, 0.0, 0.0, 0.0, 1, 0.0, 1.0, 100.0, 16.0, 10.0, 414157.2] 0.9782364059900166
[1.0, 0.0, 0.0, 1.0, 1.0, 0.0, 0.0, 0.0, 1.0, 0.0, 0.0, 80.0, 2.0, 10.0, 416842.4] 0.9844914475873543
[1.0, 0.0, 0.0, 1.0, 1.0, 0.0, 0.0, 0.0, 1.0, 0.0, 1.0, 90.0, 128.0, 8.0, 125836.8] 0.30660818635607323
[1.0, 0, 1.0, 0.0, 1.0, 0.0, 0.0, 0.0, 0.0, 1.0, 1.0, 70.0, 1.0, 10.0, 299260.6] 0.7105904159733776
[1.0, 1.0, 1.0, 1.0, 1.0, 0.0, 0.0, 0.0, 1.0, 0.0, 1.0, 50.0, 1, 8.0, 124299.4] 0.30302688851913473
[1.0, 1, 0.0, 1.0, 1.0, 0.0, 0.0, 0.0, 1.0, 0.0, 1.0, 40.0, 8.0, 4.0, 43574.8] 0.3
[1.0, 0.0, 1, 1.0, 1.0, 0.0, 0.0, 0.0, 1.0, 0, 1.0, 0.0, 16.0, 8.0, 115798.8] 0.3
[1.0, 0.0, 0.0, 0.0, 1.0, 1.0, 0.0, 0.0, 0.0, 0.0, 1.0, 40.0, 2048.0, 6.0, 90083.8] 0.3
[1.0, 1.0, 1.0, 1.0, 1.0, 0.0, 0.0, 0.0, 1.0, 0.0, 1.0, 10.0, 1.0, 0.0, 35795.8] 0.23966702663786899
[1.0, 1.0, 0.0, 0.0, 1.0, 0.0, 0.0, 0.0, 0, 1.0, 1.0, 0.0, 128.0, 10.0, 297987.0] 0.7076236272878536
[1.0, 0.0, 0.0, 0.0, 1.0, 0.0, 0.0, 0.0, 0.0, 1.0, 1.0, 70.0, 32.0, 10.0, 299018.2] 0.7100257570715474
[1.0, 1.0, 1.0, 1.0, 1.0, 0.0, 1.0, 0.0, 0.0, 0.0, 1.0, 70.0, 1024.0, 6.0, 91213.0] 0.3
[1, 1, 1.0, 0.0, 1.0, 0.0, 0.0, 0.0, 0.0, 1.0, 1.0, 40, 2048.0, 8.0, 121836.2] 0.3
[1.0, 0.0, 0.0, 0, 1.0, 0.0, 1.0, 0, 0.0, 0.0, 1, 20.0, 4096.0, 10.0, 101273.0] 0.3
[1, 1.0, 0.0, 1.0, 1.0, 0.0, 0.0, 0.0, 1.0, 0, 1.0, 80.0, 128.0, 6.0, 49602.6] 0.3
[1.0, 0.0, 0.0, 0.0, 1, 0.0, 0.0, 0.0, 0.0, 1.0, 0.0, 100.0, 16.0, 8.0, 121095.0] 0.3
[1.0, 0.0, 1.0, 1.0, 1.0, 0.0, 1.0, 0.0, 0.0, 0.0, 1.0, 10.0, 4.0, 8.0, 114651.8] 0.3
[1.0, 1.0, 0.0, 1.0, 1.0, 0.0, 1.0, 0, 0.0, 0.0, 1.0, 100.0, 4096.0, 6.0, 90620.4] 0.3
[1.0, 0, 1.0, 1.0, 1, 0.0, 1.0, 0, 0.0, 0.0, 0.0, 0.0, 1.0, 8.0, 131523.2] 0.31985437603993344
[1.0, 0.0, 0.0, 1.0, 1.0, 0, 0.0, 0.0, 0.0, 1.0, 0.0, 20.0, 32.0, 8.0, 121188.8] 0.3
[1.0, 1.0, 1.0, 1.0, 1.0, 0.0, 0, 0.0, 0.0, 1.0, 0.0, 100.0, 256.0, 10.0, 303165.2] 0.7196859900166389
[1.0, 0.0, 0.0, 0.0, 1.0, 1.0, 0.0, 0.0, 0.0, 0.0, 0.0, 70.0, 512.0, 8.0, 100794.4] 0.3
[1.0, 0.0, 1.0, 0.0, 1.0, 0.0, 0.0, 1.0, 0.0, 0.0, 1.0, 0.0, 64.0, 10.0, 48144.4] 0.3
[1.0, 0.0, 1.0, 0.0, 1.0, 0.0, 0.0, 1.0, 0.0, 0.0, 0.0, 0.0, 128.0, 8.0, 44369.0] 0.3
