[1.0, 1.0, 1, 1.0, 1.0, 0.0, 0.0, 0, 1.0, 0.0, 1.0, 0, 4096, 10.0, 420931.4] 0.9940165723793677
[1.0, 0.0, 0.0, 1, 1, 0.0, 0.0, 0.0, 1.0, 0.0, 0.0, 0.0, 8, 10.0, 422061.6] 0.9966493178036604
[1.0, 0.0, 0, 1.0, 1, 0.0, 0.0, 0.0, 1.0, 0, 0.0, 60.0, 64.0, 10.0, 414995.4] 0.9801889517470881
[1, 1.0, 0.0, 0.0, 1.0, 0.0, 0.0, 0.0, 0.0, 1.0, 1.0, 100.0, 1.0, 10.0, 300201.6] 0.7127824292845257
[1.0, 0.0, 1.0, 0.0, 1.0, 0.0, 0.0, 0.0, 1.0, 0.0, 1.0, 70.0, 1.0, 8.0, 82197.0] 0.3
[1.0, 0.0, 1.0, 0.0, 1.0, 0.0, 0.0, 1.0, 0.0, 0.0, 0, 100.0, 1.0, 8.0, 42760.8] 0.3
[1.0, 0.0, 0.0, 1, 1, 0.0, 0.0, 0.0, 1.0, 0.0, 1.0, 80.0, 8.0, 10, 416468.6] 0.9836206988352745
[1.0, 0.0, 1.0, 1.0, 1, 1.0, 0, 0.0, 0.0, 0.0, 0.0, 40, 1.0, 8.0, 125477.8] 0.3057719134775374
[1.0, 1.0, 1.0, 0.0, 1.0, 0.0, 0.0, 0.0, 0.0, 1.0, 0.0, 30.0, 64.0, 10.0, 303385.0] 0.7201980033277869
[1.0, 1.0, 1, 1.0, 1.0, 0.0, 0.0, 0.0, 0.0, 1, 1.0, 10.0, 256.0, 10, 301888.4] 0.7167117470881863
[1.0, 1.0, 0, 1.0, 1, 0, 0, 0, 1, 0.0, 1.0, 20.0, 16.0, 10.0, 416204.0] 0.983004326123128
[1.0, 1.0, 0.0, 1.0, 1.0, 0, 0.0, 0.0, 0.0, 1.0, 1.0, 50.0, 1.0, 10.0, 302036.6] 0.7170569717138102
[1.0, 1.0, 0.0, 1.0, 1.0, 0.0, 1.0, 0.0, 0.0, 0.0, 1.0, 60.0, 1024.0, 8.0, 102667.2] 0.3
[1.0, 0.0, 0.0, 1.0, 1.0, 0.0, 1.0, 0.0, 0.0, 0.0, 1.0, 0, 64.0, 8.0, 131689.0] 0.3202405990016639
[1.0, 0.0, 1, 1.0, 1.0, 0.0, 0, 0, 1, 0, 1, 100, 4096, 10.0, 416612.8] 0.9839566056572377
[1.0, 0.0, 0, 1.0, 1.0, 1.0, 0.0, 0.0, 0.0, 0.0, 0.0, 50, 1.0, 6.0, 116197.8] 0.3
[1.0, 0.0, 1.0, 0.0, 1.0, 0.0, 0.0, 0.0, 0.0, 1.0, 0.0, 100.0, 2048.0, 10.0, 302565.8] 0.7182897171381031
[1.0, 0, 1.0, 1.0, 1.0, 0.0, 0.0, 0.0, 0.0, 1, 1.0, 100.0, 8.0, 10.0, 299735.6] 0.7116969051580697
[1.0, 1.0, 1.0, 0.0, 1.0, 0.0, 0.0, 0.0, 0.0, 1.0, 1.0, 90.0, 16.0, 10.0, 302312.2] 0.7176989683860233
[1.0, 0.0, 0.0, 1.0, 1.0, 0.0, 0.0, 0.0, 1, 0.0, 1.0, 0.0, 16, 10.0, 421936.6] 0.9963581364392677
[1, 1.0, 1.0, 1.0, 1, 0.0, 1, 0.0, 0.0, 0.0, 0.0, 40.0, 4, 6.0, 103175.0] 0.3
[1.0, 1.0, 0.0, 1.0, 1.0, 0.0, 0.0, 0.0, 0.0, 1.0, 1.0, 50.0, 1.0, 10.0, 302036.6] 0.7170569717138102
[1.0, 1, 0.0, 1.0, 1, 0.0, 0.0, 0.0, 1, 0.0, 1.0, 90.0, 512.0, 8.0, 125413.0] 0.30562096505823627
[1, 0.0, 1, 0.0, 1.0, 0, 0.0, 0, 0.0, 1.0, 0.0, 10, 2048, 10.0, 302592.2] 0.7183512146422629
[1.0, 0.0, 1.0, 1.0, 1.0, 0.0, 1.0, 0.0, 0.0, 0.0, 0, 0.0, 128.0, 8.0, 131601.0] 0.32003560732113145
[1.0, 0.0, 0.0, 1, 1.0, 0.0, 0.0, 0.0, 1.0, 0.0, 0.0, 20.0, 512.0, 10, 414789.4] 0.979709084858569
[1.0, 0.0, 0.0, 1.0, 1.0, 0.0, 0, 0.0, 1.0, 0.0, 1.0, 0, 64.0, 10.0, 421875.8] 0.9962165058236272
[1.0, 0.0, 1.0, 1, 1.0, 0.0, 0.0, 0.0, 0.0, 1.0, 1.0, 40.0, 128.0, 10, 301823.0] 0.716559400998336
[1, 1.0, 1, 1.0, 1.0, 0.0, 0.0, 0.0, 1.0, 0.0, 0.0, 10.0, 256.0, 8.0, 124548.6] 0.30360738768718804
[1.0, 0.0, 0, 1.0, 1.0, 0.0, 0.0, 0.0, 1.0, 0.0, 1.0, 30.0, 16, 8.0, 124626.0] 0.30378768718801996
