[1.0, 1.0, 1.0, 0.0, 0.0, 0.0, 2.0, 0.0, 3.0, 32.0, 20.0, 8.0, 6329.6] 0
[1.0, 0.0, 1.0, 1.0, 1.0, 0.0, 4.0, 0.0, 3.0, 32.0, 0.0, 0.0, 6975.0] 0
[1.0, 0.0, 1.0, 0.0, 0.0, 1.0, 2.0, 0.0, 2.0, 10.0, 32.0, 32.0, 9350.4] 0
[1.0, 1.0, 1.0, 0.0, 0.0, 1.0, 2.0, 0.0, 3.0, 0.0, 64.0, 10.0, 5345.4] 0
[1.0, 0.0, 1.0, 1.0, 1.0, 1.0, 2.0, 0.0, 2.0, 0.0, 20.0, 8.0, 5435.8] 0
[1.0, 0.0, 1.0, 0.0, 0.0, 1.0, 4.0, 0.0, 4.0, 0.0, 8.0, 32.0, 5306.4] 0
[1.0, 0, 1.0, 0.0, 0.0, 0.0, 2.0, 0.0, 4, 8.0, 8.0, 128.0, 15394.6] 0.1648666666666668
[1.0, 1.0, 1.0, 0.0, 0.0, 0.0, 3.0, 0.0, 4.0, 32.0, 64.0, 64.0, 5914.4] 0
[1, 0.0, 0.0, 0.0, 0, 0.0, 3.0, 0.0, 1, 8.0, 10.0, 0.0, 18899.0] 0.97475
[1.0, 1.0, 0.0, 0.0, 0.0, 0.0, 4.0, 0.0, 3.0, 20.0, 20.0, 64.0, 7490.2] 0
[1, 0, 0, 0, 0.0, 1.0, 3.0, 0, 2, 8.0, 8.0, 0.0, 18254.0] 0.8135
[1.0, 1.0, 1.0, 1.0, 1.0, 0.0, 1.0, 0.0, 3.0, 20.0, 8.0, 20.0, 8507.4] 0
[1.0, 1.0, 1.0, 1.0, 1.0, 0.0, 3.0, 0.0, 4.0, 0.0, 20.0, 32.0, 4911.6] 0
[1.0, 0.0, 0.0, 0.0, 0.0, 0.0, 1.0, 0.0, 4.0, 20.0, 32.0, 128.0, 7429.6] 0
[1.0, 0.0, 0.0, 0.0, 0.0, 0.0, 4.0, 0.0, 4.0, 16.0, 8.0, 128.0, 11123.8] 0
[1.0, 1.0, 1.0, 0.0, 0.0, 1.0, 2.0, 0.0, 2.0, 20.0, 8.0, 8.0, 8717.4] 0
[1.0, 0.0, 0.0, 0.0, 0.0, 1.0, 3.0, 0.0, 1.0, 8.0, 8.0, 64.0, 19190.0] 1.0
[1.0, 1.0, 1.0, 1.0, 1.0, 0.0, 2.0, 0.0, 2.0, 0.0, 0.0, 32.0, 7885.8] 0
[1.0, 1.0, 0.0, 0.0, 0.0, 0.0, 3.0, 0.0, 1.0, 8.0, 0.0, 128.0, 8263.8] 0
[1.0, 0.0, 0.0, 0, 0.0, 0, 3, 0.0, 1.0, 8.0, 8.0, 0.0, 19673.8] 1.0
[1.0, 0.0, 1.0, 1.0, 1.0, 0.0, 3.0, 0.0, 2.0, 128.0, 64.0, 20.0, 6152.6] 0
[1.0, 0, 0.0, 0.0, 0.0, 0, 4.0, 0.0, 1.0, 8.0, 8.0, 64, 19121.2] 1.0
[1.0, 1, 0.0, 0.0, 0.0, 0, 3, 0.0, 4.0, 8.0, 8.0, 0.0, 16101.8] 0.33239599999999986
[1.0, 1.0, 0.0, 0.0, 0.0, 1.0, 2.0, 0.0, 2.0, 128.0, 20.0, 32.0, 5804.0] 0
[1.0, 1.0, 1.0, 0.0, 0.0, 0.0, 1.0, 0.0, 4.0, 64.0, 8.0, 20.0, 6532.0] 0
[1.0, 0.0, 0.0, 0.0, 0.0, 0.0, 4.0, 0.0, 1.0, 16.0, 10.0, 10.0, 12035.2] 0
[1.0, 0.0, 1.0, 1.0, 1.0, 0.0, 3.0, 0.0, 4.0, 32.0, 64.0, 16.0, 6386.0] 0
[1.0, 0.0, 1.0, 0.0, 0.0, 0.0, 2.0, 0.0, 4.0, 16.0, 64.0, 128.0, 7383.4] 0
[1.0, 0.0, 0.0, 0.0, 0.0, 1.0, 3.0, 0.0, 3.0, 16.0, 64.0, 10.0, 6573.2] 0
[1.0, 0.0, 0.0, 0.0, 0.0, 0.0, 1.0, 0.0, 2.0, 128.0, 64.0, 32.0, 6850.6] 0
