[1.0, 1.0, 1.0, 1.0, 1.0, 1.0, 1.0, 1.0, 0.0, 0.0, 0.0, 1.0, 1.0, 0.0, 1.0, 1.0, 0.0, 1.0, 1.0, 0.0, 0.0, 0.0, 1.0, 0.0, 0.0, 0.0, 0.0, 0.0, 0.0, 0.0, 0.0, 1889.786] 0.3016790867418048
[1.0, 0.0, 1, 0.0, 0.0, 0, 0.0, 0.0, 0.0, 0.0, 0.0, 1.0, 1.0, 0.0, 0, 0.0, 0.0, 0.0, 0.0, 0.0, 1.0, 0.0, 0.0, 1.0, 0.0, 0.0, 0.0, 0.0, 0.0, 0, 0.0, 3605.418] 0.600985090909091
[1.0, 0.0, 0.0, 1.0, 1.0, 1, 0, 0.0, 1.0, 0.0, 1.0, 1.0, 1, 1.0, 1.0, 1, 0.0, 0.0, 1.0, 0.0, 0.0, 1.0, 0.0, 0.0, 0.0, 1.0, 0.0, 0, 0.0, 1.0, 0.0, 962.61] 0.15228757643381374
[1, 0, 1, 0.0, 0, 0.0, 0, 0.0, 0, 0.0, 0, 1, 1.0, 0.0, 0, 0.0, 0.0, 0.0, 0.0, 0.0, 1, 0.0, 0, 1, 0, 0, 0.0, 0.0, 0.0, 0, 0, 3605.418] 0.600985090909091
[1.0, 1.0, 1.0, 1.0, 0.0, 0.0, 1.0, 0.0, 1.0, 0.0, 0.0, 1.0, 1.0, 1.0, 1.0, 1.0, 0.0, 0.0, 1.0, 0.0, 0.0, 1.0, 0.0, 0.0, 0.0, 0.0, 0.0, 1.0, 0.0, 0.0, 0.0, 3475.14] 0.5772981818181818
[1.0, 0.0, 1.0, 0, 0.0, 0.0, 0.0, 0.0, 1, 0, 0.0, 1.0, 1.0, 0, 0.0, 0, 0.0, 0.0, 0.0, 0, 1.0, 0.0, 0.0, 0.0, 1.0, 0.0, 0, 0, 0, 0, 0, 960.104] 0.15188379643429714
[1.0, 0.0, 0.0, 0.0, 1.0, 0.0, 1.0, 0.0, 0.0, 0.0, 0.0, 1.0, 1.0, 1.0, 1.0, 0.0, 0.0, 0.0, 0.0, 0.0, 0.0, 1.0, 0.0, 0.0, 0.0, 0.0, 0.0, 0.0, 0.0, 0.0, 0.0, 1484.698] 0.23640916158450623
[1.0, 0.0, 1.0, 1.0, 1.0, 1.0, 0.0, 0.0, 1, 0.0, 0.0, 1.0, 1.0, 1.0, 0.0, 1.0, 0.0, 0.0, 1.0, 0.0, 0.0, 0.0, 1.0, 0.0, 0.0, 1.0, 0.0, 1.0, 1.0, 0.0, 0.0, 1681.46] 0.26811249768382384
[1.0, 0.0, 1.0, 1.0, 1.0, 1.0, 0.0, 1.0, 1, 0.0, 0.0, 1, 1.0, 1.0, 0.0, 1.0, 0.0, 0.0, 1.0, 0.0, 1.0, 0.0, 0.0, 0.0, 0.0, 0.0, 0, 1.0, 0.0, 0.0, 1.0, 2017.688] 0.3222873347458652
[1.0, 1, 1, 0.0, 0.0, 0.0, 0.0, 1.0, 1.0, 0, 0, 1.0, 1.0, 1.0, 1.0, 0.0, 0.0, 0.0, 0, 0.0, 0.0, 0.0, 1.0, 1, 0, 0, 0.0, 0.0, 0, 0.0, 0.0, 3222.22] 0.5313127272727273
[1.0, 1.0, 1.0, 1.0, 1.0, 1.0, 0.0, 1.0, 0.0, 0.0, 1.0, 1.0, 1.0, 0, 0.0, 1.0, 0.0, 0.0, 0.0, 0.0, 1.0, 0.0, 0.0, 0.0, 0.0, 1.0, 0.0, 1.0, 1.0, 0.0, 0.0, 1965.384] 0.3138598371023227
[1, 1.0, 0.0, 0.0, 0.0, 1.0, 0.0, 1.0, 1.0, 0.0, 1.0, 1.0, 1.0, 1.0, 1.0, 1.0, 0.0, 0.0, 0.0, 0.0, 0.0, 1.0, 0.0, 0.0, 0.0, 1.0, 0.0, 1.0, 0.0, 1.0, 0.0, 1411.576] 0.2246273574645323
[1.0, 0.0, 1.0, 0.0, 0.0, 0.0, 0.0, 0, 1, 0.0, 0.0, 1.0, 1.0, 0.0, 0.0, 0.0, 0.0, 0, 0.0, 0.0, 0.0, 0, 1.0, 1.0, 0.0, 0.0, 0.0, 1, 0, 0.0, 0.0, 3992.428] 0.6713505454545454
[1, 1.0, 0.0, 0, 0.0, 0, 0.0, 0.0, 1.0, 0.0, 0.0, 1.0, 1.0, 0.0, 1.0, 0, 0.0, 1.0, 0, 0.0, 0.0, 0, 1.0, 1.0, 0.0, 0.0, 0.0, 0.0, 0.0, 0.0, 0.0, 2397.972] 0.3835607079845642
[1.0, 1, 0.0, 0.0, 0.0, 0.0, 0.0, 1.0, 0.0, 0.0, 0.0, 1.0, 1.0, 1.0, 1.0, 1, 0.0, 0, 0.0, 0, 0.0, 1.0, 0.0, 1.0, 0.0, 0, 0.0, 1.0, 0.0, 0.0, 0.0, 3473.01] 0.5769109090909091
[1, 0.0, 1.0, 0.0, 1, 0.0, 0.0, 0.0, 0, 0.0, 0.0, 1, 1.0, 0.0, 0, 0.0, 0.0, 0.0, 1, 0.0, 0, 0.0, 1, 1.0, 0, 0, 0.0, 0, 0.0, 0, 0.0, 3249.538] 0.5362796363636364
[1.0, 0.0, 1.0, 1.0, 0.0, 1.0, 1.0, 1.0, 1.0, 0.0, 1.0, 1.0, 1.0, 0.0, 1.0, 1.0, 0.0, 1.0, 0.0, 0.0, 1.0, 0.0, 0.0, 0.0, 0.0, 1.0, 0.0, 0.0, 0.0, 0.0, 0.0, 2064.476] 0.32982606523963365
[1, 1, 1, 0, 1.0, 0.0, 0.0, 1.0, 1.0, 0, 0.0, 1.0, 1, 0.0, 0, 0, 0.0, 0, 0.0, 0.0, 1.0, 0.0, 0, 1, 0.0, 0, 0.0, 1.0, 0.0, 0, 0.0, 4690.77] 0.7983218181818184
[1.0, 1.0, 1.0, 0.0, 0.0, 1.0, 1.0, 1.0, 1.0, 0.0, 0.0, 1.0, 1.0, 1.0, 0.0, 1.0, 0.0, 0.0, 1.0, 0.0, 1.0, 0.0, 0.0, 0.0, 0.0, 1.0, 0.0, 1.0, 0.0, 0.0, 0.0, 3092.398] 0.5077087272727273
[1.0, 0.0, 0.0, 1.0, 0.0, 0.0, 0.0, 0.0, 0.0, 0.0, 0.0, 1.0, 1.0, 0.0, 0.0, 0.0, 0.0, 0.0, 0.0, 0.0, 0.0, 0.0, 1.0, 1, 0.0, 1.0, 0.0, 0.0, 0.0, 0.0, 0.0, 2408.624] 0.3852770146704585
[1.0, 1.0, 1, 0.0, 1.0, 1.0, 1.0, 0.0, 1.0, 0.0, 0.0, 1, 1.0, 1.0, 1.0, 1.0, 0.0, 1.0, 1, 0.0, 1.0, 0.0, 0.0, 0.0, 0.0, 0.0, 0.0, 0.0, 0.0, 0.0, 0.0, 2111.172] 0.3373499722058859
[1.0, 1.0, 0.0, 0.0, 1.0, 0.0, 0.0, 1.0, 0.0, 0.0, 0.0, 1.0, 1.0, 1.0, 0.0, 1.0, 0.0, 0.0, 0.0, 0.0, 0.0, 1.0, 0.0, 1.0, 0.0, 1.0, 0.0, 0.0, 0.0, 0.0, 0.0, 3104.014] 0.5098207272727273
[1.0, 0.0, 1.0, 0.0, 0, 0.0, 0.0, 0.0, 0.0, 0.0, 0.0, 1, 1.0, 1.0, 0, 0.0, 0.0, 0.0, 1, 0.0, 0.0, 0.0, 1.0, 1.0, 0.0, 0.0, 0.0, 0.0, 0.0, 0, 0.0, 3242.136] 0.5349338181818182
[1.0, 1.0, 0.0, 1.0, 1.0, 1.0, 0.0, 1.0, 0.0, 0.0, 0.0, 1.0, 1.0, 1.0, 1.0, 1.0, 0.0, 0.0, 1.0, 0.0, 1.0, 0.0, 0.0, 0.0, 0.0, 0.0, 0.0, 1.0, 1.0, 0.0, 0.0, 604.796] 0.09463468866564084
[1.0, 0, 0, 0.0, 1, 0, 1, 1, 1, 0.0, 0.0, 1.0, 1, 1, 0, 0.0, 0.0, 0.0, 0, 0.0, 1, 0.0, 0, 0.0, 0, 0.0, 0, 0.0, 0, 0.0, 0, 1202.086] 0.19087321855841197
[1, 0.0, 0.0, 0.0, 0.0, 0.0, 1, 0.0, 0, 0.0, 0, 1.0, 1.0, 0.0, 0.0, 0, 0.0, 0, 1, 0, 0, 1, 0.0, 0, 0.0, 0.0, 0.0, 0, 0.0, 0.0, 0.0, 1508.17] 0.2401910946047194
[1.0, 0.0, 1.0, 0, 1, 0.0, 0.0, 0.0, 0, 0.0, 0.0, 1.0, 1.0, 0.0, 0.0, 1, 0.0, 0.0, 0.0, 0.0, 0, 0, 1.0, 1.0, 0.0, 0.0, 0.0, 0.0, 0.0, 0.0, 0.0, 3213.056] 0.5296465454545455
[1.0, 0.0, 0.0, 0.0, 1.0, 0.0, 0.0, 1.0, 0.0, 0.0, 1.0, 1.0, 1.0, 1.0, 1.0, 0.0, 0.0, 0, 0.0, 0, 1.0, 0.0, 0.0, 1.0, 0.0, 0.0, 0.0, 1.0, 0.0, 0.0, 0.0, 3282.93] 0.5423509090909091
[1, 0, 1.0, 0, 1, 0, 0.0, 0.0, 0, 0.0, 0.0, 1.0, 1, 0, 0.0, 0.0, 0, 0, 0, 0, 0.0, 0.0, 1, 1, 0.0, 0, 0, 1, 0, 0, 0, 4018.112] 0.6760203636363638
[1.0, 1.0, 1.0, 1.0, 1.0, 1.0, 0, 1.0, 1.0, 0.0, 0.0, 1.0, 1.0, 0.0, 1, 1.0, 1.0, 0.0, 0, 0.0, 0.0, 1, 0.0, 0.0, 0.0, 0.0, 0.0, 1.0, 0.0, 0.0, 0.0, 2183.926] 0.3490724822157951
