[1. 0. 0. 0. 0. 0. 0. 1. 0. 0. 1. 0. 0. 1. 0. 0. 1. 0. 1. 0. 0. 0. 0. 1.
 1. 1. 0. 1. 1. 0. 0. 1. 1. 0. 1. 0. 1. 0. 0.] [0.]
[1. 0. 1. 0. 1. 0. 0. 1. 0. 0. 1. 0. 0. 1. 0. 0. 0. 0. 1. 0. 0. 1. 0. 1.
 1. 1. 0. 1. 1. 0. 0. 1. 1. 0. 1. 1. 0. 0. 0.] [0.2]
[1. 0. 0. 0. 0. 0. 0. 1. 0. 0. 1. 0. 0. 1. 0. 0. 0. 0. 0. 1. 0. 0. 0. 1.
 1. 0. 1. 1. 0. 0. 1. 1. 1. 0. 1. 0. 0. 0. 1.] [0.]
[1. 0. 0. 0. 0. 0. 0. 1. 0. 0. 1. 0. 0. 1. 1. 0. 0. 0. 1. 0. 0. 0. 1. 1.
 1. 1. 0. 1. 1. 0. 0. 1. 1. 0. 1. 1. 0. 0. 0.] [0.]
[1. 0. 1. 0. 1. 0. 0. 1. 0. 0. 1. 0. 0. 1. 0. 0. 0. 0. 0. 0. 0. 0. 0. 1.
 1. 0. 1. 1. 0. 0. 1. 1. 1. 0. 1. 0. 0. 0. 1.] [0.]
[1. 0. 1. 0. 0. 0. 1. 1. 0. 0. 1. 0. 0. 1. 0. 0. 1. 0. 0. 0. 0. 1. 0. 1.
 1. 1. 0. 1. 1. 0. 0. 1. 1. 0. 1. 1. 0. 0. 0.] [0.2]
[1. 0. 1. 0. 0. 0. 1. 1. 1. 0. 1. 0. 0. 1. 1. 0. 0. 0. 0. 0. 0. 0. 0. 1.
 1. 0. 1. 1. 1. 0. 0. 1. 1. 0. 1. 1. 0. 0. 0.] [0.]
[1. 0. 1. 1. 0. 0. 0. 1. 0. 0. 1. 0. 0. 1. 1. 0. 0. 0. 0. 0. 0. 1. 0. 1.
 1. 1. 0. 1. 1. 0. 0. 1. 1. 0. 1. 1. 0. 0. 0.] [0.]
[1. 0. 0. 0. 0. 0. 0. 1. 0. 0. 1. 0. 0. 1. 0. 0. 0. 0. 0. 0. 1. 1. 0. 1.
 1. 0. 1. 1. 0. 0. 1. 1. 1. 0. 1. 1. 0. 0. 0.] [0.]
[1. 0. 1. 1. 0. 0. 0. 1. 0. 0. 1. 0. 0. 1. 1. 0. 0. 0. 0. 0. 0. 0. 0. 1.
 1. 1. 0. 1. 1. 0. 0. 1. 1. 0. 1. 0. 0. 0. 1.] [0.]
[1. 0. 1. 0. 0. 1. 0. 1. 0. 0. 1. 0. 0. 1. 1. 0. 0. 0. 0. 0. 0. 1. 0. 1.
 1. 1. 0. 1. 1. 0. 0. 1. 1. 0. 1. 1. 0. 0. 0.] [0.2]
[1. 1. 0. 0. 0. 0. 0. 1. 0. 1. 1. 0. 1. 1. 0. 0. 0. 0. 0. 0. 0. 0. 0. 1.
 1. 1. 0. 1. 1. 0. 0. 1. 1. 0. 1. 1. 0. 0. 0.] [0.]
[1. 1. 1. 0. 1. 0. 0. 1. 0. 0. 1. 0. 0. 1. 0. 0. 0. 0. 1. 0. 0. 0. 0. 1.
 1. 1. 0. 1. 1. 0. 0. 1. 1. 0. 1. 1. 0. 0. 0.] [0.2]
[1. 0. 1. 0. 0. 1. 0. 1. 0. 0. 1. 0. 0. 1. 0. 0. 1. 0. 0. 0. 0. 0. 0. 1.
 1. 1. 0. 1. 0. 0. 1. 1. 1. 0. 1. 1. 0. 0. 0.] [0.]
[1. 0. 1. 0. 1. 0. 0. 1. 1. 0. 1. 0. 0. 1. 0. 0. 0. 0. 0. 0. 0. 0. 1. 1.
 1. 1. 0. 1. 1. 0. 0. 1. 1. 0. 1. 1. 0. 0. 0.] [0.2]
[1. 0. 1. 0. 1. 0. 0. 1. 0. 0. 1. 0. 0. 1. 0. 0. 0. 0. 1. 0. 0. 0. 0. 1.
 1. 1. 0. 1. 1. 0. 0. 1. 1. 0. 1. 0. 0. 1. 0.] [0.2]
[1. 0. 0. 0. 0. 0. 0. 1. 0. 0. 1. 0. 0. 1. 0. 0. 0. 0. 0. 0. 1. 0. 0. 1.
 1. 0. 1. 1. 0. 0. 1. 1. 0. 1. 1. 1. 0. 0. 0.] [0.]
[1. 0. 1. 0. 0. 1. 0. 1. 0. 1. 1. 0. 0. 1. 0. 1. 0. 0. 0. 0. 0. 0. 0. 1.
 1. 1. 0. 1. 1. 0. 0. 1. 1. 0. 1. 1. 0. 0. 0.] [0.2]
[1. 0. 1. 0. 0. 0. 1. 1. 0. 0. 1. 0. 0. 1. 0. 0. 1. 0. 0. 0. 1. 0. 0. 1.
 1. 1. 0. 1. 1. 0. 0. 1. 1. 0. 1. 1. 0. 0. 0.] [0.2]
[1. 0. 0. 0. 0. 0. 0. 1. 0. 0. 1. 0. 0. 1. 0. 0. 1. 0. 0. 0. 1. 0. 0. 1.
 1. 1. 0. 1. 1. 0. 0. 1. 1. 0. 1. 0. 0. 1. 0.] [0.]
[1. 0. 0. 0. 0. 0. 0. 1. 0. 0. 1. 1. 0. 1. 0. 0. 0. 0. 0. 1. 0. 0. 1. 1.
 1. 1. 0. 1. 1. 0. 0. 1. 1. 0. 1. 1. 0. 0. 0.] [0.]
[1. 0. 0. 0. 0. 0. 0. 1. 0. 0. 1. 0. 0. 1. 0. 0. 0. 0. 0. 1. 0. 0. 0. 1.
 1. 0. 1. 1. 1. 0. 0. 1. 1. 0. 1. 1. 0. 0. 0.] [0.]
[1. 0. 0. 0. 0. 0. 0. 1. 0. 1. 1. 0. 0. 1. 0. 1. 0. 0. 0. 1. 0. 0. 0. 1.
 1. 0. 1. 1. 1. 0. 0. 1. 1. 0. 1. 1. 0. 0. 0.] [0.]
[1. 0. 0. 0. 0. 0. 0. 1. 0. 0. 1. 0. 0. 1. 0. 0. 1. 0. 0. 0. 0. 1. 0. 1.
 1. 1. 0. 1. 1. 0. 0. 1. 1. 0. 1. 0. 0. 0. 1.] [0.]
[1. 1. 1. 0. 1. 0. 0. 1. 0. 0. 1. 0. 0. 1. 0. 0. 0. 0. 0. 0. 0. 0. 0. 1.
 1. 0. 1. 1. 1. 0. 0. 1. 1. 0. 1. 0. 1. 0. 0.] [0.]
[1. 0. 1. 0. 0. 0. 1. 1. 0. 0. 1. 1. 0. 1. 0. 0. 0. 0. 0. 0. 0. 0. 0. 1.
 1. 1. 0. 1. 1. 0. 0. 1. 1. 0. 1. 0. 0. 0. 1.] [0.20027265]
[1. 0. 1. 0. 0. 0. 1. 1. 0. 0. 1. 0. 1. 1. 0. 0. 0. 0. 0. 0. 0. 1. 0. 1.
 1. 0. 1. 1. 1. 0. 0. 1. 1. 0. 1. 1. 0. 0. 0.] [0.]
[1. 1. 1. 0. 0. 1. 0. 1. 1. 1. 1. 1. 0. 1. 1. 1. 1. 1. 1. 1. 1. 1. 1. 1.
 1. 1. 0. 1. 0. 0. 1. 1. 1. 0. 1. 0. 0. 1. 0.] [0.]
[1. 0. 0. 0. 0. 0. 0. 1. 0. 1. 1. 0. 0. 1. 0. 0. 1. 0. 0. 0. 0. 1. 0. 1.
 1. 0. 1. 1. 1. 0. 0. 1. 1. 0. 1. 1. 0. 0. 0.] [0.39951254]
[1. 0. 0. 0. 0. 0. 0. 1. 0. 1. 1. 0. 0. 1. 0. 0. 0. 0. 0. 1. 0. 0. 0. 1.
 1. 0. 1. 1. 1. 0. 0. 1. 1. 0. 1. 0. 1. 0. 0.] [0.]
