[1.0, 1.0, 1.0, 1.0, 1.0, 0.0, 4.0, 0.0, 1.0, 10.0, 8, 32.0, 12576.6] 0.6318940000000001
[1.0, 1.0, 1.0, 0.0, 0.0, 1.0, 4.0, 0.0, 2.0, 10.0, 10.0, 20.0, 11427.2] 0.528448
[1.0, 1.0, 1, 1.0, 1.0, 0.0, 2.0, 0.0, 4.0, 8.0, 8.0, 10.0, 13897.6] 0.750784
[1.0, 1, 1.0, 0, 0.0, 0.0, 3.0, 0.0, 4.0, 10.0, 10.0, 10.0, 11415.8] 0.527422
[1.0, 0.0, 1.0, 1.0, 1.0, 1.0, 4, 0.0, 2.0, 20, 10.0, 16.0, 9889.8] 0.3844788732394365
[1.0, 0.0, 1.0, 1.0, 1.0, 0.0, 4.0, 0.0, 2.0, 10.0, 10.0, 0.0, 13633.8] 0.727042
[1.0, 0.0, 0.0, 0.0, 0.0, 0.0, 3.0, 0.0, 4.0, 8.0, 8.0, 20, 15608.4] 0.868252
[1, 0, 0.0, 0.0, 0.0, 1.0, 2.0, 0.0, 3.0, 10.0, 10.0, 8.0, 12034.6] 0.583114
[1.0, 0.0, 1.0, 0.0, 0.0, 0.0, 4.0, 0.0, 3.0, 10, 16.0, 10.0, 9350.6] 0.3085352112676057
[1.0, 0.0, 1.0, 0.0, 0.0, 1.0, 4.0, 0.0, 1.0, 10.0, 10.0, 16.0, 13137.8] 0.682402
[1.0, 0.0, 1.0, 0.0, 0.0, 0.0, 2.0, 0.0, 2.0, 10.0, 10.0, 64, 14613.8] 0.8152419999999999
[1.0, 0.0, 0.0, 0.0, 0.0, 0.0, 4.0, 0.0, 3.0, 10.0, 16.0, 8, 10587.4] 0.452866
[1.0, 1, 1.0, 1.0, 1.0, 1.0, 2.0, 0.0, 4.0, 8.0, 8.0, 32.0, 14053.2] 0.764788
[1.0, 0.0, 1.0, 0.0, 0.0, 0.0, 3.0, 0.0, 3, 10.0, 10.0, 20.0, 11849.0] 0.5664100000000001
[1.0, 0.0, 0.0, 0.0, 0.0, 0.0, 4.0, 0.0, 1.0, 8.0, 8.0, 10.0, 18240.2] 0.947206
[1.0, 0.0, 1.0, 0.0, 0.0, 1.0, 4.0, 0.0, 1.0, 10.0, 16.0, 0.0, 11708.4] 0.5537559999999999
[1.0, 0.0, 1.0, 1.0, 1.0, 1.0, 3.0, 0.0, 2.0, 64.0, 0.0, 16.0, 8669.6] 0.21261971830985923
[1.0, 0.0, 1, 0.0, 0.0, 0.0, 4.0, 0.0, 2.0, 10.0, 10.0, 8.0, 12725.4] 0.6452859999999999
[1.0, 1.0, 1.0, 0.0, 0.0, 0.0, 3.0, 0.0, 2.0, 20.0, 10.0, 64.0, 8764.2] 0.2259436619718311
[1.0, 1.0, 1.0, 0.0, 0.0, 1.0, 4.0, 0.0, 1.0, 10.0, 10.0, 16.0, 11564.8] 0.540832
[1.0, 1.0, 0.0, 0.0, 0.0, 1.0, 2.0, 0.0, 4.0, 20.0, 10.0, 32.0, 9111.2] 0.27481690140845083
[1.0, 1.0, 0.0, 0.0, 0.0, 0.0, 1.0, 0.0, 4.0, 8.0, 16.0, 20.0, 9928.8] 0.3899718309859154
[1.0, 1.0, 0.0, 0, 0.0, 0.0, 3, 0.0, 3.0, 8.0, 10.0, 10.0, 14133.6] 0.772024
[1.0, 0.0, 1.0, 1.0, 1.0, 0.0, 4.0, 0.0, 2.0, 32.0, 8.0, 0.0, 10049.6] 0.40446400000000005
[1.0, 0.0, 1, 0.0, 0.0, 0.0, 2.0, 0.0, 1.0, 8, 128.0, 0, 9388.2] 0.3138309859154931
[1.0, 0.0, 1.0, 0, 0.0, 0, 4.0, 0.0, 4.0, 8.0, 20.0, 0.0, 10664.8] 0.45983199999999996
[1.0, 0.0, 0.0, 0.0, 0.0, 0.0, 4.0, 0.0, 2.0, 10.0, 20.0, 20.0, 12791.8] 0.651262
[1.0, 0.0, 0.0, 0.0, 0.0, 1.0, 3.0, 0.0, 1, 16.0, 8.0, 0.0, 12679.8] 0.6411819999999999
[1.0, 1.0, 0, 0.0, 0.0, 1.0, 3.0, 0.0, 1.0, 8.0, 8, 128.0, 15750.6] 0.872518
[1.0, 0, 1.0, 1.0, 1.0, 0.0, 1.0, 0.0, 2.0, 20.0, 8.0, 32.0, 9710.2] 0.3591830985915494
