[1.0, 0, 1, 1.0, 1.0, 0.0, 0.0, 0.0, 1.0, 0.0, 1, 0.0, 1, 10, 424574.6] 0.9796547499999999
[1.0, 1.0, 1.0, 1.0, 1.0, 0, 0.0, 0.0, 1, 0, 0, 0, 128, 10, 422401.4] 0.9715052500000001
[1.0, 0, 1, 1, 1.0, 0.0, 0.0, 0, 1.0, 0.0, 1.0, 0.0, 1024, 10.0, 422519.2] 0.9719470000000001
[1, 1, 1.0, 1.0, 1.0, 0.0, 0.0, 0.0, 1.0, 0, 0, 10, 1, 10, 420823.8] 0.96558925
[1.0, 1, 1, 1, 1, 0, 0.0, 0, 0.0, 1.0, 1.0, 40, 4096, 10.0, 303945.8] 0.5157831999999999
[1, 0, 0, 1.0, 1, 0.0, 0, 0.0, 1.0, 0, 0, 0, 8, 10.0, 422061.6] 0.9702309999999998
[1, 1, 0.0, 1, 1.0, 0, 0.0, 0.0, 1, 0, 0, 0, 1, 10.0, 421349.8] 0.96756175
[1.0, 1.0, 0, 1.0, 1, 0.0, 0.0, 0.0, 1, 0.0, 1.0, 90.0, 2.0, 10, 421820.2] 0.9693257500000001
[1, 1, 1.0, 1, 1.0, 0, 0, 0, 1.0, 0, 1.0, 100, 1, 10.0, 421113.8] 0.96667675
[1, 1, 1, 1.0, 1.0, 0, 0, 0, 1.0, 0.0, 1, 10.0, 1, 10, 420522.8] 0.9644604999999999
[1, 0, 0, 1, 1.0, 0.0, 0, 0, 1, 0, 0, 60, 4096, 10.0, 417210.6] 0.95203975
[1, 1.0, 0.0, 1.0, 1, 0, 0.0, 0.0, 0, 1, 0, 100, 512, 10.0, 303407.4] 0.5136296
[1, 0, 1.0, 0.0, 1.0, 0, 0.0, 0.0, 0, 1.0, 1, 40.0, 1024, 10.0, 303744.6] 0.5149783999999998
[1.0, 0.0, 0.0, 1.0, 1, 0, 0, 0.0, 1, 0, 0.0, 0.0, 8, 10.0, 422061.6] 0.9702309999999998
[1, 0, 0.0, 1.0, 1, 0.0, 0.0, 0.0, 1, 0.0, 0.0, 0, 8, 10.0, 422061.6] 0.9702309999999998
[1, 1, 0.0, 1.0, 1, 0.0, 0.0, 0.0, 1.0, 0.0, 1.0, 0, 32, 10.0, 422006.6] 0.9700247499999999
[1.0, 1.0, 1.0, 1.0, 1.0, 1.0, 0.0, 0.0, 0.0, 0.0, 0.0, 0, 16.0, 8.0, 132598.2] 0.06266482479784369
[1, 1, 1, 1.0, 1.0, 0, 0, 0, 1, 0, 0, 0, 2, 10.0, 421697.4] 0.9688652500000001
[1, 1, 0.0, 1.0, 1.0, 0.0, 0, 0.0, 0.0, 1.0, 0, 60, 128, 10.0, 304211.0] 0.516844
[1, 0, 1, 1, 1.0, 0, 0.0, 0.0, 1, 0, 0, 10, 4096.0, 10, 417002.4] 0.9512590000000001
[1.0, 0, 0, 1.0, 1, 0.0, 0.0, 0.0, 0.0, 1.0, 1.0, 50, 64, 10.0, 303834.2] 0.5153368
[1, 0, 1, 1, 1, 0.0, 0, 0.0, 1.0, 0.0, 1, 0, 1.0, 10.0, 424574.6] 0.9796547499999999
[1, 1, 0.0, 0, 1, 0.0, 0.0, 0, 0, 1.0, 1, 60, 128, 10, 303197.6] 0.5127903999999999
[1.0, 0, 1, 1.0, 1, 0.0, 0.0, 0.0, 1, 0, 1, 0, 1.0, 10, 424574.6] 0.9796547499999999
[1.0, 0, 1, 1.0, 1.0, 0.0, 0.0, 0, 1, 0.0, 0.0, 0, 2048, 10.0, 422252.6] 0.9709472499999999
[1, 1.0, 1.0, 1.0, 1.0, 0.0, 0.0, 0, 1.0, 0.0, 0, 0, 512, 10, 421840.6] 0.9694022499999999
[1, 0.0, 1, 1, 1.0, 0, 0, 0, 1, 0, 1, 0, 4, 10, 422067.4] 0.9702527500000001
[1.0, 0.0, 0.0, 1.0, 1.0, 0.0, 0, 0.0, 0, 1.0, 0, 100, 2048.0, 10, 304237.6] 0.5169503999999998
[1, 0, 1, 1.0, 1, 0, 0, 0, 1.0, 0.0, 1, 0, 1, 10.0, 424574.6] 0.9796547499999999
[1.0, 0, 0, 1, 1, 0, 0.0, 0, 1, 0, 0, 0.0, 8, 10.0, 422061.6] 0.9702309999999998
