[1.0, 0, 0, 1, 1, 0.0, 0.0, 0.0, 1, 0, 0, 0, 1024.0, 10.0, 421959.2] 0.969847
[1.0, 1.0, 0, 1.0, 1.0, 0.0, 0, 0.0, 1, 0, 0, 10.0, 1, 10, 420377.2] 0.9639145
[1, 0, 1, 1.0, 1.0, 0, 0.0, 0.0, 1.0, 0.0, 1, 0, 1024, 10, 422519.2] 0.9719470000000001
[1, 0, 0, 1, 1, 0.0, 0, 0, 0, 1, 1, 50, 64, 10, 303834.2] 0.5153368
[1, 1, 1.0, 1.0, 1, 0.0, 0, 0.0, 1, 0, 0, 0, 512.0, 10.0, 421840.6] 0.9694022499999999
[1, 1.0, 0, 0, 1, 0, 0, 0, 0, 1.0, 0, 40.0, 512, 10.0, 305319.4] 0.5212776
[1.0, 0, 0.0, 1, 1.0, 0.0, 0.0, 0.0, 1.0, 0, 1, 90.0, 4, 10.0, 416878.4] 0.9507940000000001
[1.0, 0.0, 1.0, 1, 1, 0.0, 0, 0.0, 1.0, 0.0, 1, 0, 1.0, 10.0, 424574.6] 0.9796547499999999
[1.0, 1, 1, 1.0, 1.0, 0.0, 0.0, 0.0, 0, 1.0, 1, 40, 4096, 10.0, 303945.8] 0.5157831999999999
[1, 1.0, 0, 0, 1.0, 0, 0.0, 0.0, 0.0, 1.0, 0.0, 40, 64, 10.0, 304643.2] 0.5185728000000001
[1, 1, 0, 1.0, 1, 0.0, 0, 0, 1, 0, 0, 0, 1, 10, 421349.8] 0.96756175
[1.0, 0.0, 1, 0, 1.0, 0.0, 0.0, 0.0, 0.0, 1.0, 1.0, 40, 1024.0, 10, 303744.6] 0.5149783999999998
[1.0, 0.0, 0.0, 0.0, 1.0, 0.0, 0.0, 0.0, 0.0, 1.0, 1.0, 0.0, 2.0, 6.0, 47492.8] 0
[1.0, 1, 1, 1, 1, 0.0, 0.0, 0.0, 0.0, 1, 1, 50, 1024, 10, 304187.8] 0.5167511999999999
[1, 0, 0, 1, 1.0, 0.0, 0, 0, 1, 0, 0, 0, 1, 10.0, 420952.4] 0.9660715000000001
[1, 1, 1, 1.0, 1, 0.0, 0, 0, 1, 0.0, 0, 10, 1, 10.0, 420823.8] 0.96558925
[1.0, 1.0, 0, 1.0, 1.0, 0.0, 0.0, 0.0, 1, 0, 0.0, 60, 1, 10.0, 420583.2] 0.9646870000000001
[1.0, 0.0, 1.0, 1.0, 1.0, 0.0, 0.0, 0.0, 1, 0.0, 1.0, 80, 2, 10, 417053.4] 0.95145025
[1, 0, 1.0, 1, 1, 0, 0.0, 0.0, 1.0, 0.0, 1, 0, 4.0, 10.0, 422067.4] 0.9702527500000001
[1.0, 1, 0.0, 1.0, 1.0, 0.0, 0.0, 0.0, 1.0, 0.0, 1, 40.0, 1, 10.0, 421557.6] 0.9683409999999999
[1, 0, 1, 1.0, 1, 0.0, 0, 0, 1, 0, 1, 0, 1, 10.0, 424574.6] 0.9796547499999999
[1, 0, 1, 0.0, 1, 0.0, 0.0, 0.0, 0.0, 1.0, 0.0, 80.0, 64, 10.0, 303251.6] 0.5130063999999999
[1, 1, 0.0, 1.0, 1, 0, 0.0, 0, 1.0, 0.0, 1, 0.0, 256, 10.0, 422061.4] 0.9702302500000001
[1, 0, 1.0, 1.0, 1, 0.0, 0.0, 0.0, 1.0, 0.0, 0.0, 40, 1, 10.0, 419926.6] 0.9622247499999999
[1.0, 1, 0.0, 0.0, 1, 0.0, 0.0, 0.0, 0.0, 1.0, 0.0, 40.0, 512, 10.0, 305319.4] 0.5212776
[1.0, 0, 0, 1.0, 1, 0.0, 0, 0, 1.0, 0.0, 1, 0, 4, 10, 421055.8] 0.96645925
[1, 1, 1.0, 1, 1, 1.0, 0.0, 0.0, 0.0, 0.0, 1, 0.0, 8.0, 8.0, 132275.8] 0.0620130727762803
[1, 0, 1, 1, 1.0, 0.0, 0, 0.0, 1, 0, 1, 0, 1, 10.0, 424574.6] 0.9796547499999999
[1, 1, 1, 1.0, 1.0, 0.0, 0, 0, 1, 0.0, 0.0, 10, 1.0, 10.0, 420823.8] 0.96558925
[1, 1.0, 1, 0.0, 1.0, 0.0, 0, 0.0, 0.0, 1.0, 0.0, 90.0, 256.0, 10.0, 303175.6] 0.5127023999999999
