[1.0, 0, 0, 1, 1, 0.0, 0.0, 0.0, 1, 0, 0, 0, 8, 10.0, 422061.6] 0.9702309999999998
[1.0, 1.0, 1, 1.0, 1.0, 0.0, 0, 0, 1, 0, 0, 10.0, 1, 10, 420823.8] 0.96558925
[1, 0, 1, 1.0, 1, 0, 0, 0.0, 1.0, 0.0, 1, 0, 1, 10, 424574.6] 0.9796547499999999
[1, 1, 1, 1, 1, 0.0, 0, 0, 1, 0, 0, 0, 128, 10, 422401.4] 0.9715052500000001
[1, 1, 1, 1, 1, 0, 0, 0, 1, 0, 0, 0, 128, 10.0, 422401.4] 0.9715052500000001
[1, 1.0, 0, 0, 1, 0, 0.0, 0, 0, 1, 0, 40.0, 512, 10.0, 305319.4] 0.5212776
[1, 0, 1, 1, 1.0, 0, 0.0, 0, 1, 0, 1, 0, 1024, 10.0, 422519.2] 0.9719470000000001
[1.0, 0.0, 1.0, 1, 1, 0.0, 0, 0.0, 1.0, 0.0, 1, 0, 1.0, 10.0, 424574.6] 0.9796547499999999
[1.0, 1, 1, 1.0, 1.0, 0.0, 0.0, 0, 1, 0, 0, 60, 1, 10, 420330.8] 0.9637404999999999
[1, 1.0, 0, 0, 1.0, 0, 0.0, 0.0, 0.0, 1.0, 0.0, 40, 64, 10.0, 304643.2] 0.5185728000000001
[1, 0, 1, 1, 1, 0, 0, 0, 1, 0, 1, 0, 1, 10, 424574.6] 0.9796547499999999
[1.0, 0.0, 1, 0, 1.0, 0.0, 0.0, 0.0, 0.0, 1.0, 1.0, 40, 1024.0, 10, 303744.6] 0.5149783999999998
[1, 0, 1, 1, 1, 0.0, 0.0, 0, 1.0, 0.0, 1.0, 0, 1024, 10, 422519.2] 0.9719470000000001
[1.0, 0, 1, 1, 1, 0.0, 0, 0, 1, 0, 1, 0, 1, 10, 424574.6] 0.9796547499999999
[1, 0, 0, 1, 1.0, 0.0, 0.0, 0, 1, 0, 1.0, 0, 16, 10.0, 421936.6] 0.9697622499999999
[1, 1, 0, 1.0, 1, 0, 0, 0, 1, 0.0, 0, 0, 1, 10.0, 421349.8] 0.96756175
[1, 0, 0, 1, 1.0, 0, 0.0, 0, 1, 0, 0.0, 0, 8, 10.0, 422061.6] 0.9702309999999998
[1.0, 1, 1, 1, 1, 0.0, 0.0, 0.0, 1, 0, 0, 0, 64, 10, 421857.4] 0.9694652500000001
[1, 0, 1.0, 1, 1, 0.0, 0.0, 0.0, 1.0, 0.0, 1, 0, 1, 10.0, 424574.6] 0.9796547499999999
[1, 1, 0, 1.0, 1.0, 0, 0.0, 0, 1, 0.0, 1, 0, 256, 10.0, 422061.4] 0.9702302500000001
[1, 0, 1, 1, 1.0, 0, 0, 0, 1, 0, 1, 0, 1, 10.0, 424574.6] 0.9796547499999999
[1, 0, 1, 0.0, 1, 0.0, 0.0, 0.0, 0.0, 1.0, 0.0, 80.0, 64, 10.0, 303251.6] 0.5130063999999999
[1, 1, 0.0, 1.0, 1, 0, 0.0, 0, 1.0, 0.0, 1, 0.0, 256, 10.0, 422061.4] 0.9702302500000001
[1, 0, 0, 1.0, 1, 0.0, 0.0, 0, 1.0, 0.0, 0.0, 60, 1, 10.0, 420801.0] 0.96550375
[1.0, 1, 0.0, 0.0, 1, 0.0, 0.0, 0.0, 0.0, 1.0, 0.0, 40.0, 512, 10.0, 305319.4] 0.5212776
[1.0, 0, 1, 1, 1, 0, 0, 0, 1.0, 0.0, 1, 0, 1024, 10, 422519.2] 0.9719470000000001
[1, 1, 1.0, 1, 1, 1.0, 0.0, 0.0, 0.0, 0.0, 1, 0.0, 8.0, 8.0, 132275.8] 0.0620130727762803
[1, 0, 1, 1, 1.0, 0.0, 0, 0, 1, 0, 1, 0, 1, 10.0, 424574.6] 0.9796547499999999
[1, 1, 1, 1.0, 1.0, 0.0, 0, 0, 1, 0.0, 0.0, 10, 1.0, 10.0, 420823.8] 0.96558925
[1, 0, 1, 0.0, 1, 0, 0, 0.0, 0.0, 1, 0, 60, 256.0, 10.0, 304798.6] 0.5191943999999998
