[1.0, 1, 1, 1, 1, 0, 0, 0, 1, 0.0, 0.0, 0, 128, 10.0, 422401.4] 0.9715052500000001
[1, 1, 0, 1.0, 1, 0, 0.0, 0, 1, 0, 1.0, 40, 1, 10, 421557.6] 0.9683409999999999
[1, 0, 1.0, 0.0, 1, 0.0, 0.0, 0.0, 0, 1, 0, 80, 64, 10, 303251.6] 0.5130063999999999
[1.0, 1.0, 0, 0.0, 1.0, 0.0, 0.0, 0.0, 0.0, 1.0, 0, 40, 512, 10.0, 305319.4] 0.5212776
[1.0, 1.0, 0, 0.0, 1.0, 0.0, 0.0, 0, 0, 1, 0.0, 40, 512, 10.0, 305319.4] 0.5212776
[1.0, 0, 0, 1, 1, 0, 0.0, 0, 1, 0.0, 0.0, 0, 8, 10, 422061.6] 0.9702309999999998
[1, 1, 0, 0.0, 1, 0.0, 0, 0.0, 0.0, 1.0, 0, 40, 512.0, 10.0, 305319.4] 0.5212776
[1.0, 1, 1.0, 1, 1.0, 0, 0, 0.0, 1.0, 0.0, 0.0, 0, 128, 10, 422401.4] 0.9715052500000001
[1.0, 0, 0, 1.0, 1.0, 0.0, 1.0, 0, 0.0, 0.0, 1.0, 0, 1.0, 10, 131885.6] 0.06122425876010783
[1, 1.0, 1, 1, 1, 0.0, 0.0, 0.0, 1.0, 0, 0, 60, 1, 10.0, 420330.8] 0.9637404999999999
[1, 0.0, 1, 1.0, 1.0, 0.0, 0, 0.0, 0.0, 1, 0, 100.0, 1024, 10.0, 303597.2] 0.5143888
[1, 1, 1.0, 1, 1, 0.0, 0, 0, 1, 0.0, 1.0, 0, 4, 10, 421181.4] 0.9669302500000001
[1, 1.0, 0, 1, 1, 0, 0.0, 0.0, 0, 1, 0, 60, 128, 10, 304211.0] 0.516844
[1, 1.0, 1, 1.0, 1, 0, 0.0, 0, 1, 0, 0.0, 0, 128, 10.0, 422401.4] 0.9715052500000001
[1, 0, 1, 1.0, 1, 0.0, 1, 0.0, 0.0, 0.0, 1, 0.0, 4096, 8.0, 131796.8] 0.06104474393530995
[1.0, 0, 1.0, 1, 1.0, 0.0, 0, 0.0, 1.0, 0.0, 1.0, 0.0, 1, 10.0, 424574.6] 0.9796547499999999
[1, 0, 1, 1, 1.0, 0.0, 0.0, 0.0, 1.0, 0.0, 1.0, 0, 1, 10.0, 424574.6] 0.9796547499999999
[1.0, 0.0, 1.0, 1, 1, 0.0, 0.0, 0.0, 1.0, 0, 1, 0, 1, 10.0, 424574.6] 0.9796547499999999
[1.0, 0, 1.0, 1.0, 1, 0.0, 1, 0.0, 0, 0.0, 0, 0.0, 4, 8.0, 132074.2] 0.06160552560646902
[1, 0.0, 1.0, 1, 1.0, 0.0, 0, 0.0, 1.0, 0.0, 1, 0, 1, 10.0, 424574.6] 0.9796547499999999
[1.0, 1.0, 1, 1, 1.0, 0.0, 0.0, 0.0, 0.0, 1.0, 1.0, 50, 1024.0, 10, 304187.8] 0.5167511999999999
[1.0, 0.0, 0, 1, 1.0, 0.0, 0, 0, 1, 0, 0, 0, 8, 10, 422061.6] 0.9702309999999998
[1.0, 0.0, 1.0, 1.0, 1, 0, 1, 0.0, 0.0, 0, 0.0, 0.0, 4.0, 8.0, 132074.2] 0.06160552560646902
[1, 0, 1, 0.0, 1, 0.0, 0, 0, 0.0, 1.0, 0.0, 80, 64, 10.0, 303251.6] 0.5130063999999999
[1, 1, 1.0, 1, 1.0, 0, 0.0, 0, 1, 0.0, 1.0, 90, 1, 10, 420240.2] 0.96340075
[1.0, 1.0, 1, 1, 1, 0.0, 0.0, 0, 1, 0.0, 0, 0.0, 128, 10.0, 422401.4] 0.9715052500000001
[1, 1, 0, 1, 1, 0, 0, 0.0, 1, 0.0, 1, 0, 256, 10, 422061.4] 0.9702302500000001
[1, 0, 0.0, 0, 1.0, 0.0, 0.0, 0.0, 0.0, 1.0, 1, 40, 512.0, 10, 303522.4] 0.5140896
[1, 1, 1, 1, 1, 0.0, 0, 0, 1.0, 0, 1, 0, 1024, 10.0, 422269.6] 0.9710109999999998
[1, 0.0, 1, 1.0, 1.0, 0, 0, 0, 1.0, 0.0, 1, 0, 1024, 10.0, 422519.2] 0.9719470000000001
