[1.0, 0, 1, 1, 1, 0.0, 0, 0.0, 1, 0.0, 0.0, 0, 128, 10, 421752.2] 0.96907075
[1, 0.0, 0, 1.0, 1, 0.0, 0.0, 0.0, 0.0, 1, 1.0, 100, 128.0, 10, 303803.8] 0.5152151999999999
[1, 0, 1.0, 0.0, 1.0, 0.0, 0.0, 0.0, 0.0, 1, 0, 0, 32.0, 10.0, 301629.4] 0.5065176
[1.0, 1.0, 1.0, 1, 1.0, 0.0, 0.0, 0.0, 0, 1.0, 1.0, 60.0, 2048, 10.0, 303751.4] 0.5150056000000001
[1.0, 1, 1, 0, 1.0, 0, 0.0, 0, 0, 1.0, 0.0, 90, 512, 10.0, 302116.0] 0.5084639999999999
[1.0, 0.0, 0, 1.0, 1, 0.0, 0.0, 0, 1, 0.0, 0.0, 80, 1, 10.0, 420688.8] 0.9650829999999999
[1.0, 0.0, 1, 0.0, 1.0, 0.0, 0.0, 0.0, 0.0, 1.0, 1.0, 10.0, 512.0, 10.0, 302618.8] 0.5104751999999999
[1.0, 0.0, 1.0, 1.0, 1.0, 0.0, 0.0, 0.0, 1.0, 0.0, 0.0, 0, 4, 10.0, 421755.4] 0.9690827500000001
[1.0, 0, 1, 1.0, 1.0, 0.0, 1.0, 0, 0.0, 0, 1.0, 60.0, 1.0, 8.0, 125735.6] 0.04879164420485176
[1, 1.0, 0.0, 1, 1, 0.0, 0.0, 0.0, 1.0, 0, 1.0, 80.0, 2, 10.0, 418217.8] 0.9558167499999999
[1, 0.0, 1, 1.0, 1.0, 0.0, 0, 0.0, 0.0, 1.0, 0, 100.0, 128, 10.0, 303174.2] 0.5126968000000001
[1, 1.0, 1, 1, 1, 0.0, 0, 0, 1.0, 0.0, 1, 10, 2, 10, 418086.2] 0.95532325
[1.0, 1.0, 0, 1, 1.0, 0, 0.0, 0.0, 0, 1.0, 0, 10.0, 512, 10, 302163.4] 0.5086536
[1.0, 1.0, 1, 1.0, 1.0, 0.0, 0.0, 0, 1, 0, 0.0, 20, 2, 10.0, 419684.4] 0.9613165000000001
[1, 1, 1, 1.0, 1, 0.0, 1, 0.0, 0.0, 0.0, 0, 0.0, 2048, 8.0, 131488.0] 0.060420485175202154
[1.0, 0, 1.0, 1, 1.0, 0.0, 0, 0.0, 1.0, 0.0, 1.0, 0.0, 1024.0, 10, 422519.2] 0.9719470000000001
[1, 0, 1, 1, 1.0, 0.0, 0.0, 0.0, 1.0, 0.0, 1.0, 0, 1, 10.0, 424574.6] 0.9796547499999999
[1.0, 0.0, 1.0, 1.0, 1.0, 0.0, 0.0, 0.0, 1.0, 0, 1, 0, 1024.0, 10.0, 422519.2] 0.9719470000000001
[1.0, 0, 1.0, 1.0, 1, 0.0, 1, 0.0, 0, 0.0, 0, 0.0, 512, 8.0, 132003.4] 0.06146239892183287
[1, 0.0, 1.0, 1, 1.0, 0.0, 0, 0.0, 1.0, 0.0, 1.0, 0, 1, 10.0, 424574.6] 0.9796547499999999
[1.0, 1.0, 0.0, 1.0, 1, 0.0, 0.0, 0.0, 0.0, 1.0, 1.0, 40, 1024.0, 10, 303430.4] 0.5137216
[1.0, 0.0, 0, 1, 1.0, 0.0, 0, 0, 1, 0, 0, 0, 8, 10, 422061.6] 0.9702309999999998
[1.0, 0.0, 1.0, 1.0, 1, 0, 1, 0.0, 0.0, 0, 0.0, 0.0, 4.0, 8.0, 132074.2] 0.06160552560646902
[1, 0, 1, 0.0, 1.0, 0.0, 0, 0, 0.0, 1.0, 0.0, 0, 64, 10.0, 302027.4] 0.5081096
[1, 0.0, 1.0, 1, 1.0, 0, 0.0, 0, 1, 0.0, 1.0, 90, 512, 10, 418223.8] 0.9558392499999999
[1.0, 1.0, 1.0, 1, 1, 0.0, 0.0, 0, 1, 0.0, 0, 0.0, 128, 10.0, 422401.4] 0.9715052500000001
[1.0, 0, 0, 1.0, 1.0, 0.0, 0, 0.0, 1, 0.0, 0.0, 60.0, 1, 10, 420801.0] 0.96550375
[1, 0, 0.0, 0, 1.0, 0.0, 0.0, 0.0, 0.0, 1.0, 1, 40, 512.0, 10, 303522.4] 0.5140896
[1, 0.0, 0, 1.0, 1.0, 0.0, 0.0, 0.0, 1.0, 0.0, 0.0, 80.0, 128, 10.0, 416856.0] 0.9507099999999999
[1, 0.0, 1, 1.0, 1.0, 0, 0, 0.0, 1.0, 0.0, 1, 0, 4, 10.0, 422067.4] 0.9702527500000001
