[1.0, 0.0, 0.0, 1.0, 1.0, 0.0, 0.0, 0.0, 0.0, 1, 1.0, 40.0, 4.0, 10.0, 298736.6] 1.0
[1.0, 1.0, 1.0, 0.0, 1.0, 0.0, 1, 0.0, 0.0, 0.0, 1.0, 80.0, 32.0, 6.0, 87713.8] 0.5839225
[1.0, 1.0, 0, 1.0, 1.0, 0.0, 0.0, 0.0, 0.0, 1.0, 1.0, 100.0, 8.0, 10.0, 299221.4] 1.0
[1.0, 0.0, 1.0, 1.0, 1.0, 1.0, 0.0, 0.0, 0.0, 0.0, 1.0, 30.0, 4096.0, 6.0, 91367.4] 0.6295925
[1.0, 0.0, 0.0, 0.0, 1.0, 1.0, 0.0, 0.0, 0.0, 0.0, 0.0, 70.0, 32.0, 6.0, 88274.8] 0.590935
[1.0, 1.0, 1.0, 1.0, 1.0, 0.0, 1.0, 0.0, 0.0, 0.0, 0.0, 30.0, 512.0, 10.0, 103391.2] 0.77989
[1.0, 1, 0.0, 0.0, 1.0, 0.0, 0.0, 0.0, 0.0, 1.0, 1.0, 40.0, 32.0, 10.0, 299320.4] 1.0
[1.0, 0.0, 1.0, 1.0, 1.0, 1.0, 0.0, 0.0, 0.0, 0.0, 1.0, 70.0, 4096.0, 10.0, 103231.4] 0.7778924999999999
[1.0, 0.0, 1.0, 1.0, 1.0, 1.0, 0.0, 0.0, 0.0, 0.0, 0.0, 80.0, 64.0, 10.0, 102729.0] 0.7716125
[1.0, 1.0, 1.0, 1.0, 1.0, 0.0, 0.0, 0.0, 1.0, 0.0, 1.0, 80.0, 4096.0, 2.0, 35956.4] 0.05105485714285716
[1.0, 0.0, 1.0, 1.0, 1.0, 0.0, 1.0, 0.0, 0.0, 0.0, 1.0, 90.0, 4.0, 6.0, 103307.8] 0.7788475
[1.0, 0.0, 0.0, 1.0, 1.0, 0.0, 0, 0.0, 1.0, 0.0, 1.0, 30.0, 128.0, 10, 416107.8] 1.0
[1.0, 0.0, 1.0, 0.0, 1.0, 0.0, 0.0, 0.0, 0.0, 1.0, 1.0, 80.0, 16.0, 8.0, 121578.4] 0.9326272
[1.0, 1.0, 1.0, 1.0, 1.0, 0.0, 0.0, 0.0, 0.0, 1.0, 1.0, 30.0, 4096.0, 10.0, 300401.2] 1.0
[1.0, 0.0, 1.0, 1.0, 1.0, 1.0, 0.0, 0.0, 0.0, 0.0, 0.0, 50.0, 1.0, 8.0, 125291.0] 0.9623280000000001
[1.0, 1.0, 0.0, 1.0, 1, 1, 0.0, 0.0, 0.0, 0.0, 1.0, 80.0, 1.0, 6.0, 116766.8] 0.8941344
[1, 0.0, 1.0, 1.0, 1.0, 0.0, 1.0, 0.0, 0.0, 0.0, 0.0, 50.0, 16, 6.0, 93716.0] 0.6589499999999999
[1.0, 0.0, 1.0, 0.0, 1.0, 0.0, 1.0, 0.0, 0.0, 0.0, 1.0, 20, 2048.0, 6.0, 89402.4] 0.60503
[1.0, 0.0, 0.0, 0.0, 1.0, 0.0, 0.0, 0.0, 0.0, 1.0, 1.0, 80.0, 8.0, 10.0, 301838.8] 1.0
[1.0, 0.0, 0.0, 0.0, 1.0, 0.0, 0.0, 0.0, 0.0, 1.0, 0.0, 10.0, 2.0, 10.0, 298030.6] 1.0
[1.0, 0, 0.0, 1.0, 1.0, 0.0, 0.0, 0.0, 1.0, 0.0, 1.0, 60.0, 2, 0.0, 35977.8] 0.051238285714285736
[1.0, 0.0, 0.0, 1.0, 1.0, 1.0, 0.0, 0, 0.0, 0.0, 1, 0.0, 16.0, 8.0, 131848.2] 1.0
[1.0, 1.0, 1.0, 1.0, 1.0, 1.0, 0.0, 0.0, 0.0, 0.0, 1.0, 100.0, 1024.0, 8.0, 102809.4] 0.7726175
[1, 1.0, 1.0, 1.0, 1.0, 0.0, 0.0, 0.0, 0.0, 1.0, 0, 30.0, 1.0, 8.0, 121201.4] 0.9296112
[1.0, 0.0, 0.0, 1, 1, 0.0, 0.0, 0.0, 0.0, 1.0, 0.0, 70.0, 32.0, 8.0, 121764.2] 0.9341136
[1.0, 0.0, 1.0, 1, 1.0, 0, 0.0, 0.0, 0.0, 1.0, 0.0, 100.0, 64.0, 8.0, 121523.0] 0.932184
[1.0, 0.0, 0.0, 0.0, 1.0, 1.0, 0.0, 0.0, 0.0, 0.0, 1.0, 90.0, 64.0, 10.0, 101320.2] 0.7540024999999999
[1.0, 1.0, 0.0, 0.0, 1.0, 0.0, 0.0, 0.0, 1.0, 0.0, 1.0, 30.0, 32.0, 10.0, 120058.2] 0.9204656
[1.0, 1.0, 1.0, 1.0, 1.0, 0.0, 0.0, 0.0, 1.0, 0.0, 1.0, 20.0, 8.0, 10.0, 415365.0] 1.0
[1.0, 1.0, 0.0, 0.0, 1.0, 0.0, 0.0, 0.0, 0.0, 1.0, 0, 20.0, 8.0, 10.0, 300349.4] 1.0
