[1, 1, 0, 1, 1, 0, 1, 0, 0, 0, 0, 70, 1024, 10] 0.01859256198347111
[1, 0, 0, 1, 1, 0, 1, 0, 0, 0, 1, 30, 4096, 10] 0.02300826446280992
[1, 0, 0, 1, 1, 1, 0, 0, 0, 0, 1, 30, 4096, 10] 0.023712396694214908
[1, 0, 0, 0, 1, 0, 0, 0, 0, 1, 1, 70, 1024, 8] 0.251600826446281
[1, 0, 1, 1, 1, 0, 0, 0, 1, 0, 1, 70, 4096, 6] 0.0
[1, 1, 1, 1, 1, 0, 1, 0, 0, 0, 1, 0, 4096, 8] 0.3686355371900827
[1, 0, 0, 1, 1, 1, 0, 0, 0, 0, 1, 20, 4096, 8] 0.02700247933884294
[1, 0, 0, 1, 1, 0, 1, 0, 0, 0, 1, 30, 4096, 10] 0.02300826446280992
[1, 0, 0, 0, 1, 0, 0, 1, 0, 0, 1, 20, 64, 6] 0.0
[1, 0, 1, 1, 1, 0, 1, 0, 0, 0, 0, 30, 4096, 8] 0.019956198347107473
[1, 0, 0, 1, 1, 1, 0, 0, 0, 0, 1, 20, 4096, 8] 0.02700247933884294
[1, 1, 0, 1, 1, 0, 1, 0, 0, 0, 0, 10, 4096, 10] 0.0486198347107438
[1, 1, 1, 0, 1, 0, 0, 0, 0, 1, 0, 50, 2048, 8] 0.2504504132231405
[1, 0, 0, 1, 1, 0, 1, 0, 0, 0, 1, 40, 2048, 8] 0.018314876033057776
[1, 1, 0, 1, 1, 0, 0, 0, 1, 0, 1, 0, 4096, 8] 0.1751206611570247
[1, 1, 0, 1, 1, 1, 0, 0, 0, 0, 1, 50, 8, 10] 0.09914380165289262
[1, 0, 0, 0, 1, 0, 0, 0, 0, 1, 0, 20, 4096, 8] 0.2508421487603306
[1, 1, 0, 1, 1, 1, 0, 0, 0, 0, 1, 40, 2048, 8] 0.01794545454545462
[1, 0, 0, 0, 1, 1, 0, 0, 0, 0, 1, 20, 4096, 10] 0.006533057851239669
[1, 0, 1, 1, 1, 0, 0, 1, 0, 0, 1, 10, 4096, 8] 0.0
[1, 0, 0, 0, 1, 0, 0, 0, 1, 0, 0, 90, 4096, 10] 0.12912892561983463
[1, 0, 0, 1, 1, 1, 0, 0, 0, 0, 0, 0, 2048, 6] 0.2707735537190082
[1, 1, 1, 1, 1, 1, 0, 0, 0, 0, 0, 20, 4096, 10] 0.026023140495867732
[1, 0, 1, 0, 1, 0, 0, 0, 0, 1, 0, 80, 1024, 2] 0.0
[1, 0, 0, 0, 1, 0, 0, 0, 0, 1, 1, 0, 256, 8] 0.25447190082644616
[1, 0, 1, 1, 1, 0, 1, 0, 0, 0, 1, 40, 4096, 8] 0.01746446280991739
[1, 0, 0, 1, 1, 0, 1, 0, 0, 0, 1, 80, 2048, 8] 0.012828099173553754
[1, 0, 0, 0, 1, 0, 1, 0, 0, 0, 1, 40, 2048, 4] 0.0
[1, 0, 1, 1, 1, 1, 0, 0, 0, 0, 1, 20, 1024, 10] 0.025080991735537152
[1, 1, 1, 0, 1, 0, 1, 0, 0, 0, 1, 10, 4096, 8] 0.0
