[7.81303663e-01 4.03857386e-01 5.61357267e-01 9.45433820e-01
 9.01021774e-01 3.33057790e-02 2.87077433e-01 5.95153168e-02
 9.58527373e-01 2.91494707e-01 3.75725300e-02 5.12079620e+01
 3.92247833e+02 9.06072021e+00] 0.9204345454545455
[ 1.  0.  1.  0.  1.  1.  0.  0.  0.  0.  0. 90.  4. 10.] 0.0
[ 1.  1.  0.  0.  1.  1.  0.  0.  0.  0.  0. 30.  4.  8.] 0.0
[ 1.  0.  1.  1.  1.  0.  0.  0.  1.  0.  0. 40.  8. 10.] 0.920372
[  1.   1.   0.   1.   1.   1.   0.   0.   0.   0.   0.  30. 128.   8.] 0.022896694214876032
[1.000e+00 0.000e+00 0.000e+00 1.000e+00 1.000e+00 0.000e+00 0.000e+00
 0.000e+00 1.000e+00 0.000e+00 0.000e+00 6.000e+01 1.024e+03 1.000e+01] 0.9192981818181818
[  1.   1.   0.   0.   1.   0.   0.   0.   0.   1.   0. 100.  16.  10.] 0.7498312
[  1.   0.   1.   1.   1.   0.   1.   0.   0.   0.   1.  20. 512.   8.] 0.02905537190082648
[ 1.  0.  0.  1.  1.  0.  0.  0.  1.  0.  1.  0.  2. 10.] 0.9294996363636363
[  1.   0.   1.   0.   1.   0.   0.   0.   0.   1.   1. 100.  16.   8.] 0.24868264462809908
[ 1.  0.  1.  1.  1.  1.  0.  0.  0.  0.  1. 50.  8.  8.] 0.09659008264462818
[  1.   0.   0.   0.   1.   0.   0.   0.   0.   1.   0. 100.  64.   6.] 0.0
[  1.   0.   1.   1.   1.   0.   0.   0.   1.   0.   1. 100.  64.   8.] 0.29337768595041325
[ 1.  0.  1.  0.  1.  0.  0.  0.  0.  1.  1. 10. 16. 10.] 0.7493314000000001
[ 1.  0.  1.  1.  1.  0.  1.  0.  0.  0.  0. 40.  2.  8.] 0.19637603305785126
[ 1.  1.  0.  1.  1.  0.  0.  0.  1.  0.  0. 20. 64.  8.] 0.27946115702479335
[ 1.  1.  0.  1.  1.  0.  0.  0.  1.  0.  1. 80. 16.  6.] 0.0
[ 1.  1.  1.  1.  1.  1.  0.  0.  0.  0.  1. 80. 16.  8.] 0.05074958677685954
[1.000e+00 1.000e+00 0.000e+00 0.000e+00 1.000e+00 0.000e+00 0.000e+00
 0.000e+00 0.000e+00 1.000e+00 0.000e+00 3.000e+01 1.024e+03 1.000e+01] 0.7515348000000001
[  1.   0.   1.   0.   1.   0.   0.   0.   1.   0.   0.  20. 128.  10.] 0.2752140495867769
[ 1.  1.  0.  1.  1.  1.  0.  0.  0.  0.  0. 80. 32. 10.] 0.02509338842975203
[ 1.  1.  0.  1.  1.  0.  0.  0.  1.  0.  0. 10. 64.  4.] 0.0
[  1.   1.   0.   0.   1.   1.   0.   0.   0.   0.   0. 100.   1.   0.] 0.0
[ 1.  0.  0.  0.  1.  0.  1.  0.  0.  0.  1. 40.  2.  6.] 0.0
[1.000e+00 1.000e+00 0.000e+00 0.000e+00 1.000e+00 0.000e+00 0.000e+00
 0.000e+00 1.000e+00 0.000e+00 0.000e+00 2.000e+01 2.048e+03 1.000e+01] 0.2788809917355371
[1.000e+00 1.000e+00 0.000e+00 1.000e+00 1.000e+00 0.000e+00 0.000e+00
 0.000e+00 1.000e+00 0.000e+00 0.000e+00 2.000e+01 2.048e+03 1.000e+01] 0.9169847272727273
[1.000e+00 0.000e+00 0.000e+00 1.000e+00 1.000e+00 0.000e+00 1.000e+00
 0.000e+00 0.000e+00 0.000e+00 1.000e+00 7.000e+01 4.096e+03 1.000e+01] 0.01656198347107438
[1.000e+00 0.000e+00 0.000e+00 1.000e+00 1.000e+00 0.000e+00 0.000e+00
 0.000e+00 1.000e+00 0.000e+00 0.000e+00 9.000e+01 4.096e+03 1.000e+01] 0.920096
[ 1.  1.  1.  1.  1.  0.  0.  0.  1.  0.  1. 70. 64. 10.] 0.9195807272727273
[ 1.  1.  0.  1.  1.  0.  0.  0.  1.  0.  0. 90.  2. 10.] 0.9203847272727272
