[1.0, 1, 1.0, 0.0, 1.0, 0.0, 0.0, 1.0, 0.0, 0.0, 0, 1.0, 1.0, 0, 1, 0.0, 0.0, 0.0, 0.0, 0.0, 0.0, 0, 1.0, 1.0, 0.0, 0.0, 0.0, 1, 0, 0.0, 0.0, 4080.452] 0.6813360000000002
[1.0, 0.0, 1.0, 0.0, 0.0, 0.0, 0.0, 0.0, 1.0, 0.0, 0.0, 1.0, 1.0, 0.0, 0.0, 0.0, 0.0, 0.0, 0.0, 0.0, 1.0, 0.0, 0.0, 0.0, 0.0, 0.0, 0.0, 0.0, 0.0, 0.0, 1.0, 913.612] 0.09013981371582609
[1.0, 0.0, 1.0, 1.0, 1.0, 1.0, 0.0, 1.0, 1.0, 0.0, 1.0, 1.0, 1.0, 1.0, 0.0, 1.0, 0.0, 0.0, 0.0, 0.0, 0.0, 1.0, 0.0, 1.0, 0.0, 1.0, 0.0, 0.0, 0.0, 0.0, 0.0, 4176.842] 0.7153559999999999
[1.0, 1.0, 0.0, 0.0, 1.0, 1.0, 0.0, 1.0, 1.0, 0.0, 0.0, 1.0, 1.0, 0.0, 1.0, 0.0, 0.0, 1.0, 0.0, 0.0, 0.0, 1.0, 0.0, 0.0, 0.0, 0.0, 0.0, 1.0, 0.0, 1.0, 0.0, 1350.458] 0.1340801464523527
[1.0, 0.0, 1.0, 0.0, 0, 1.0, 1.0, 0.0, 0.0, 0.0, 0.0, 1.0, 1.0, 0.0, 0.0, 0.0, 0.0, 0, 0, 0.0, 1.0, 0.0, 0.0, 0.0, 0, 0.0, 0.0, 0.0, 0.0, 0.0, 0.0, 2013.986] 0.20082138043412665
[1, 0, 1.0, 0.0, 0.0, 0.0, 0, 1.0, 0.0, 0, 1, 1.0, 1.0, 0, 1, 0.0, 0.0, 0, 0, 0, 0.0, 0.0, 1.0, 1, 0.0, 1.0, 0.0, 1, 0, 0.0, 0.0, 4047.816] 0.6698174117647059
[1.0, 1.0, 1.0, 1.0, 0.0, 1.0, 0.0, 0.0, 1.0, 0.0, 1.0, 1.0, 1.0, 0.0, 1.0, 1.0, 0.0, 0.0, 1.0, 0.0, 0.0, 1.0, 0.0, 0.0, 1.0, 0.0, 0.0, 1.0, 0.0, 0.0, 0.0, 2309.51] 0.23054678227282788
[1.0, 0.0, 1, 0.0, 0.0, 0.0, 0.0, 0, 0.0, 0.0, 0.0, 1.0, 1.0, 0.0, 0.0, 0.0, 0.0, 0, 0, 0.0, 1.0, 0.0, 0, 1.0, 0, 0.0, 0.0, 0.0, 0, 0.0, 0.0, 3605.418] 0.5136769411764707
[1.0, 0.0, 0.0, 0.0, 1.0, 0.0, 0.0, 1.0, 0.0, 0.0, 1.0, 1.0, 1.0, 1.0, 1.0, 1.0, 0.0, 1.0, 1.0, 0.0, 0.0, 0.0, 1.0, 1.0, 0.0, 0.0, 0.0, 0.0, 0.0, 0.0, 0.0, 2563.872] 0.256131887585749
[1.0, 1.0, 1.0, 0.0, 1.0, 1.0, 1.0, 1.0, 0.0, 0.0, 1.0, 1.0, 1.0, 0.0, 1.0, 1.0, 0.0, 1.0, 0.0, 0.0, 0.0, 0.0, 1.0, 0.0, 0.0, 0.0, 0.0, 1.0, 0.0, 0.0, 0.0, 2705.81] 0.270408779094329
[1.0, 0.0, 1.0, 1.0, 1.0, 1.0, 0.0, 1.0, 1.0, 0.0, 0.0, 1.0, 1.0, 0.0, 1.0, 1.0, 0.0, 0.0, 1.0, 0.0, 0.0, 1.0, 0.0, 0.0, 0.0, 0.0, 1.0, 1.0, 0.0, 0.0, 0.0, 2374.31] 0.23706471665090828
[1.0, 1.0, 1.0, 0, 1.0, 0, 0.0, 1.0, 1.0, 0.0, 0.0, 1, 1.0, 0.0, 0.0, 0.0, 0.0, 0.0, 0.0, 0.0, 1.0, 0.0, 0, 1, 0.0, 0.0, 0, 1.0, 0.0, 0.0, 0.0, 4690.77] 0.8967423529411767
[1.0, 1.0, 1.0, 1.0, 1.0, 1.0, 1.0, 1.0, 1.0, 0.0, 1, 1.0, 1.0, 1.0, 0.0, 1.0, 0.0, 0.0, 0.0, 0.0, 0.0, 0, 1.0, 0.0, 0.0, 0.0, 0.0, 0.0, 0.0, 0.0, 0.0, 1885.686] 0.18791627270715563
[1.0, 0.0, 0.0, 0.0, 1.0, 0.0, 0.0, 1.0, 0.0, 0.0, 0.0, 1.0, 1.0, 1.0, 1.0, 1.0, 0.0, 0.0, 0.0, 0.0, 0.0, 1.0, 0.0, 1.0, 0.0, 1.0, 0.0, 0.0, 0.0, 0.0, 0.0, 3118.216] 0.341723294117647
[1.0, 0.0, 1.0, 0.0, 0, 0, 0, 1, 0, 0.0, 0.0, 1.0, 1.0, 1.0, 0, 0.0, 0.0, 0.0, 0.0, 0.0, 0.0, 0.0, 1.0, 1.0, 0, 0.0, 0.0, 0.0, 0.0, 0.0, 0.0, 3224.62] 0.3792776470588235
[1.0, 0.0, 0.0, 0.0, 0.0, 0, 1.0, 0, 0, 0.0, 0.0, 1.0, 1.0, 0.0, 0.0, 0, 0.0, 0.0, 0.0, 0.0, 1, 0.0, 0.0, 0.0, 0.0, 0, 0, 1, 0.0, 0.0, 0.0, 1540.062] 0.15315154197429037
[1, 1.0, 1.0, 0, 0.0, 0.0, 0.0, 1.0, 1, 0.0, 0.0, 1.0, 1.0, 1.0, 0.0, 0, 0.0, 0.0, 0, 0.0, 1, 0.0, 0.0, 1, 0.0, 0, 0.0, 1, 0, 0.0, 0, 4728.254] 0.9117583899320815
[1.0, 1.0, 1.0, 0.0, 0.0, 0.0, 0.0, 1.0, 1.0, 0.0, 0.0, 1.0, 1.0, 1.0, 0.0, 0.0, 0.0, 0.0, 0.0, 0.0, 1.0, 0.0, 0.0, 1.0, 0.0, 0.0, 0, 1, 0.0, 0.0, 0.0, 4728.254] 0.9117583899320815
[1.0, 1.0, 1.0, 1.0, 0.0, 1.0, 1.0, 0.0, 0.0, 0.0, 1.0, 1.0, 1.0, 1.0, 1.0, 1.0, 0.0, 1.0, 1.0, 0.0, 1.0, 0.0, 0.0, 0.0, 0.0, 0.0, 0.0, 0.0, 0.0, 0.0, 0.0, 2068.558] 0.20631052726870386
[1.0, 0.0, 1, 0.0, 1, 0.0, 0.0, 1.0, 1.0, 0.0, 0, 1.0, 1.0, 1, 1, 0.0, 0.0, 0.0, 0, 0, 1.0, 0.0, 0.0, 1, 0.0, 0, 0.0, 0, 0.0, 0.0, 0.0, 3721.696] 0.5547162352941176
[1, 1.0, 1.0, 0.0, 0.0, 0.0, 0.0, 1.0, 1.0, 0.0, 0.0, 1.0, 1.0, 1.0, 0.0, 0.0, 0.0, 0.0, 0.0, 0.0, 1.0, 0.0, 0.0, 1.0, 0.0, 0.0, 0, 1.0, 0.0, 0.0, 0.0, 4728.254] 0.9117583899320815
[1.0, 0.0, 1.0, 0.0, 1, 0.0, 0.0, 1, 1.0, 0.0, 0.0, 1.0, 1, 1.0, 0.0, 0.0, 0.0, 0.0, 0.0, 0.0, 0.0, 0.0, 1.0, 1.0, 0.0, 0.0, 0.0, 1.0, 0.0, 0.0, 0.0, 4042.632] 0.6679877647058824
[1, 0, 1.0, 0.0, 0.0, 0, 0.0, 0.0, 1, 0.0, 0.0, 1, 1, 0.0, 1, 0.0, 0.0, 0.0, 0.0, 0.0, 1.0, 0.0, 0, 0, 0.0, 0.0, 0, 0.0, 0.0, 1, 0, 1321.962] 0.1312138646925104
[1.0, 1.0, 0.0, 0.0, 1.0, 0.0, 0.0, 1.0, 1.0, 0.0, 0.0, 1.0, 1.0, 0.0, 1.0, 0.0, 0.0, 0.0, 0.0, 0.0, 1.0, 0.0, 0.0, 1.0, 0.0, 0.0, 0.0, 1.0, 0.0, 0.0, 0.0, 3268.828] 0.3948804705882353
[1.0, 0, 1, 0.0, 0, 0.0, 0.0, 1, 1, 0.0, 0.0, 1.0, 1, 1.0, 0, 0, 0, 0, 0.0, 0.0, 0.0, 0.0, 1.0, 1.0, 0, 1, 0, 1.0, 0, 0.0, 0.0, 4043.884] 0.6684296470588236
[1.0, 1.0, 0.0, 0.0, 0.0, 0.0, 0.0, 1.0, 0.0, 0.0, 1.0, 1.0, 1.0, 1.0, 1.0, 0.0, 0.0, 0.0, 0.0, 0.0, 0.0, 0.0, 1.0, 1.0, 0.0, 1.0, 0.0, 0.0, 0.0, 0.0, 0.0, 2469.772] 0.24666680078054276
[1.0, 1.0, 1.0, 0.0, 1.0, 1.0, 0.0, 1.0, 0.0, 0.0, 1.0, 1, 1.0, 0, 1.0, 1.0, 0.0, 1.0, 0.0, 0.0, 0.0, 0.0, 1.0, 1.0, 0.0, 0.0, 0.0, 1.0, 0.0, 0.0, 0.0, 4051.464] 0.6711049411764706
[1.0, 0.0, 1.0, 0.0, 0.0, 0.0, 0.0, 0.0, 1.0, 0.0, 0.0, 1.0, 1.0, 0.0, 0.0, 0.0, 0.0, 0.0, 0.0, 0.0, 0.0, 0.0, 1.0, 1.0, 0.0, 0.0, 0.0, 1.0, 0.0, 0.0, 0.0, 3992.428] 0.6502687058823529
[1.0, 0.0, 0.0, 0, 0.0, 0.0, 0.0, 1.0, 1.0, 0.0, 1.0, 1.0, 1, 1.0, 1.0, 0, 0, 0.0, 0.0, 0.0, 1.0, 0.0, 0.0, 1.0, 0.0, 1, 0, 0.0, 0.0, 0.0, 0.0, 2807.502] 0.2806375103100042
[1, 1, 1.0, 0.0, 0, 0.0, 0.0, 1.0, 1, 0.0, 0.0, 1.0, 1.0, 1.0, 0, 0.0, 0, 0.0, 0.0, 0.0, 1.0, 0, 0.0, 1, 0.0, 0.0, 0.0, 1.0, 0.0, 0.0, 0.0, 4728.254] 0.9117583899320815
