[1.0, 1.0, 0, 1.0, 1.0, 1.0, 1.0, 0.0, 0.0, 0.0, 1.0, 0, 170.0809813] 0.9962504857852967
[0.0, 1.0, 0.0, 1, 1.0, 1, 1.0, 0.0, 1.0, 1.0, 0.0, 1.0, 171.1972303] 0.9989310466154617
[0.0, 0.0, 1.0, 1.0, 1.0, 1.0, 1.0, 0.0, 0.0, 1.0, 0.0, 1.0, 105.0536649] 0.3012879576
[0.0, 1.0, 0.0, 1.0, 1.0, 1.0, 0.0, 1.0, 1, 0.0, 0.0, 0.0, 124.825187] 0.7758044880000001
[1.0, 1.0, 1.0, 1.0, 1.0, 1.0, 1.0, 1.0, 1.0, 1.0, 1.0, 1, 169.4363217] 0.994702399943742
[1.0, 1, 1.0, 1.0, 1.0, 1.0, 1.0, 1.0, 1.0, 1.0, 0, 1, 168.5880525] 0.9926653659209072
[0.0, 1.0, 1.0, 1.0, 1.0, 1.0, 0.0, 0.0, 0.0, 1.0, 0.0, 1, 124.9946375] 0.7798712999999999
[0.0, 1, 1.0, 1.0, 1, 1.0, 1.0, 0.0, 1.0, 1.0, 1.0, 0.0, 170.1067212] 0.9963122975922614
[1, 1, 0.0, 1.0, 1.0, 0, 1, 1.0, 1.0, 1.0, 1.0, 0.0, 115.7647765] 0.558354636
[0.0, 1.0, 0.0, 1, 1.0, 1.0, 1.0, 0, 1.0, 1.0, 0.0, 1.0, 171.1972303] 0.9989310466154617
[0.0, 1.0, 1, 1.0, 1.0, 1.0, 1.0, 0.0, 0.0, 0.0, 1.0, 1.0, 170.6176486] 0.9975392388710423
[1.0, 0.0, 1.0, 1.0, 0.0, 1.0, 1, 1, 1.0, 1.0, 0.0, 0.0, 99.30028009] 0.007024336972617406
[0, 1.0, 0.0, 1, 1, 1.0, 1, 1.0, 1.0, 1.0, 1.0, 1.0, 169.8953624] 0.9958047404787583
[0.0, 1.0, 0.0, 1.0, 1.0, 1.0, 1.0, 1.0, 1.0, 1, 0, 1.0, 170.3034718] 0.9967847745679822
[0.0, 1.0, 1.0, 1, 1.0, 1, 1.0, 0.0, 1, 1.0, 1.0, 1.0, 169.6930311] 0.9953188620076499
[0.0, 0.0, 1.0, 1.0, 1, 1.0, 1.0, 0.0, 1.0, 0.0, 0.0, 0.0, 105.0626018] 0.3015024431999999
[1.0, 1, 0.0, 1.0, 1, 0.0, 0.0, 0.0, 1.0, 0.0, 0.0, 1.0, 101.5941715] 0.12493440402318723
[1.0, 1.0, 0.0, 1.0, 1.0, 1.0, 1.0, 1.0, 0.0, 1.0, 0.0, 0.0, 170.4227512] 0.9970712121706009
[1.0, 1.0, 1.0, 1, 0.0, 1.0, 1.0, 1.0, 1.0, 1.0, 1.0, 0.0, 123.5660315] 0.745584756
[1.0, 0.0, 0.0, 1.0, 1.0, 1, 1.0, 1, 1.0, 1.0, 1.0, 1.0, 104.1948628] 0.2586145269026015
[0, 1.0, 0.0, 1, 1.0, 1.0, 1.0, 1.0, 1, 1.0, 0.0, 0.0, 169.9597268] 0.995959305176686
[0, 1.0, 1.0, 1.0, 1, 1.0, 1.0, 0, 0.0, 0.0, 1.0, 0, 171.6423678] 1.0
[0.0, 1.0, 1.0, 1.0, 0.0, 1.0, 1, 0.0, 1, 1, 1.0, 0.0, 124.7061543] 0.7729477032
[1, 1.0, 0, 1.0, 1.0, 1, 1.0, 0, 1.0, 1.0, 0.0, 1.0, 170.0900283] 0.9962722112549998
[0.0, 1, 0.0, 1.0, 1.0, 1.0, 1.0, 0.0, 0.0, 1, 1.0, 0, 170.5559134] 0.9973909879351289
[0.0, 1.0, 0.0, 1, 1.0, 1, 0.0, 0.0, 1.0, 1.0, 1.0, 1.0, 125.361629] 0.7886790959999999
[0, 1.0, 1.0, 1.0, 1.0, 1, 1.0, 1.0, 1.0, 0.0, 0, 0.0, 169.9536264] 0.9959446556734941
[0.0, 1.0, 0.0, 1.0, 1.0, 1.0, 1.0, 0.0, 0.0, 0.0, 0.0, 1, 171.4235804] 0.9994746038432522
[1.0, 1, 0.0, 1.0, 1.0, 1.0, 1.0, 0.0, 1.0, 1.0, 1, 1, 170.2500155] 0.9966564045861004
[1.0, 1.0, 0.0, 1.0, 1.0, 0.0, 1, 0.0, 1.0, 1.0, 0.0, 0.0, 115.8827288] 0.5611854911999998
