[0.0, 1.0, 1.0, 1.0, 1.0, 1.0, 1.0, 0.0, 0.0, 0, 1, 0, 171.6423678] 1.0
[0.0, 1.0, 1.0, 1.0, 1.0, 1.0, 1.0, 0, 0, 0.0, 0, 1.0, 171.5690527] 0.988586741116226
[1.0, 1.0, 0.0, 0.0, 0.0, 1.0, 1.0, 0.0, 0.0, 1.0, 1.0, 0.0, 51.50088739] 0
[0.0, 1.0, 0.0, 1.0, 1.0, 1, 1.0, 1.0, 0.0, 1.0, 1.0, 0, 170.5539949] 0.5177099142857013
[1, 1.0, 0.0, 1.0, 1, 1.0, 1.0, 0.0, 1.0, 1.0, 0.0, 1, 170.0900283] 0.007633418411857341
[1.0, 0.0, 0.0, 1.0, 1.0, 0.0, 1.0, 0.0, 1.0, 0.0, 0.0, 0.0, 51.43126178] 0
[1.0, 1.0, 0.0, 0.0, 1.0, 1.0, 1.0, 0.0, 0.0, 0.0, 0.0, 1.0, 65.10588694] 0
[0, 1, 1, 1.0, 1, 1, 1.0, 0, 0, 0.0, 1, 0.0, 171.6423678] 1.0
[0.0, 1, 1.0, 1, 1.0, 1.0, 1.0, 1.0, 1.0, 0.0, 1.0, 1.0, 170.6282685] 0.5813729999999864
[1.0, 1.0, 0, 1.0, 1, 1.0, 1.0, 0.0, 0.0, 1.0, 1.0, 0.0, 170.7705431] 0.7033226571428519
[0.0, 1.0, 0.0, 1.0, 1.0, 1, 1.0, 0.0, 1.0, 0.0, 0.0, 1.0, 170.4570768] 0.43463725714285817
[0.0, 1.0, 1, 1, 1.0, 1.0, 1.0, 0, 0.0, 0.0, 0.0, 1.0, 171.5690527] 0.988586741116226
[0.0, 1.0, 1.0, 1, 1.0, 1.0, 1.0, 1, 1.0, 0.0, 1.0, 1, 170.6282685] 0.5813729999999864
[1.0, 1.0, 0, 1.0, 1.0, 1.0, 1.0, 0.0, 1.0, 0.0, 1.0, 1.0, 170.3253386] 0.3217187999999984
[0.0, 1.0, 0.0, 1, 1.0, 1.0, 1.0, 0.0, 1.0, 0.0, 0.0, 1, 170.4570768] 0.43463725714285817
[0.0, 1, 1.0, 1.0, 1.0, 1.0, 1.0, 0.0, 1.0, 1.0, 1.0, 0.0, 170.1067212] 0.030876770300684458
[0.0, 1.0, 0.0, 1.0, 0.0, 0.0, 1.0, 0.0, 0.0, 1.0, 1.0, 0.0, 70.96725726] 0
[0.0, 1.0, 1, 1.0, 1.0, 1.0, 1.0, 0.0, 0.0, 0.0, 1.0, 0.0, 171.6423678] 1.0
[0.0, 1.0, 1.0, 1.0, 1, 1.0, 1.0, 0.0, 0.0, 0.0, 1, 0, 171.6423678] 1.0
[0, 1.0, 1.0, 1.0, 1, 1.0, 1.0, 0.0, 0.0, 0.0, 1, 0, 171.6423678] 1.0
[1.0, 1.0, 0.0, 1, 1.0, 1.0, 1.0, 0.0, 0.0, 1.0, 1.0, 0.0, 170.7705431] 0.7033226571428519
[1.0, 1.0, 0.0, 1.0, 1.0, 1.0, 1.0, 0.0, 0, 1.0, 1.0, 0.0, 170.7705431] 0.7033226571428519
[1.0, 0.0, 1.0, 0.0, 0.0, 1.0, 0.0, 0.0, 0.0, 1.0, 1.0, 0.0, 29.03226781] 0
[0.0, 1.0, 1.0, 1.0, 1.0, 1.0, 1, 0.0, 0.0, 0.0, 0, 1.0, 171.5690527] 0.988586741116226
[0.0, 1.0, 0.0, 1.0, 0.0, 1.0, 0.0, 1.0, 0.0, 0.0, 0.0, 0.0, 78.55989146] 0
[0.0, 1.0, 1.0, 1.0, 1, 1.0, 1.0, 0, 0.0, 0.0, 0.0, 1.0, 171.5690527] 0.988586741116226
[1.0, 1.0, 0.0, 0.0, 1.0, 0.0, 0.0, 0.0, 0.0, 1.0, 1.0, 1.0, 45.60274148] 0
[1.0, 0.0, 0.0, 0.0, 1.0, 0.0, 1.0, 0.0, 1.0, 0.0, 1.0, 0.0, 15.60768032] 0
[0.0, 1.0, 0.0, 0.0, 1.0, 0.0, 0.0, 0.0, 1.0, 0.0, 0.0, 1.0, 45.70228863] 0
[0.0, 1.0, 1.0, 1.0, 1, 1.0, 1, 0.0, 0, 0.0, 1.0, 0.0, 171.6423678] 1.0
