[1.0, 0.0, 1.0, 0.0, 1.0, 0.0, 0, 1.0, 1.0, 0, 1.0, 0.0, 0.0, 1.0, 0.0, 0.0, 0.0, 0.0, 0, 0.0, 0.0, 0.0, 1.0, 1.0, 1.0, 1.0, 0.0, 1.0, 1.0, 0.0, 0.0, 1.0, 1.0, 0.0, 1.0, 1.0, 0.0, 0.0, 0.0, 16.262225285576196] 0.6725166352474973
[1.0, 0.0, 1.0, 0, 1, 0.0, 0.0, 1.0, 0.0, 0.0, 1.0, 0.0, 0.0, 1.0, 0.0, 1.0, 0.0, 0.0, 0.0, 0.0, 1.0, 0.0, 0.0, 1.0, 1.0, 1.0, 0.0, 1.0, 1.0, 0.0, 0.0, 1.0, 1.0, 0.0, 1.0, 1.0, 0, 0.0, 0.0, 16.3428778006285] 0.7255775004134863
[1, 0.0, 1.0, 0.0, 0, 0, 1, 1.0, 0.0, 0, 1, 0.0, 0, 1.0, 0.0, 0, 0.0, 0, 0.0, 0, 0.0, 1, 0.0, 1.0, 1.0, 1.0, 0.0, 1.0, 1.0, 0.0, 0.0, 1.0, 1.0, 0.0, 1, 0.0, 0.0, 1.0, 0.0, 16.2807718539136] 0.6847183249431569
[1.0, 0.0, 1.0, 0, 0.0, 1.0, 0.0, 1.0, 0.0, 0.0, 1.0, 1, 0.0, 1.0, 0.0, 1.0, 0.0, 0.0, 0.0, 0.0, 0, 0.0, 0.0, 1, 1.0, 1.0, 0.0, 1.0, 1.0, 0.0, 0, 1.0, 1.0, 0.0, 1.0, 1.0, 0.0, 0.0, 0.0, 16.1979577277458] 0.6302353472011829
[1.0, 0.0, 0.0, 0.0, 0.0, 0.0, 0.0, 1.0, 0.0, 0.0, 1.0, 0.0, 0.0, 1.0, 0, 0.0, 0, 0.0, 1, 0.0, 0.0, 0, 0.0, 1.0, 1, 0.0, 1.0, 1.0, 0.0, 0.0, 1.0, 1.0, 1.0, 0.0, 1.0, 0.0, 1.0, 0, 0.0, 15.9082461268323] 0.4923538439026916
[1.0, 0.0, 1.0, 0, 1.0, 0, 0, 1.0, 0.0, 0.0, 1.0, 0.0, 0.0, 1.0, 0.0, 0, 1, 1, 0.0, 0.0, 0.0, 0, 0, 1.0, 1.0, 1, 0.0, 1.0, 1, 0.0, 0.0, 1.0, 1.0, 0.0, 1.0, 1.0, 0, 0.0, 0, 16.1843967592701] 0.6213136574145396
[1.0, 0.0, 1.0, 0.0, 0.0, 1.0, 0.0, 1.0, 0.0, 0, 1.0, 0.0, 0.0, 1.0, 0.0, 0.0, 0.0, 0.0, 0.0, 0.0, 0.0, 0.0, 0.0, 1.0, 1.0, 0.0, 1.0, 1.0, 1.0, 0.0, 0.0, 1.0, 0.0, 1.0, 1.0, 0.0, 0.0, 0.0, 1, 15.5780494501703] 0.46483745418085826
[1.0, 0.0, 1.0, 0.0, 0.0, 0.0, 1.0, 1.0, 0.0, 0.0, 1.0, 0.0, 0.0, 1.0, 0.0, 0.0, 0.0, 1.0, 0.0, 0.0, 0.0, 0.0, 1.0, 1.0, 1.0, 1.0, 0.0, 1.0, 1.0, 0.0, 0.0, 1.0, 1.0, 0.0, 1.0, 1.0, 0.0, 0.0, 0.0, 16.3367844496704] 0.7215687168884207
[1.0, 0.0, 1.0, 0.0, 1.0, 0.0, 0.0, 1.0, 0.0, 0.0, 1.0, 1.0, 0.0, 1.0, 0.0, 0.0, 1, 0.0, 0.0, 0.0, 0, 0.0, 0.0, 1.0, 1.0, 1.0, 0.0, 1.0, 1.0, 0.0, 0.0, 1.0, 1.0, 0.0, 1.0, 1.0, 0.0, 0.0, 0.0, 16.079144952867] 0.5520690479388162
[1.0, 0.0, 0.0, 0.0, 0.0, 0.0, 0.0, 1.0, 1.0, 0.0, 1.0, 0.0, 0.0, 1.0, 0.0, 0.0, 0.0, 0.0, 0.0, 1.0, 0.0, 0.0, 0.0, 1.0, 1.0, 0.0, 1.0, 1.0, 1.0, 0.0, 0.0, 1.0, 0.0, 1, 1.0, 1.0, 0.0, 0.0, 0.0, 15.4821669021513] 0.4568472418459417
[1, 1.0, 0.0, 0.0, 0.0, 0.0, 0.0, 1.0, 1.0, 0, 1, 0.0, 0.0, 1.0, 0.0, 0.0, 0.0, 0.0, 1.0, 0.0, 0.0, 0.0, 0.0, 1.0, 1.0, 1.0, 0.0, 1.0, 1, 0.0, 0.0, 1.0, 1.0, 0.0, 1.0, 1.0, 0.0, 0.0, 0.0, 16.257492626451498] 0.6694030437180903
[1.0, 0.0, 1.0, 0.0, 0.0, 0.0, 1.0, 1.0, 0.0, 0.0, 1.0, 1.0, 0.0, 1.0, 0.0, 0.0, 0.0, 1.0, 0.0, 0, 0.0, 0.0, 0.0, 1.0, 1.0, 1.0, 0.0, 1.0, 1.0, 0.0, 0.0, 1.0, 1.0, 0.0, 1.0, 1.0, 0.0, 0.0, 0.0, 16.5638378085506] 0.8709459266780245
[1.0, 0.0, 1.0, 0.0, 0.0, 1.0, 0.0, 1.0, 0.0, 0.0, 1.0, 0.0, 0.0, 1.0, 0.0, 0.0, 0.0, 0.0, 0.0, 1.0, 0.0, 0.0, 0.0, 1.0, 1.0, 1.0, 0.0, 1.0, 1.0, 0.0, 0.0, 1.0, 1.0, 0.0, 1.0, 0.0, 0.0, 1.0, 0.0, 15.9653604821268] 0.4971133735105666
[1.0, 0.0, 1.0, 0, 1.0, 0.0, 0.0, 1.0, 0, 0.0, 1.0, 0.0, 1, 1.0, 0.0, 0.0, 1, 0, 0.0, 0.0, 0.0, 0.0, 0, 1.0, 1, 1.0, 0.0, 1.0, 1.0, 0.0, 0.0, 1.0, 1.0, 0.0, 1.0, 1, 0, 0.0, 0.0, 16.4140091178129] 0.7723744196137488
[1, 0.0, 0.0, 0, 0.0, 0.0, 0.0, 1.0, 1.0, 0.0, 1.0, 0.0, 0.0, 1.0, 0.0, 0.0, 0.0, 0.0, 0.0, 0.0, 0.0, 1.0, 0.0, 1, 1.0, 0.0, 1.0, 1.0, 0.0, 0.0, 1.0, 1.0, 1.0, 0.0, 1.0, 1.0, 0.0, 0.0, 0.0, 15.556375860111698] 0.4630313216759748
[1.0, 1.0, 0.0, 0.0, 0.0, 0, 0, 1, 0.0, 0.0, 1.0, 0.0, 0.0, 1, 0.0, 1.0, 0.0, 0.0, 0.0, 0.0, 0.0, 0.0, 1.0, 1.0, 1.0, 0.0, 1.0, 1.0, 1.0, 0.0, 0.0, 1.0, 1, 0.0, 1.0, 1.0, 0.0, 0.0, 0.0, 15.5494215656] 0.4624517971333333
[1.0, 0.0, 1.0, 0, 0, 0.0, 1.0, 1.0, 0, 0.0, 1.0, 0.0, 0, 1, 0.0, 0.0, 0.0, 0.0, 1.0, 1, 0.0, 0.0, 0.0, 1.0, 1.0, 1.0, 0.0, 1.0, 1.0, 0.0, 0.0, 1.0, 1.0, 0.0, 1.0, 1.0, 0, 0.0, 0.0, 16.3555141316687] 0.7338908760978274
[1, 0.0, 0.0, 0.0, 0.0, 0.0, 0.0, 1.0, 0.0, 0.0, 1.0, 0.0, 0.0, 1.0, 0.0, 1.0, 0.0, 0.0, 0.0, 1.0, 0.0, 0.0, 0.0, 1.0, 1.0, 0.0, 1.0, 1.0, 0.0, 1.0, 0.0, 1, 1.0, 0.0, 1.0, 1, 0.0, 0.0, 0.0, 15.513262024852] 0.459438502071
[1.0, 0.0, 1.0, 0.0, 0.0, 1, 0.0, 1.0, 0.0, 0.0, 1, 1.0, 0, 1.0, 0, 1, 0, 0, 0.0, 0.0, 0.0, 0.0, 0.0, 1.0, 1.0, 1.0, 0.0, 1.0, 1.0, 0.0, 0, 1.0, 1, 0.0, 1.0, 1.0, 0, 0.0, 0.0, 16.1979577277458] 0.6302353472011829
[1.0, 0.0, 1.0, 0.0, 0.0, 1.0, 0.0, 1.0, 1.0, 0.0, 1.0, 0.0, 0.0, 1.0, 0.0, 0.0, 0.0, 0.0, 0.0, 0.0, 1.0, 0.0, 0.0, 1.0, 1.0, 1.0, 0.0, 1.0, 1.0, 0.0, 0.0, 1.0, 1.0, 0.0, 1.0, 1.0, 0.0, 0.0, 0.0, 16.1028632003212] 0.5676731581060518
[1.0, 0.0, 1.0, 0.0, 0.0, 1.0, 0.0, 1.0, 0.0, 0.0, 1.0, 0.0, 0.0, 1.0, 0.0, 1.0, 0.0, 0.0, 0.0, 0.0, 0.0, 0.0, 0.0, 1.0, 1, 1.0, 0.0, 1.0, 1.0, 0.0, 0, 1.0, 1.0, 0.0, 1.0, 0, 0.0, 0, 1.0, 16.4438803166959] 0.7920265241420388
[1, 0.0, 1.0, 0.0, 0.0, 0.0, 1, 1.0, 0.0, 0.0, 1.0, 0.0, 0.0, 1.0, 0.0, 0.0, 0.0, 0, 0.0, 0.0, 0.0, 0.0, 1.0, 1, 1.0, 1.0, 0, 1.0, 1.0, 0.0, 0.0, 1.0, 1, 0.0, 1.0, 0.0, 0.0, 1.0, 0.0, 16.284581193682403] 0.6872244695278962
[1.0, 0.0, 1.0, 0.0, 1.0, 0.0, 0.0, 1.0, 0.0, 0.0, 1.0, 1.0, 0.0, 1.0, 0.0, 0.0, 1.0, 0, 0.0, 0.0, 0.0, 0.0, 0.0, 1.0, 1.0, 0.0, 1.0, 1.0, 1.0, 0.0, 0.0, 1.0, 1.0, 0.0, 1.0, 1.0, 0.0, 0.0, 0.0, 15.5851754009194] 0.46543128340995
[1.0, 0.0, 1.0, 0.0, 0, 1, 0.0, 1, 0.0, 0.0, 1.0, 0.0, 0.0, 1.0, 0.0, 0.0, 0.0, 0.0, 0.0, 0.0, 0, 0.0, 1, 1.0, 1.0, 1.0, 0.0, 1.0, 1.0, 0, 0.0, 1.0, 1.0, 0.0, 1.0, 0.0, 0.0, 0, 1.0, 16.568342700664] 0.8739096714894735
[1.0, 1, 0.0, 0.0, 0.0, 0.0, 0.0, 1.0, 1.0, 0.0, 1.0, 0.0, 0.0, 1.0, 1.0, 0.0, 0.0, 0.0, 0, 0.0, 0.0, 0.0, 0.0, 1.0, 1.0, 1.0, 0, 1, 1.0, 0, 0.0, 1.0, 1.0, 0.0, 1.0, 1.0, 0.0, 0.0, 0.0, 15.8609969411291] 0.48841641176075834
[1.0, 0, 1, 0.0, 1.0, 0.0, 0.0, 1.0, 0.0, 0.0, 1.0, 0.0, 0, 1, 0, 1, 0.0, 0.0, 0, 0.0, 0.0, 0.0, 1.0, 1.0, 1.0, 1.0, 0.0, 1, 1.0, 0.0, 0.0, 1.0, 1.0, 0.0, 1.0, 1.0, 0.0, 0.0, 0.0, 16.277688732337598] 0.6826899554852615
[1.0, 0.0, 1.0, 0.0, 0.0, 1.0, 0.0, 1.0, 0, 0, 1.0, 1.0, 0.0, 1.0, 0.0, 0.0, 1.0, 0.0, 0.0, 0.0, 0.0, 0.0, 0.0, 1, 1.0, 1.0, 0.0, 1.0, 1.0, 0.0, 0.0, 1.0, 1.0, 0.0, 1.0, 1.0, 0.0, 0.0, 0.0, 16.1676822623265] 0.610317277846382
[1.0, 0.0, 1.0, 1.0, 0.0, 0.0, 0.0, 1.0, 0.0, 0.0, 1.0, 0.0, 0.0, 1.0, 0.0, 0.0, 0.0, 0.0, 0.0, 0.0, 0.0, 0.0, 0.0, 1.0, 1.0, 1.0, 0.0, 1.0, 0.0, 1.0, 0.0, 1.0, 0.0, 1.0, 1.0, 1.0, 0.0, 0.0, 0.0, 15.1074008728445] 0.42561673940370837
[1.0, 0.0, 1.0, 0.0, 0.0, 1.0, 0.0, 1.0, 0.0, 0.0, 1.0, 0.0, 0.0, 1.0, 0.0, 0.0, 0.0, 0.0, 0.0, 0.0, 0.0, 0.0, 0.0, 1.0, 1.0, 0.0, 1.0, 1.0, 1.0, 0.0, 0.0, 1.0, 1.0, 0.0, 1.0, 1.0, 0.0, 0.0, 0.0, 15.3637411359506] 0.4469784279958833
[1.0, 0.0, 1.0, 0.0, 0.0, 0.0, 1.0, 1.0, 0.0, 0.0, 1.0, 0, 0.0, 1.0, 0.0, 0.0, 0.0, 0.0, 0.0, 0.0, 1.0, 0.0, 0.0, 1.0, 1.0, 1.0, 0.0, 1.0, 1.0, 0.0, 0.0, 1.0, 1.0, 0.0, 1, 0.0, 0.0, 0.0, 1.0, 16.5780700497099] 0.8803092432301969
