[1.0, 0.0, 1.0, 0.0, 0.0, 0.0, 1.0, 1.0, 0.0, 0.0, 1.0, 0.0, 0.0, 1.0, 0.0, 0.0, 0.0, 0.0, 1.0, 0.0, 0.0, 0.0, 0, 1.0, 1.0, 1.0, 0.0, 1.0, 0.0, 1.0, 0.0, 1.0, 1.0, 0, 1.0, 1.0, 0.0, 0.0, 0.0, 15.9064402339262] 0.49220335282718325
[1.0, 0.0, 1.0, 0.0, 1.0, 0.0, 0, 1.0, 0.0, 0.0, 1, 0.0, 1.0, 1.0, 0.0, 0.0, 0.0, 0.0, 0, 0.0, 0.0, 1, 0.0, 1.0, 1.0, 1, 0.0, 1.0, 1, 0.0, 0.0, 1.0, 1.0, 0, 1, 1, 0.0, 0.0, 0.0, 16.1819239999548] 0.6196868420755267
[1.0, 0, 1.0, 0.0, 0, 0, 1, 1.0, 0.0, 0.0, 1.0, 0.0, 1, 1, 0.0, 0, 0, 0.0, 1, 0.0, 0.0, 0.0, 0.0, 1.0, 1, 1.0, 0.0, 1.0, 1.0, 0.0, 0.0, 1.0, 1.0, 0.0, 1.0, 1.0, 0.0, 0, 0.0, 16.429231330999] 0.7823890335519721
[1.0, 0.0, 1.0, 0.0, 0.0, 1.0, 0.0, 1.0, 0, 1.0, 1.0, 0.0, 0.0, 1.0, 0.0, 0.0, 0.0, 0.0, 0.0, 0.0, 1.0, 0.0, 0.0, 1.0, 1.0, 1.0, 0.0, 1.0, 1.0, 0.0, 0.0, 1.0, 1, 0.0, 1.0, 1.0, 0, 0.0, 0.0, 16.349149896206697] 0.7297038790833528
[1.0, 0.0, 1, 0.0, 1.0, 0.0, 0.0, 1.0, 1.0, 0.0, 1.0, 0, 0, 1.0, 0, 0.0, 0.0, 0.0, 1, 0.0, 0.0, 0, 0.0, 1.0, 1.0, 1.0, 0, 1.0, 1.0, 0.0, 0, 1.0, 1.0, 0.0, 1.0, 1.0, 0.0, 0.0, 0.0, 16.6942842723616] 0.9567659686589463
[1.0, 1.0, 0.0, 0.0, 0.0, 0.0, 0, 1.0, 1.0, 0, 1.0, 1, 0.0, 1.0, 0, 0, 0.0, 0.0, 0.0, 0.0, 0, 0.0, 0.0, 1.0, 1.0, 1, 0.0, 1.0, 1.0, 0, 0.0, 1.0, 1.0, 0.0, 1, 1.0, 0.0, 0.0, 0, 16.3218319849176] 0.7117315690247372
[1.0, 0.0, 1.0, 0.0, 0.0, 1.0, 0.0, 1.0, 0.0, 1.0, 1.0, 0.0, 1.0, 1.0, 0.0, 0.0, 0.0, 0.0, 0.0, 0.0, 0.0, 0.0, 0.0, 1.0, 1.0, 1.0, 0.0, 1.0, 1.0, 0.0, 0.0, 1.0, 1.0, 0.0, 1.0, 1.0, 0.0, 0.0, 0.0, 16.174344773541698] 0.6147005089090115
[1.0, 0.0, 0.0, 0.0, 0.0, 0.0, 0.0, 1.0, 0.0, 0.0, 1.0, 0.0, 0.0, 1.0, 0.0, 0.0, 0.0, 1.0, 0.0, 0.0, 0.0, 0.0, 0.0, 1.0, 1.0, 0.0, 1.0, 1.0, 0.0, 0.0, 1.0, 1.0, 1.0, 0.0, 1.0, 0.0, 1.0, 0.0, 0.0, 15.917377081055] 0.49311475675458327
[1.0, 0.0, 0, 0.0, 0.0, 0.0, 0.0, 1.0, 0.0, 0.0, 1.0, 1, 1.0, 1.0, 0, 0, 0.0, 0.0, 0, 0, 0.0, 0.0, 0.0, 1.0, 1.0, 0.0, 1.0, 1.0, 1.0, 0.0, 0.0, 1.0, 0.0, 1.0, 1.0, 1, 0.0, 0.0, 0.0, 15.9878720984278] 0.49898934153565
[1.0, 0.0, 1.0, 0.0, 0.0, 1.0, 0, 1.0, 0, 0.0, 1.0, 0.0, 0.0, 1.0, 0.0, 1.0, 0.0, 0.0, 0, 0.0, 0, 0, 0.0, 1.0, 1.0, 1.0, 0, 1.0, 1, 0.0, 0.0, 1.0, 1.0, 0.0, 1.0, 0.0, 0.0, 0.0, 1.0, 16.4438803166959] 0.7920265241420388
[1, 0.0, 0.0, 0.0, 0.0, 0.0, 0.0, 1, 0.0, 0.0, 1, 0.0, 1, 1.0, 0, 1, 0, 0, 0.0, 0.0, 0.0, 0.0, 0.0, 1.0, 1.0, 0.0, 1.0, 1.0, 0, 0, 1.0, 1, 1, 0.0, 1.0, 1, 0.0, 0.0, 0.0, 15.5744608593347] 0.4645384049445583
[1.0, 0.0, 0.0, 0.0, 0, 0.0, 0.0, 1.0, 0.0, 0.0, 1, 0.0, 0.0, 1.0, 0.0, 0.0, 1, 1, 0.0, 0.0, 0.0, 0, 0.0, 1.0, 1, 0.0, 1.0, 1.0, 1.0, 0.0, 0.0, 1.0, 1.0, 0.0, 1.0, 0.0, 1.0, 0.0, 0, 15.7988635706388] 0.4832386308865666
[1.0, 0.0, 1.0, 0.0, 1.0, 0.0, 0.0, 1.0, 0.0, 0.0, 1.0, 0.0, 0, 1.0, 0.0, 1.0, 0.0, 0, 0.0, 0.0, 0.0, 0.0, 1.0, 1.0, 1, 1.0, 0.0, 1.0, 1.0, 0, 0.0, 1, 1.0, 0.0, 1, 1.0, 0.0, 0, 0.0, 16.277688732337598] 0.6826899554852615
[1.0, 0.0, 1.0, 0.0, 0.0, 1.0, 0.0, 1.0, 0.0, 0.0, 1.0, 0.0, 0.0, 1.0, 0.0, 1.0, 0.0, 0.0, 0.0, 0.0, 0.0, 0.0, 0.0, 1.0, 1.0, 0.0, 1.0, 1.0, 0.0, 0.0, 1.0, 1.0, 1.0, 0.0, 1.0, 1.0, 0.0, 0.0, 0.0, 15.5776768465515] 0.4648064038792916
[1.0, 0.0, 1, 0.0, 1.0, 0, 0, 1.0, 0.0, 0, 1.0, 0, 0.0, 1.0, 0.0, 1, 0, 0.0, 0.0, 0, 1, 0.0, 0.0, 1.0, 1.0, 1, 0.0, 1, 1.0, 0, 0, 1.0, 1.0, 0.0, 1, 1.0, 0.0, 0, 0.0, 16.3428778006285] 0.7255775004134863
[1.0, 0.0, 1.0, 0.0, 0.0, 0.0, 1.0, 1.0, 0.0, 0.0, 1, 1, 0.0, 1, 0.0, 0.0, 0.0, 1.0, 0.0, 0, 0.0, 0, 0.0, 1.0, 1.0, 1.0, 0.0, 1.0, 1.0, 0.0, 0.0, 1, 1.0, 0.0, 1.0, 1.0, 0.0, 0.0, 0.0, 16.5638378085506] 0.8709459266780245
[1.0, 0.0, 0.0, 0.0, 0.0, 0.0, 0.0, 1.0, 0.0, 1.0, 1.0, 0.0, 0.0, 1.0, 0.0, 0.0, 0.0, 0.0, 0.0, 0.0, 1.0, 0.0, 0.0, 1.0, 1.0, 0.0, 1.0, 1.0, 0.0, 0.0, 1.0, 1.0, 1.0, 0.0, 1.0, 1.0, 0.0, 0.0, 0.0, 15.9165603396819] 0.49304669497349174
[1.0, 0, 1.0, 0.0, 1.0, 0.0, 0.0, 1.0, 1, 0.0, 1.0, 0.0, 0.0, 1.0, 0.0, 0.0, 0.0, 0.0, 1.0, 0.0, 0.0, 0.0, 0.0, 1.0, 1.0, 1.0, 0.0, 1.0, 1.0, 0.0, 0, 1.0, 1.0, 0.0, 1.0, 1.0, 0.0, 0.0, 0.0, 16.6942842723616] 0.9567659686589463
[1.0, 0.0, 1.0, 0.0, 1.0, 0.0, 0.0, 1.0, 0.0, 0.0, 1.0, 0.0, 0.0, 1.0, 0.0, 1, 0, 0.0, 0, 0.0, 0.0, 0.0, 1.0, 1.0, 1.0, 1.0, 0.0, 1.0, 1.0, 0.0, 0.0, 1.0, 1.0, 0.0, 1.0, 1.0, 0.0, 0.0, 0.0, 16.277688732337598] 0.6826899554852615
[1.0, 0.0, 1.0, 0.0, 0.0, 0.0, 1.0, 1.0, 0.0, 0.0, 1, 1.0, 0.0, 1.0, 0.0, 0, 0.0, 1.0, 0.0, 0.0, 0.0, 0.0, 0.0, 1.0, 1, 1.0, 0.0, 1.0, 1.0, 0.0, 0.0, 1.0, 1, 0, 1.0, 1.0, 0.0, 0.0, 0.0, 16.5638378085506] 0.8709459266780245
[1.0, 0.0, 1.0, 0.0, 0.0, 0.0, 1.0, 1.0, 0.0, 0.0, 1.0, 0.0, 0.0, 1.0, 0.0, 1.0, 0.0, 0.0, 0.0, 0.0, 1.0, 0.0, 0.0, 1.0, 1.0, 1.0, 0.0, 1.0, 1.0, 0.0, 0.0, 1.0, 1.0, 0.0, 1.0, 1.0, 0.0, 0.0, 0.0, 16.725972887992302] 0.977613742100198
[1, 0.0, 1.0, 0.0, 1.0, 0.0, 0.0, 1.0, 0.0, 0.0, 1.0, 1, 0.0, 1.0, 0.0, 0.0, 0.0, 0, 1.0, 0, 0.0, 0.0, 0.0, 1.0, 1.0, 0.0, 1.0, 1.0, 1.0, 0.0, 0.0, 1.0, 1.0, 0.0, 1.0, 1.0, 0.0, 0.0, 0.0, 15.4193705192356] 0.4516142099362999
[1.0, 1.0, 0.0, 0.0, 0.0, 0.0, 0.0, 1.0, 1.0, 0.0, 1.0, 0.0, 0.0, 1.0, 0.0, 0.0, 0.0, 0.0, 0.0, 0.0, 0.0, 0.0, 1.0, 1.0, 1.0, 0.0, 1.0, 1.0, 1.0, 0.0, 0.0, 1.0, 1.0, 0.0, 1.0, 1.0, 0.0, 0.0, 0.0, 15.4754390613149] 0.45628658844290826
[1.0, 0.0, 1.0, 0.0, 0.0, 1.0, 0.0, 1.0, 0.0, 0.0, 1.0, 0.0, 0.0, 1.0, 1.0, 0.0, 0.0, 0.0, 0.0, 0.0, 0.0, 1.0, 0.0, 1.0, 1.0, 1.0, 0.0, 1.0, 1.0, 0.0, 0.0, 1.0, 1.0, 0.0, 1.0, 1.0, 0.0, 0.0, 0.0, 16.1931981618185] 0.6271040538279606
[1.0, 0.0, 0.0, 0.0, 0.0, 0.0, 0.0, 1, 1.0, 1.0, 1.0, 0.0, 0.0, 1.0, 0.0, 1.0, 0.0, 0.0, 0.0, 0.0, 0.0, 0.0, 0.0, 1.0, 1.0, 0.0, 1, 1.0, 1, 0.0, 0.0, 1.0, 1.0, 0.0, 1.0, 1.0, 0.0, 0.0, 0.0, 15.9542966400472] 0.49619138667060003
[1, 0.0, 1.0, 0.0, 0.0, 0.0, 1, 1.0, 0.0, 0, 1.0, 0, 0.0, 1.0, 0, 0.0, 0.0, 0.0, 0.0, 0.0, 0, 0, 1, 1.0, 1, 1, 0.0, 1.0, 1.0, 0, 0, 1.0, 1, 0, 1.0, 0, 0.0, 1, 0.0, 16.284581193682403] 0.6872244695278962
[1.0, 0.0, 1.0, 0.0, 1.0, 0.0, 0.0, 1.0, 1, 0, 1, 0.0, 0.0, 1.0, 0, 0, 0.0, 0.0, 1.0, 0.0, 0.0, 0, 0, 1.0, 1.0, 1.0, 0.0, 1.0, 1.0, 0.0, 0.0, 1.0, 1.0, 0.0, 1, 1, 0.0, 0, 0.0, 16.6942842723616] 0.9567659686589463
[1.0, 0.0, 1.0, 0.0, 0, 0.0, 1, 1, 0, 0.0, 1, 1.0, 0.0, 1.0, 0.0, 0, 0, 1, 0.0, 0, 0.0, 0.0, 0.0, 1, 1, 1.0, 0.0, 1.0, 1, 0, 0, 1.0, 1, 0, 1.0, 1, 0.0, 0.0, 0.0, 16.5638378085506] 0.8709459266780245
[1.0, 0.0, 0.0, 0.0, 0.0, 0.0, 0, 1.0, 0.0, 0.0, 1.0, 0.0, 0.0, 1.0, 1.0, 1, 0, 0.0, 0.0, 0.0, 0.0, 0.0, 0.0, 1, 1.0, 0.0, 1.0, 1.0, 0.0, 0.0, 1.0, 1.0, 1.0, 0.0, 1.0, 1.0, 0, 0.0, 0.0, 15.5426223930376] 0.4618851994198
[1, 0, 1, 0.0, 0, 0.0, 1, 1, 0.0, 0, 1, 0.0, 0, 1, 0.0, 0.0, 0.0, 1, 0.0, 1, 0.0, 0.0, 0, 1.0, 1, 1, 0.0, 1.0, 1.0, 0.0, 0.0, 1.0, 1, 0, 1, 1.0, 0.0, 0, 0, 16.3250700294407] 0.7138618614741437
