[0.0, 0.0, 0.0, 0.0, 1.0, 0.0, 1.0, 0.0, 1.0, 0.0, 0.0, 0.0, 0.0, 0.0, 0.0, 1.0, 0.0, 90.0, 2.31] 0
[1.0, 0.0, 0.0, 0.0, 1.0, 0.0, 1.0, 0.0, 0.0, 0.0, 0.0, 1.0, 0.0, 0.0, 1.0, 0.0, 1.0, 10.0, 3.71] 0
[0, 0, 0.0, 1.0, 0, 1.0, 0, 0.0, 0, 0.0, 0.0, 0, 1, 1.0, 1, 0, 1.0, 10.0, 7.47] 0.011764705882352696
[0.0, 0.0, 0.0, 0.0, 1.0, 0.0, 1.0, 0.0, 0.0, 0.0, 0.0, 0.0, 1.0, 0.0, 0.0, 1.0, 0.0, 90.0, 2.14] 0
[0.0, 0.0, 1, 1.0, 0.0, 1.0, 0.0, 0.0, 0.0, 0.0, 0.0, 1.0, 0.0, 1.0, 0.0, 1.0, 0.0, 10.0, 7.77] 0.3647058823529409
[0.0, 0, 0, 1, 0.0, 0, 1, 0, 0.0, 1, 0.0, 1, 0, 1.0, 1, 0, 0.0, 10.0, 7.51] 0.058823529411764525
[0.0, 0.0, 1.0, 1.0, 0.0, 1.0, 1.0, 0.0, 0.0, 1.0, 0.0, 1.0, 1.0, 1.0, 0.0, 0.0, 0.0, 10.0, 7.74] 0.3294117647058828
[0.0, 0.0, 1, 1.0, 0.0, 0.0, 0, 0.0, 0.0, 0.0, 0.0, 1.0, 0, 1, 0, 1, 0, 10.0, 7.59] 0.1529411764705882
[0.0, 0.0, 0.0, 1.0, 0.0, 1.0, 0.0, 0.0, 0.0, 1.0, 0.0, 1.0, 1.0, 0.0, 1.0, 0.0, 0.0, 10.0, 6.23] 0
[0.0, 0.0, 1.0, 1.0, 0, 1, 1, 0.0, 0, 0.0, 0.0, 1, 0.0, 1.0, 0.0, 0, 1.0, 10.0, 7.95] 0.5875000000000008
[0.0, 0.0, 1.0, 1.0, 0.0, 1.0, 1.0, 0.0, 0.0, 0.0, 0.0, 1.0, 1, 1.0, 0.0, 1.0, 0.0, 10.0, 7.83] 0.4375000000000004
[0.0, 0.0, 0.0, 0.0, 0.0, 0.0, 0.0, 1.0, 1.0, 1.0, 0.0, 0.0, 1.0, 0.0, 0.0, 0.0, 0.0, 10.0, 2.07] 0
[0.0, 0.0, 0.0, 1.0, 0.0, 1.0, 1.0, 0.0, 1.0, 0.0, 0.0, 1.0, 0.0, 1.0, 0.0, 1.0, 0.0, 10.0, 5.08] 0
[0.0, 0.0, 0.0, 1.0, 0.0, 0.0, 0.0, 0.0, 0.0, 0.0, 0.0, 0.0, 1.0, 0.0, 0.0, 0.0, 1.0, 90.0, 2.79] 0
[0.0, 0.0, 1.0, 1.0, 0.0, 1.0, 0.0, 0, 0.0, 0.0, 0.0, 0.0, 1, 1.0, 0, 0.0, 1.0, 10.0, 7.76] 0.3529411764705882
[0.0, 0.0, 1.0, 1.0, 0, 1, 1, 0, 0.0, 0, 0, 1, 1, 1.0, 0, 1, 0.0, 10.0, 7.83] 0.4375000000000004
[0.0, 0.0, 0.0, 0.0, 0.0, 0.0, 0.0, 0.0, 0.0, 0.0, 1.0, 0.0, 0.0, 0.0, 0.0, 1.0, 0.0, 10.0, 2.99] 0
[0.0, 0.0, 0.0, 1, 0.0, 0, 0, 0.0, 0, 1.0, 0, 0.0, 0.0, 1, 1.0, 0, 0.0, 10.0, 7.39] 0
[0.0, 0.0, 1.0, 1.0, 0.0, 1.0, 0.0, 0.0, 0.0, 0.0, 0.0, 0.0, 1.0, 1.0, 0.0, 0.0, 1.0, 10, 7.76] 0.3529411764705882
[0.0, 0.0, 0.0, 1.0, 0, 0.0, 0.0, 0, 0.0, 1.0, 0.0, 0, 0, 1.0, 1.0, 0.0, 0.0, 10.0, 7.39] 0
[0.0, 0.0, 1.0, 1.0, 0.0, 1.0, 0.0, 0.0, 0.0, 0.0, 0.0, 0.0, 1.0, 0.0, 0.0, 1.0, 0.0, 10.0, 6.2] 0
[1.0, 0.0, 0.0, 0.0, 1.0, 0.0, 1.0, 0.0, 0.0, 0.0, 0.0, 1.0, 1.0, 0.0, 0.0, 0.0, 1.0, 10.0, 3.07] 0
[0.0, 0.0, 1.0, 1, 0.0, 1.0, 1.0, 0.0, 0.0, 1.0, 0.0, 1.0, 0.0, 1.0, 0.0, 0, 0, 10.0, 7.77] 0.3647058823529409
[0, 0, 1, 1.0, 0.0, 1, 1.0, 0.0, 0.0, 1.0, 0.0, 1, 0.0, 1.0, 0, 0.0, 0.0, 10, 7.77] 0.3647058823529409
[0.0, 0.0, 0.0, 1.0, 0.0, 0, 0.0, 0.0, 0.0, 0.0, 0.0, 0, 1.0, 1.0, 1.0, 1.0, 0, 10.0, 7.29] 0
[0.0, 0.0, 1, 1.0, 0.0, 1.0, 1.0, 0.0, 0.0, 0.0, 0.0, 1.0, 1.0, 1.0, 0.0, 0, 1.0, 10.0, 7.56] 0.11764705882352905
[0.0, 0.0, 0.0, 1.0, 0.0, 0.0, 1.0, 0.0, 1.0, 0.0, 0.0, 1.0, 0.0, 1.0, 0.0, 1.0, 0.0, 10.0, 4.8] 0
[0.0, 0.0, 0.0, 0.0, 1.0, 0.0, 1.0, 0.0, 0.0, 1.0, 0.0, 0.0, 0.0, 0.0, 1.0, 0.0, 0.0, 90.0, 2.13] 0
[0.0, 0, 1, 1.0, 0.0, 1.0, 1.0, 0.0, 0, 1.0, 0.0, 1, 0.0, 1.0, 0, 0, 0.0, 10.0, 7.77] 0.3647058823529409
[0.0, 1.0, 0.0, 0.0, 0.0, 0.0, 1.0, 1.0, 0.0, 0.0, 0.0, 1.0, 1.0, 0.0, 0.0, 0.0, 1.0, 90.0, 1.88] 0
