[1.0, 1.0, 0.0, 1.0, 1.0, 0.0, 0.0, 0.0, 1.0, 0.0, 0.0, 1.0, 0.0, 1.0, 512.0, 0.0, 168.2476] 0.0335681063122926
[1.0, 1.0, 0.0, 1.0, 0.0, 1.0, 0.0, 0.0, 1.0, 0.0, 0, 1.0, 0.0, 1.0, 4096.0, 0.0, 168.2954] 0.03992026578073052
[1, 1.0, 1.0, 0.0, 0.0, 0.0, 0.0, 1.0, 0.0, 0.0, 1.0, 1.0, 1.0, 0.0, 2048, 1.0, 168.0976] 0.013634551495016037
[1.0, 1, 1.0, 0.0, 0.0, 0.0, 0.0, 0.0, 1, 0.0, 0.0, 1.0, 0.0, 1.0, 512.0, 0.0, 168.4422] 0.05942857142857286
[1.0, 1.0, 0.0, 1.0, 0.0, 0.0, 0.0, 1.0, 0.0, 0.0, 1, 1.0, 1.0, 0.0, 2048.0, 1.0, 168.0684] 0.009754152823919282
[1.0, 1.0, 0.0, 1.0, 0.0, 1.0, 1.0, 1.0, 0.0, 0.0, 1.0, 1.0, 0.0, 1.0, 1024.0, 5.0, 168.4724] 0.06344186046511498
[1.0, 1.0, 0.0, 1.0, 0.0, 1.0, 1, 1.0, 0.0, 0.0, 0.0, 1.0, 0.0, 1.0, 1024.0, 9.0, 168.181] 0.024717607973422942
[1.0, 1.0, 0.0, 1.0, 0.0, 0.0, 1.0, 0.0, 1.0, 1.0, 1.0, 1.0, 1.0, 0.0, 2048.0, 0.0, 32.1634] 0
[1.0, 1.0, 0.0, 1.0, 1.0, 0.0, 0.0, 1.0, 0.0, 0.0, 0.0, 1.0, 0.0, 1.0, 4096.0, 5.0, 168.5664] 0.07593355481727371
[1.0, 1.0, 0.0, 1.0, 0.0, 0.0, 1.0, 0.0, 1.0, 0.0, 1.0, 1.0, 0.0, 1.0, 4096.0, 0.0, 168.9182] 0.1226843853820613
[1.0, 1.0, 0.0, 1.0, 1, 0.0, 1.0, 1.0, 0.0, 0.0, 0.0, 1.0, 0.0, 1.0, 2048.0, 5.0, 168.3796] 0.051109634551495975
[1.0, 1.0, 0.0, 1.0, 0.0, 0.0, 1.0, 1.0, 0.0, 0.0, 0.0, 1.0, 0.0, 1.0, 1024.0, 1.0, 168.535] 0.07176079734219186
[1.0, 1.0, 0.0, 1.0, 0.0, 0.0, 0.0, 1.0, 0, 0.0, 0.0, 1.0, 0.0, 1.0, 1024.0, 5.0, 168.3262] 0.04401328903654439
[1.0, 1, 0.0, 1.0, 0.0, 0.0, 1.0, 1.0, 0.0, 0.0, 1, 1.0, 0.0, 1.0, 2048.0, 9.0, 168.6904] 0.0924119601328915
[1.0, 1.0, 1.0, 0.0, 0.0, 0.0, 1.0, 1.0, 0.0, 0.0, 1.0, 1.0, 0.0, 1.0, 1024.0, 9.0, 168.5414] 0.07261129568106409
[1.0, 1.0, 1.0, 0.0, 0.0, 0.0, 0.0, 1.0, 0.0, 0.0, 0.0, 1.0, 1.0, 0.0, 2048.0, 5.0, 166.742] 0
[1.0, 1.0, 0.0, 1.0, 0.0, 0.0, 0.0, 0.0, 1.0, 0.0, 1.0, 1, 0.0, 1.0, 4096.0, 0.0, 168.271] 0.0366777408637851
[1.0, 1.0, 0.0, 1.0, 0.0, 0.0, 1.0, 1.0, 0, 0.0, 0.0, 1.0, 0.0, 1.0, 2048.0, 9.0, 168.5728] 0.07678405315614593
[1.0, 1.0, 0, 1.0, 1.0, 0.0, 1.0, 1.0, 0.0, 0.0, 1, 1, 0.0, 1.0, 512.0, 5.0, 168.0886] 0.012438538205981332
[1.0, 1.0, 1.0, 0.0, 0.0, 0.0, 1.0, 1.0, 0.0, 0.0, 1.0, 1.0, 0.0, 1.0, 4096.0, 5.0, 168.9454] 0.12629900332225977
[1.0, 1.0, 0.0, 1.0, 0.0, 0.0, 1.0, 1.0, 0.0, 0.0, 1.0, 1.0, 0.0, 1.0, 2048.0, 1.0, 168.5848] 0.07837873754152805
[1.0, 1.0, 0.0, 1.0, 0.0, 1.0, 1.0, 1.0, 0.0, 0.0, 0.0, 1.0, 0.0, 1.0, 4096.0, 9.0, 168.595] 0.07973421926910249
[1.0, 1.0, 0.0, 1.0, 0.0, 1.0, 0.0, 1.0, 0.0, 0.0, 1.0, 1.0, 0.0, 1.0, 512.0, 1.0, 168.0198] 0.003295681063122807
[1.0, 1.0, 1.0, 0.0, 0.0, 0.0, 0.0, 1.0, 0.0, 0.0, 1.0, 1.0, 1.0, 0.0, 4096.0, 5.0, 168.6832] 0.09145514950166073
[1.0, 1.0, 0.0, 1.0, 0.0, 0.0, 0.0, 1.0, 0.0, 0.0, 1.0, 1.0, 0.0, 1.0, 1024.0, 9.0, 168.8482] 0.11338205980066306
[1.0, 1.0, 1.0, 0.0, 0.0, 0.0, 1.0, 0.0, 1.0, 0.0, 0.0, 1.0, 0.0, 1.0, 512.0, 0.0, 168.5154] 0.06915614617940155
[1.0, 1.0, 0.0, 1.0, 0.0, 0.0, 0.0, 0.0, 1.0, 0.0, 0.0, 1.0, 0.0, 1.0, 1024.0, 0.0, 168.6404] 0.08576744186046473
[1.0, 1.0, 0.0, 1.0, 0, 0.0, 1.0, 1.0, 0.0, 0.0, 0, 1.0, 0.0, 1.0, 1024.0, 1.0, 168.5758] 0.07718272425248957
[1.0, 1.0, 0.0, 1.0, 0.0, 0.0, 1, 1.0, 0.0, 0.0, 1.0, 1.0, 0.0, 1.0, 2048.0, 5.0, 168.5768] 0.0773156146179387
[1.0, 1.0, 0.0, 1.0, 0.0, 0.0, 0.0, 0.0, 1.0, 0, 1.0, 1, 1.0, 0.0, 1024.0, 0.0, 168.0588] 0.008478405315612825
