[1.0, 0.0, 1.0, 0.0, 0.0, 1, 3.0, 0.0, 1, 8, 10.0, 128.0, 14630.4] 0.19455999999999996
[1.0, 0.0, 0.0, 0.0, 0.0, 0.0, 4, 0.0, 2.0, 8, 10.0, 0.0, 18759.8] 0.8139699999999999
[1, 0.0, 0.0, 0.0, 0.0, 0.0, 4.0, 0, 1.0, 10.0, 10.0, 16.0, 16428.6] 0.46428999999999976
[1, 0.0, 0, 0.0, 0.0, 0.0, 4, 0.0, 3.0, 10, 20.0, 0.0, 10376.4] 0.1
[1.0, 0.0, 1.0, 0.0, 0, 1.0, 4, 0.0, 2.0, 20.0, 8.0, 8.0, 10181.4] 0.1
[1, 0.0, 0.0, 0.0, 0.0, 0.0, 1.0, 0.0, 1.0, 10.0, 8.0, 128.0, 14805.8] 0.2208699999999999
[1, 0.0, 0.0, 0.0, 0.0, 1.0, 4.0, 0.0, 4.0, 16.0, 10.0, 0.0, 10532.2] 0.1
[1, 0, 0.0, 0, 0.0, 1.0, 3.0, 0.0, 2, 10.0, 8.0, 8.0, 14772.2] 0.21583000000000013
[1.0, 0.0, 0.0, 0, 0.0, 0.0, 3, 0.0, 2.0, 8.0, 10.0, 8.0, 18024.8] 0.7037199999999999
[1.0, 0.0, 1, 1.0, 1.0, 1.0, 2.0, 0.0, 4.0, 8.0, 8, 8.0, 14262.4] 0.13935999999999996
[1.0, 0.0, 1.0, 1, 1.0, 0.0, 3.0, 0.0, 1.0, 8, 8.0, 0.0, 16281.4] 0.44221
[1.0, 0.0, 0, 0.0, 0.0, 1.0, 2.0, 0, 1, 8.0, 8.0, 20.0, 15983.2] 0.39748000000000017
[1.0, 0.0, 0.0, 0.0, 0, 0.0, 1, 0.0, 1, 8.0, 8.0, 128.0, 16407.2] 0.46108000000000016
[1.0, 0.0, 0.0, 0.0, 0.0, 1.0, 4, 0.0, 2.0, 8.0, 8.0, 0, 17704.2] 0.6556300000000002
[1.0, 1, 0, 0.0, 0.0, 0.0, 3.0, 0.0, 1.0, 8.0, 8.0, 8.0, 15256.0] 0.2884
[1.0, 0.0, 1.0, 0.0, 0.0, 0.0, 4.0, 0.0, 1, 8.0, 10, 0, 15352.8] 0.30291999999999986
[1.0, 0.0, 0.0, 0.0, 0.0, 1.0, 3.0, 0.0, 1.0, 8.0, 10.0, 10.0, 16979.8] 0.5469699999999998
[1.0, 0.0, 1, 0.0, 0.0, 0.0, 1.0, 0.0, 4.0, 16, 8.0, 0.0, 10731.6] 0.1
[1.0, 0.0, 1.0, 0.0, 0.0, 0, 2, 0.0, 1.0, 10.0, 8.0, 16.0, 14434.6] 0.16519000000000006
[1.0, 0.0, 1.0, 0, 0.0, 0.0, 1.0, 0.0, 2.0, 8.0, 8, 0, 16772.6] 0.5158899999999997
[1.0, 0, 1.0, 0.0, 0.0, 0.0, 2.0, 0.0, 2.0, 10, 8.0, 8, 14613.6] 0.19204000000000004
[1.0, 0.0, 1.0, 0, 0.0, 1, 3.0, 0.0, 2.0, 8.0, 8.0, 8, 15409.0] 0.31135
[1, 0.0, 0, 0.0, 0.0, 1, 4.0, 0.0, 1.0, 8.0, 8.0, 64.0, 18094.4] 0.7141600000000002
[1.0, 0.0, 1.0, 1, 1, 1.0, 3.0, 0.0, 3.0, 8, 8.0, 128.0, 14741.4] 0.21120999999999995
[1.0, 0.0, 0.0, 0.0, 0.0, 1.0, 2.0, 0.0, 3.0, 8.0, 16.0, 20.0, 10155.8] 0.1
[1.0, 0.0, 0.0, 0.0, 0.0, 0.0, 4.0, 0.0, 1.0, 8, 8.0, 32, 18472.0] 0.7707999999999999
[1, 0, 0, 0.0, 0.0, 0.0, 1.0, 0.0, 1.0, 8.0, 8.0, 128.0, 16407.2] 0.46108000000000016
[1.0, 0.0, 1.0, 1, 1.0, 0.0, 2.0, 0.0, 2.0, 8.0, 8, 8.0, 15530.4] 0.32955999999999996
[1.0, 0.0, 1.0, 1.0, 1.0, 0.0, 3, 0.0, 1.0, 8.0, 8, 10.0, 15572.2] 0.33583000000000013
[1.0, 1.0, 0.0, 0.0, 0.0, 0.0, 3.0, 0.0, 1.0, 8.0, 8.0, 0.0, 16061.2] 0.4091800000000001
