[1.0, 0.0, 0, 0, 0.0, 0, 4.0, 0.0, 2, 8, 8.0, 128.0, 19600.2] 0.9400300000000001
[1.0, 0.0, 0, 0.0, 0, 0.0, 4, 0, 2, 8, 8.0, 0, 19707.8] 0.95617
[1.0, 0.0, 0, 0.0, 0, 0, 4, 0.0, 2.0, 8.0, 8.0, 0, 19707.8] 0.95617
[1, 0, 0, 0.0, 0.0, 0, 3.0, 0, 1, 8.0, 8, 0, 19673.8] 0.9510699999999999
[1, 0.0, 0, 0.0, 0.0, 0.0, 4, 0.0, 2, 8.0, 8.0, 0.0, 19707.8] 0.95617
[1, 0.0, 1, 0, 0.0, 0.0, 2.0, 0, 1, 8.0, 8, 0.0, 16782.8] 0.5174199999999999
[1, 0, 0, 0, 0.0, 0, 3, 0, 1, 8, 10.0, 128, 18822.0] 0.8232999999999999
[1, 0, 0, 0, 0, 0.0, 3, 0.0, 2, 8.0, 8, 0, 19692.2] 0.9538300000000001
[1.0, 0, 0, 0.0, 0.0, 0.0, 2, 0.0, 1, 8.0, 8, 64, 16651.4] 0.4977100000000002
[1, 0.0, 0, 0.0, 0, 0, 3, 0.0, 2, 8, 8, 0.0, 19692.2] 0.9538300000000001
[1, 0.0, 0, 0.0, 0, 0.0, 4, 0, 2.0, 8.0, 8, 0, 19707.8] 0.95617
[1.0, 0.0, 0, 0.0, 0.0, 0.0, 4.0, 0.0, 2.0, 8, 8.0, 0, 19707.8] 0.95617
[1.0, 0.0, 0, 0, 0.0, 0, 4, 0.0, 2.0, 8.0, 8, 0, 19707.8] 0.95617
[1.0, 0, 0, 0, 0, 0.0, 4, 0, 2, 8, 8, 0.0, 19707.8] 0.95617
[1, 0, 0, 0, 0, 0.0, 4, 0, 2.0, 8.0, 8, 0, 19707.8] 0.95617
[1, 0, 0, 0.0, 0, 0.0, 3, 0, 2, 8, 8, 0, 19692.2] 0.9538300000000001
[1, 0.0, 0.0, 0.0, 0, 0, 3, 0, 2.0, 8.0, 8.0, 0, 19692.2] 0.9538300000000001
[1, 0, 0, 0, 0, 0, 4, 0, 2, 8, 8.0, 0.0, 19707.8] 0.95617
[1.0, 0, 0, 0.0, 0.0, 0.0, 4.0, 0.0, 2, 8.0, 8.0, 0.0, 19707.8] 0.95617
[1.0, 0, 0.0, 0, 0.0, 0, 3.0, 0.0, 1, 8, 8, 0, 19673.8] 0.9510699999999999
[1, 0, 0, 0.0, 0, 0, 4, 0, 2, 8.0, 8, 0, 19707.8] 0.95617
[1.0, 0.0, 0, 0, 0.0, 0, 4, 0.0, 2, 8, 8, 0.0, 19707.8] 0.95617
[1.0, 0, 0, 0, 0, 0, 3, 0.0, 1, 8.0, 8, 0, 19673.8] 0.9510699999999999
[1, 0.0, 0.0, 0.0, 0.0, 0, 4, 0, 2, 8, 8.0, 0.0, 19707.8] 0.95617
[1, 0, 0, 0.0, 0.0, 0.0, 4, 0.0, 2, 8.0, 8, 0, 19707.8] 0.95617
[1, 0.0, 1.0, 0, 0, 0, 2, 0.0, 2, 8, 8, 0.0, 16868.0] 0.5302
[1.0, 0.0, 0, 0, 0.0, 0, 2.0, 0, 1, 8, 8.0, 128, 16768.6] 0.5152899999999998
[1, 0, 0, 0.0, 0, 0, 4, 0.0, 2, 8, 8, 0, 19707.8] 0.95617
[1, 0.0, 1.0, 0, 0, 0, 2, 0, 2.0, 8, 8, 0, 16868.0] 0.5302
[1.0, 0.0, 0, 0, 0, 0, 3, 0.0, 2.0, 8.0, 8, 0.0, 19692.2] 0.9538300000000001
