[1.0, 0.0, 0.0, 1.0, 1.0, 0.0, 0.0, 0.0, 0.0, 1.0, 0.0, 0.0, 8.0, 10.0, 300313.2] 0.30104400000000003
[1.0, 1.0, 0.0, 0.0, 1.0, 0.0, 0.0, 0.0, 0.0, 1.0, 1.0, 20.0, 32.0, 10.0, 300344.4] 0.3011480000000001
[1.0, 0.0, 1.0, 1.0, 1.0, 0.0, 0.0, 0.0, 1, 0.0, 1.0, 90.0, 256.0, 10, 415382.8] 0.6846093333333333
[1.0, 0.0, 0, 1.0, 1.0, 0.0, 0.0, 0.0, 0.0, 1.0, 0, 40.0, 4096, 10.0, 301001.4] 0.30333800000000005
[1.0, 1, 1.0, 1.0, 1.0, 0.0, 0.0, 0, 1, 0.0, 1.0, 100.0, 128.0, 10, 416580.0] 0.6886
[1.0, 0.0, 1.0, 0.0, 1.0, 0.0, 0.0, 0.0, 0.0, 1.0, 1.0, 50.0, 256.0, 8.0, 121957.8] 0
[1, 0.0, 0.0, 0, 1, 0.0, 0.0, 0.0, 0.0, 1.0, 1.0, 60.0, 2.0, 10.0, 299705.8] 0.2955869999999998
[1.0, 1.0, 1.0, 0.0, 1.0, 0.0, 0.0, 0.0, 1.0, 0.0, 1.0, 80.0, 2.0, 0.0, 9493.6] 0
[1.0, 0.0, 0.0, 1.0, 1.0, 0.0, 0.0, 0.0, 0.0, 1.0, 0, 70, 2048.0, 10.0, 299420.6] 0.29130899999999965
[1.0, 1.0, 0.0, 1.0, 1.0, 0.0, 1.0, 0.0, 0.0, 0.0, 0.0, 80.0, 2.0, 8.0, 117492.8] 0
[1.0, 1.0, 0.0, 1.0, 1.0, 0.0, 1.0, 0.0, 0.0, 0.0, 0.0, 70.0, 2048.0, 2.0, 17659.4] 0
[1.0, 0.0, 0.0, 1, 1.0, 0.0, 0.0, 0.0, 1.0, 0.0, 0.0, 50.0, 256.0, 10.0, 415458.6] 0.6848619999999999
[1.0, 1.0, 0.0, 0.0, 1.0, 0.0, 0.0, 1.0, 0.0, 0.0, 0.0, 80.0, 256.0, 4.0, 12116.6] 0
[1.0, 1.0, 1, 1, 1.0, 0.0, 0.0, 0.0, 1.0, 0.0, 1.0, 30.0, 256.0, 10, 416001.0] 0.6866699999999999
[1.0, 0.0, 0.0, 0.0, 1.0, 0.0, 0.0, 0.0, 0.0, 1.0, 1.0, 50.0, 128.0, 2.0, 9146.6] 0
[1.0, 0.0, 1.0, 1.0, 1.0, 0.0, 0.0, 0.0, 1.0, 0.0, 0.0, 30.0, 4096.0, 2.0, 35697.6] 0
[1.0, 0.0, 0.0, 0.0, 1.0, 0.0, 0.0, 0.0, 1.0, 0.0, 1.0, 100.0, 512.0, 8.0, 38628.6] 0
[1, 0.0, 1.0, 1.0, 1.0, 0.0, 0.0, 0.0, 1.0, 0.0, 0.0, 100.0, 256.0, 10.0, 414452.2] 0.6815073333333334
[1.0, 0.0, 0.0, 0.0, 1.0, 0.0, 0.0, 0.0, 0.0, 1.0, 0.0, 30.0, 128.0, 10.0, 301394.2] 0.3046473333333334
[1.0, 0, 1.0, 1.0, 1.0, 0.0, 0.0, 0.0, 0.0, 1.0, 1.0, 100, 256.0, 10, 302077.4] 0.30692466666666673
[1.0, 0.0, 1.0, 1.0, 1, 0.0, 0.0, 0.0, 1, 0.0, 1.0, 100.0, 1024.0, 10.0, 415887.6] 0.6862919999999999
[1.0, 0.0, 1.0, 0.0, 1.0, 0.0, 0.0, 0.0, 0.0, 1.0, 1.0, 100.0, 1024.0, 6.0, 47745.2] 0
[1.0, 0, 0.0, 0.0, 1.0, 0.0, 0.0, 0.0, 0.0, 1.0, 1.0, 40.0, 256.0, 10.0, 301000.0] 0.30333333333333334
[1.0, 1.0, 0.0, 0, 1.0, 0.0, 0.0, 0.0, 0.0, 1.0, 1.0, 20.0, 8.0, 10.0, 301114.0] 0.30371333333333334
[1.0, 1.0, 1.0, 1.0, 1.0, 0.0, 1.0, 0.0, 0.0, 0.0, 1.0, 40.0, 32.0, 4.0, 11931.0] 0
[1.0, 0.0, 1.0, 1.0, 1.0, 0.0, 0.0, 0.0, 0.0, 1.0, 1.0, 30.0, 4096.0, 8.0, 121687.2] 0
[1.0, 1.0, 1.0, 1.0, 1.0, 0.0, 0.0, 0.0, 0.0, 1.0, 0.0, 10, 2048.0, 10, 301426.0] 0.3047533333333333
[1.0, 1.0, 0.0, 0.0, 1.0, 0.0, 0, 0.0, 0.0, 1.0, 1.0, 20.0, 512.0, 10.0, 300502.6] 0.30167533333333324
[1.0, 0.0, 1.0, 0.0, 1.0, 0.0, 1.0, 0.0, 0.0, 0.0, 0.0, 30.0, 8.0, 2.0, 5182.2] 0
[1.0, 1.0, 1.0, 1.0, 1.0, 0, 0.0, 0.0, 1.0, 0.0, 0.0, 60.0, 1.0, 10.0, 420330.8] 0.7099239999999996
