[1.0, 0, 1, 1, 1, 0, 0, 0, 1, 0, 1, 0, 1, 10.0, 424574.6] 0.8372379999999993
[1, 0, 1, 1.0, 1, 0.0, 0, 0.0, 1, 0.0, 1.0, 0.0, 1, 10.0, 424574.6] 0.8372379999999993
[1, 1, 1.0, 1.0, 1.0, 0, 0, 0, 1.0, 0, 0, 0, 128, 10.0, 422401.4] 0.7720420000000007
[1, 1, 1, 1, 1, 0.0, 0.0, 0.0, 1, 0.0, 0, 0, 512, 10, 421840.6] 0.7552179999999993
[1.0, 0.0, 1, 1.0, 1.0, 0, 0.0, 0.0, 1.0, 0, 1, 0, 1, 10.0, 424574.6] 0.8372379999999993
[1.0, 1, 1, 1.0, 1, 0.0, 0, 0, 1, 0, 0, 0, 128, 10.0, 422401.4] 0.7720420000000007
[1.0, 0.0, 0.0, 1.0, 1.0, 0.0, 0.0, 0.0, 0.0, 1.0, 1.0, 50.0, 64.0, 10.0, 303834.2] 0.3127806666666667
[1, 1, 1.0, 1, 1, 0.0, 0.0, 0.0, 1.0, 0.0, 0, 0, 128, 10.0, 422401.4] 0.7720420000000007
[1, 0.0, 1, 1, 1, 0.0, 0, 0, 1.0, 0.0, 1, 0, 1, 10.0, 424574.6] 0.8372379999999993
[1.0, 0, 1, 1.0, 1.0, 0, 0.0, 0, 1, 0.0, 1, 0.0, 1, 10.0, 424574.6] 0.8372379999999993
[1, 1.0, 0.0, 0.0, 1.0, 0.0, 0.0, 0.0, 0.0, 1, 0, 40.0, 512.0, 10.0, 305319.4] 0.3177313333333334
[1, 1, 0.0, 0, 1.0, 0, 0, 0, 0, 1.0, 0.0, 40, 512, 10.0, 305319.4] 0.3177313333333334
[1.0, 0.0, 1, 1.0, 1.0, 0.0, 0.0, 0, 1.0, 0.0, 1, 0, 1.0, 10.0, 424574.6] 0.8372379999999993
[1.0, 1, 1.0, 1, 1.0, 0, 0.0, 0.0, 1, 0, 0, 0, 128, 10.0, 422401.4] 0.7720420000000007
[1.0, 1, 1, 1, 1.0, 0.0, 0.0, 0.0, 1.0, 0, 0.0, 0, 128, 10.0, 422401.4] 0.7720420000000007
[1, 1, 1.0, 1, 1, 0.0, 0.0, 0, 1, 0, 0.0, 0, 128, 10.0, 422401.4] 0.7720420000000007
[1.0, 0.0, 0.0, 0.0, 1.0, 0.0, 0.0, 0.0, 0.0, 1.0, 1.0, 30.0, 64.0, 10.0, 303752.2] 0.31250733333333336
[1.0, 1, 1.0, 1.0, 1.0, 0.0, 0.0, 0.0, 1.0, 0.0, 0.0, 0, 128, 10.0, 422401.4] 0.7720420000000007
[1, 1, 0, 0, 1, 0, 0.0, 0.0, 0.0, 1.0, 0, 40, 512.0, 10, 305319.4] 0.3177313333333334
[1.0, 0, 0, 1, 1, 0, 0, 0.0, 1, 0, 0, 0, 8, 10.0, 422061.6] 0.7618479999999993
[1.0, 1, 1.0, 1, 1.0, 0, 0.0, 0, 1.0, 0, 0, 0, 128, 10.0, 422401.4] 0.7720420000000007
[1, 0, 1, 1.0, 1.0, 0, 0.0, 0, 1.0, 0, 1.0, 0, 1.0, 10, 424574.6] 0.8372379999999993
[1, 1, 0, 1, 1.0, 0.0, 0.0, 0, 1.0, 0, 1.0, 0, 256, 10.0, 422061.4] 0.7618420000000007
[1.0, 0.0, 1.0, 1, 1.0, 0.0, 0.0, 0.0, 1, 0, 1.0, 0.0, 1, 10.0, 424574.6] 0.8372379999999993
[1, 0, 1.0, 1.0, 1, 0, 0.0, 0, 1.0, 0, 1, 0, 1, 10.0, 424574.6] 0.8372379999999993
[1.0, 0.0, 1.0, 0.0, 1.0, 0.0, 0.0, 0.0, 0.0, 1.0, 1.0, 0.0, 2.0, 0.0, 9188.4] 0
[1.0, 0.0, 0.0, 0.0, 1.0, 0.0, 0.0, 0.0, 0.0, 1.0, 0.0, 100.0, 2048.0, 10, 300527.4] 0.3017580000000001
[1.0, 1, 1, 1.0, 1, 0, 0, 0.0, 1.0, 0.0, 0, 0.0, 128, 10.0, 422401.4] 0.7720420000000007
[1, 0, 0.0, 1, 1, 0.0, 0, 0, 1, 0.0, 0, 0, 8, 10.0, 422061.6] 0.7618479999999993
[1, 0, 1, 1.0, 1, 0, 0.0, 0.0, 1.0, 0.0, 1.0, 0, 1, 10, 424574.6] 0.8372379999999993
