[0.0, 1, 0, 1.0, 1, 1.0, 1.0, 1.0, 0, 1.0, 1.0, 0, 170.5539949] 0.9984808250572645
[1.0, 1.0, 0.0, 1.0, 0, 1.0, 1, 1.0, 1, 0, 1, 0, 124.1992936] 0.9337779087195385
[0, 1.0, 0.0, 1.0, 1.0, 1, 1.0, 1.0, 1.0, 1.0, 0.0, 1.0, 170.3034718] 0.9981311393786737
[0.0, 1.0, 0, 1.0, 1, 1.0, 1, 1.0, 0.0, 1.0, 1.0, 0.0, 170.5539949] 0.9984808250572645
[0.0, 1, 1.0, 1.0, 1.0, 1.0, 1.0, 0.0, 0.0, 0.0, 1.0, 0.0, 171.6423678] 1.0
[0.0, 1.0, 0.0, 1.0, 1.0, 1.0, 1.0, 0, 1.0, 1, 0.0, 1, 171.1972303] 0.9993786672416486
[0.0, 1.0, 1.0, 1.0, 1.0, 1.0, 1.0, 1.0, 1.0, 0.0, 0.0, 1.0, 170.5469792] 0.9984710323881841
[0.0, 1, 0.0, 1.0, 0.0, 1.0, 1, 1, 1.0, 0.0, 0.0, 0.0, 124.7782342] 0.9345860068014111
[0.0, 1.0, 0.0, 1.0, 1.0, 1.0, 1.0, 0, 1, 1, 0.0, 1.0, 171.1972303] 0.9993786672416486
[0, 1, 0.0, 1, 1.0, 1.0, 1.0, 0.0, 1.0, 1, 0, 1.0, 171.1972303] 0.9993786672416486
[0.0, 1.0, 0.0, 1.0, 1.0, 1.0, 1.0, 0.0, 0.0, 1.0, 0.0, 0.0, 170.2871644] 0.9981083771494219
[1.0, 1.0, 1.0, 1.0, 1.0, 1.0, 1, 1.0, 0.0, 1.0, 1.0, 1, 169.6058099] 0.9971573274829703
[0, 1.0, 1.0, 1.0, 1, 1.0, 1.0, 1.0, 1.0, 1.0, 0.0, 1.0, 170.2653241] 0.9980778919760941
[0, 1.0, 1.0, 1, 1, 1.0, 1, 1, 1, 1.0, 0.0, 1, 170.2653241] 0.9980778919760941
[0, 1, 1.0, 1.0, 1.0, 1.0, 1.0, 0, 0.0, 0.0, 1, 0, 171.6423678] 1.0
[1.0, 1.0, 0.0, 1.0, 1.0, 1.0, 1.0, 0.0, 1.0, 0.0, 0.0, 0.0, 170.2000723] 0.9979868120718366
[1.0, 1.0, 1.0, 1.0, 1.0, 1.0, 1.0, 0.0, 0.0, 1.0, 1.0, 1.0, 170.6573937] 0.998625151387026
[0.0, 1.0, 1.0, 1.0, 1.0, 1.0, 1.0, 0.0, 0.0, 0.0, 0.0, 1.0, 171.5690527] 0.9998976651634341
[0.0, 1.0, 1.0, 1.0, 1.0, 1.0, 1.0, 0.0, 0.0, 0, 1.0, 0.0, 171.6423678] 1.0
[0.0, 1.0, 0, 1, 1.0, 1.0, 1.0, 0.0, 1.0, 1.0, 0, 1.0, 171.1972303] 0.9993786672416486
[0.0, 1.0, 1, 1.0, 1.0, 1, 1.0, 0, 0.0, 0.0, 1.0, 0.0, 171.6423678] 1.0
[1.0, 1.0, 0.0, 1.0, 1.0, 1, 1, 0.0, 0.0, 1.0, 0.0, 0.0, 170.1990225] 0.9979853467378
[0, 1.0, 0, 1.0, 1, 1, 1.0, 0, 1.0, 1.0, 1.0, 0.0, 170.3049545] 0.9981332089640957
[0.0, 1.0, 0.0, 1.0, 1.0, 1.0, 1.0, 1.0, 0.0, 0.0, 1.0, 0, 170.735281] 0.9987338682013801
[0.0, 1.0, 1.0, 1.0, 1.0, 1.0, 1.0, 0.0, 0.0, 0, 0, 0.0, 171.3028867] 0.9995261447793745
[0.0, 1.0, 1.0, 1.0, 1.0, 1.0, 1, 1.0, 0, 1, 1.0, 0.0, 170.2567158] 0.9980658763207433
[0.0, 1.0, 1, 1.0, 1.0, 1.0, 1.0, 0.0, 0.0, 1, 0.0, 1.0, 170.6936717] 0.9986757890210324
[0, 1.0, 0, 1.0, 1.0, 1, 1, 1.0, 0.0, 0.0, 1.0, 0, 170.735281] 0.9987338682013801
[0.0, 1.0, 0.0, 1.0, 1, 1, 1, 0, 1.0, 1, 0.0, 1.0, 171.1972303] 0.9993786672416486
[0.0, 1.0, 1.0, 1.0, 1.0, 1.0, 1.0, 0.0, 0.0, 0.0, 0.0, 1.0, 171.5690527] 0.9998976651634341
