[1.0, 1.0, 0.0, 1.0, 1.0, 1.0, 1.0, 1.0, 1, 1.0, 0, 1.0, 169.9124722] 0.9975853734973846
[0.0, 1.0, 1.0, 1.0, 0.0, 1.0, 1.0, 0.0, 1.0, 0.0, 0.0, 1, 124.7722943] 0.934577715757742
[0.0, 1.0, 0.0, 1.0, 0.0, 1.0, 1.0, 0.0, 1.0, 1.0, 1, 1.0, 124.7700598] 0.9345745967932679
[0.0, 1.0, 0.0, 1.0, 1.0, 1, 1, 0.0, 1.0, 1, 0.0, 1.0, 171.1972303] 0.9993786672416486
[0.0, 1.0, 0.0, 1.0, 0.0, 1.0, 1.0, 0.0, 0.0, 1.0, 1.0, 1, 124.1873269] 0.9337612053352597
[0, 1.0, 1, 1.0, 1, 1, 0.0, 1.0, 1.0, 1.0, 1.0, 1.0, 125.6215169] 0.9357630794274223
[1.0, 1.0, 0.0, 1.0, 1.0, 1.0, 1.0, 1.0, 0.0, 1.0, 0.0, 0.0, 170.4227512] 0.9982976322008162
[1.0, 1.0, 0.0, 1.0, 1, 1.0, 0.0, 0.0, 0.0, 1.0, 1.0, 0.0, 123.8580036] 0.9333015285963232
[0.0, 1.0, 1.0, 1.0, 1.0, 1, 1.0, 0.0, 1.0, 0, 1.0, 0.0, 170.2916942] 0.9981146999443533
[1.0, 1.0, 1.0, 1.0, 1.0, 1.0, 1.0, 1, 0, 1.0, 0.0, 0.0, 170.0739989] 0.9978108360343724
[0.0, 1.0, 1.0, 1.0, 1.0, 1.0, 1.0, 1, 1.0, 0.0, 1.0, 1.0, 170.6282685] 0.9985844977893096
[1.0, 1.0, 0.0, 1.0, 1.0, 1.0, 1.0, 1.0, 0.0, 0, 1.0, 1, 168.3990679] 0.9954729303349463
[0.0, 1.0, 0.0, 1.0, 1.0, 1.0, 1.0, 0.0, 0.0, 0, 0.0, 1.0, 171.4235804] 0.9996946117127078
[0.0, 1.0, 1.0, 1.0, 1.0, 1.0, 1.0, 1.0, 1.0, 0.0, 0.0, 0.0, 169.9536264] 0.9976428174390964
[0.0, 1.0, 0.0, 1.0, 1.0, 1, 1.0, 0.0, 1.0, 1, 0.0, 1.0, 171.1972303] 0.9993786672416486
[0.0, 1.0, 0.0, 1.0, 1.0, 1.0, 1.0, 0.0, 1.0, 1.0, 0.0, 1, 171.1972303] 0.9993786672416486
[1.0, 1.0, 0.0, 1.0, 1.0, 1, 1.0, 1.0, 1.0, 0.0, 0.0, 1.0, 115.0090084] 0.9209499055669124
[0.0, 1.0, 1.0, 1.0, 1.0, 1.0, 1.0, 1, 1, 1.0, 0, 0.0, 169.9679244] 0.997662774903428
[0.0, 1.0, 0.0, 1.0, 1.0, 1, 1.0, 0.0, 1.0, 1, 0.0, 1.0, 171.1972303] 0.9993786672416486
[0, 1.0, 0.0, 1.0, 1.0, 1.0, 1.0, 1, 1.0, 1.0, 0.0, 1.0, 170.3034718] 0.9981311393786737
[1.0, 1.0, 0.0, 1.0, 1.0, 1.0, 1.0, 0.0, 1, 0.0, 0, 1.0, 170.3206944] 0.9981551790643078
[1.0, 1.0, 0.0, 1.0, 1.0, 1.0, 0.0, 0.0, 1.0, 1.0, 0.0, 0.0, 123.8684065] 0.9333160491940078
[0, 1.0, 1.0, 1.0, 1, 1.0, 1.0, 1.0, 0.0, 1.0, 0.0, 1.0, 170.3886647] 0.9982500535109338
[0.0, 1.0, 0, 1.0, 1, 1.0, 1, 1.0, 1.0, 0.0, 0.0, 0.0, 170.6651847] 0.9986360262369777
[0.0, 1.0, 0.0, 1.0, 1.0, 1.0, 1.0, 0.0, 1.0, 1.0, 1.0, 0.0, 170.3049545] 0.9981332089640957
[1.0, 1.0, 1.0, 1.0, 1.0, 1.0, 1.0, 1.0, 1.0, 0.0, 1.0, 0.0, 168.9820573] 0.9962866798213221
[0.0, 1.0, 0.0, 1.0, 1.0, 1.0, 1.0, 1.0, 0.0, 0.0, 0.0, 1.0, 168.730082] 0.9959349671298832
[0.0, 1.0, 0.0, 1.0, 1.0, 1.0, 1.0, 1.0, 0.0, 1.0, 0.0, 0.0, 169.3338497] 0.9967777194265207
[1.0, 1, 1, 1.0, 1.0, 1.0, 1.0, 1.0, 0.0, 0.0, 1.0, 0.0, 169.9594309] 0.9976509194884539
[1.0, 1.0, 0.0, 1.0, 1.0, 1.0, 1.0, 0.0, 0.0, 1, 1.0, 0.0, 170.7705431] 0.9987830878197189
