[1.0, 0, 0.0, 0.0, 0.0, 0.0, 3, 0.0, 1.0, 8, 10, 0, 18899.0] 0.99495
[1.0, 0, 1, 1, 1.0, 0.0, 2.0, 0.0, 3, 8, 8, 64.0, 15026.8] 0.8013399999999999
[1, 0.0, 0, 0.0, 0, 0.0, 4, 0.0, 2.0, 8, 8.0, 32.0, 18805.0] 0.99025
[1, 0, 0, 0.0, 0.0, 0.0, 3.0, 0.0, 2.0, 8, 8.0, 64, 19541.8] 1.0
[1.0, 0.0, 0.0, 0, 0, 0, 3, 0, 2, 8, 8.0, 0, 19692.2] 1.0
[1, 1.0, 0.0, 0.0, 0.0, 0.0, 4.0, 0, 2, 8.0, 8, 0, 16196.4] 0.85982
[1.0, 0.0, 0.0, 0.0, 0.0, 1, 3, 0.0, 2, 8.0, 8, 0, 18254.0] 0.9627
[1.0, 0.0, 0, 0, 0.0, 0, 4, 0.0, 2, 8.0, 8.0, 64.0, 19505.4] 1.0
[1, 1, 0, 0, 0.0, 0.0, 3, 0.0, 4, 8.0, 8.0, 0.0, 16101.8] 0.8550899999999999
[1.0, 0.0, 0.0, 0.0, 0, 0.0, 4.0, 0, 1.0, 8.0, 16.0, 128.0, 14467.0] 0.77335
[1, 0, 0, 0.0, 0, 0.0, 4, 0.0, 1.0, 8, 8.0, 64.0, 19121.2] 1.0
[1.0, 0, 0.0, 0.0, 0.0, 0, 3.0, 0.0, 2, 8.0, 8.0, 64, 19541.8] 1.0
[1.0, 0.0, 1.0, 0, 0.0, 0.0, 2.0, 0.0, 1.0, 8, 8.0, 128.0, 16579.2] 0.8789600000000001
[1.0, 0, 1.0, 0, 0, 0.0, 1, 0.0, 2.0, 8.0, 8, 0, 16772.6] 0.8886299999999999
[1.0, 0, 0.0, 0.0, 0.0, 0.0, 3.0, 0.0, 1, 8.0, 8.0, 0.0, 19673.8] 1.0
[1, 0.0, 1.0, 1, 1, 0, 1, 0.0, 2, 8.0, 10, 128, 14957.0] 0.79785
[1.0, 0, 0.0, 0.0, 0, 0, 3.0, 0.0, 2, 8, 8.0, 128.0, 19576.0] 1.0
[1.0, 0, 0.0, 0, 0, 0.0, 3.0, 0.0, 2.0, 8, 10.0, 0.0, 18819.2] 0.9909600000000001
[1, 0.0, 0, 0.0, 0.0, 0.0, 4, 0, 1, 8, 10.0, 128.0, 18754.8] 0.98774
[1, 0.0, 0.0, 0.0, 0.0, 0, 3.0, 0.0, 1, 8.0, 10.0, 128, 18822.0] 0.9911
[1.0, 0.0, 0, 0.0, 0.0, 0, 2.0, 0, 2, 128, 0.0, 32, 10111.0] 0.12194214876033059
[1.0, 0.0, 0, 0.0, 0.0, 0.0, 3.0, 0.0, 1.0, 8.0, 10, 0, 18899.0] 0.99495
[1.0, 0, 0.0, 0, 0.0, 0.0, 4, 0.0, 1.0, 8, 10.0, 0, 18857.4] 0.9928700000000001
[1, 0.0, 0.0, 0.0, 0.0, 1, 3.0, 0.0, 1.0, 8, 8.0, 64.0, 19190.0] 1.0
[1, 0.0, 1.0, 1.0, 1.0, 1.0, 3.0, 0.0, 2.0, 8.0, 8, 128, 15991.4] 0.8495699999999999
[1, 0.0, 0, 0.0, 0.0, 0.0, 3.0, 0.0, 1.0, 8, 10.0, 64.0, 18790.8] 0.98954
[1.0, 0, 0, 0.0, 0.0, 0, 3, 0, 2, 8.0, 8.0, 0.0, 19692.2] 1.0
[1.0, 1, 0, 0.0, 0.0, 0.0, 3, 0.0, 2, 8.0, 8.0, 0, 16255.2] 0.8627600000000001
[1, 0.0, 0.0, 0.0, 0, 0.0, 3.0, 0.0, 2.0, 8.0, 8.0, 20.0, 18373.2] 0.9686600000000001
[1, 0, 0.0, 0, 0, 0, 4, 0.0, 2, 8.0, 8.0, 64, 19505.4] 1.0
