[1.0, 0.0, 0.0, 0.0, 0.0, 0.0, 2.0, 0.0, 1.0, 8.0, 20.0, 0.0, 12886.4] 0.44375999999999993
[1.0, 0.0, 0.0, 0.0, 0.0, 1.0, 3.0, 0.0, 1.0, 16.0, 16.0, 20.0, 9524.4] 0.09770247933884296
[1.0, 0.0, 0.0, 0.0, 0.0, 0.0, 2.0, 0, 3.0, 10.0, 16.0, 64.0, 9623.0] 0.10177685950413223
[1.0, 1.0, 0.0, 0.0, 0.0, 1, 2.0, 0.0, 3.0, 8.0, 16.0, 10.0, 9999.8] 0.11734710743801652
[1.0, 1.0, 0.0, 0.0, 0.0, 0.0, 3.0, 0.0, 3, 8.0, 10.0, 0.0, 14780.4] 0.7890199999999999
[1.0, 0.0, 1.0, 1.0, 1.0, 0.0, 3.0, 0.0, 3.0, 10.0, 0.0, 0.0, 8431.6] 0.05254545454545456
[1.0, 0.0, 0.0, 0.0, 0.0, 1.0, 4.0, 0.0, 1.0, 20.0, 10.0, 64.0, 10930.4] 0.15580165289256198
[1.0, 1.0, 1.0, 0.0, 0.0, 1.0, 4.0, 0.0, 2.0, 8.0, 8.0, 32.0, 14354.2] 0.76771
[1.0, 0.0, 0.0, 0.0, 0.0, 0.0, 4.0, 0.0, 4.0, 8.0, 8.0, 128.0, 16039.6] 0.85198
[1.0, 1.0, 0.0, 0.0, 0.0, 1.0, 3.0, 0.0, 3.0, 16.0, 8.0, 10.0, 9921.4] 0.11410743801652892
[1.0, 1.0, 0.0, 0.0, 0.0, 0, 1.0, 0.0, 4.0, 10.0, 8.0, 64.0, 12736.0] 0.40240000000000004
[1.0, 0.0, 1.0, 0.0, 0.0, 0.0, 1.0, 0.0, 3.0, 8.0, 8.0, 20.0, 14832.2] 0.79161
[1.0, 1.0, 1.0, 1.0, 1.0, 0.0, 2.0, 0.0, 1.0, 10.0, 10.0, 128.0, 11444.0] 0.17702479338842977
[1.0, 0, 1.0, 0.0, 0.0, 0.0, 2.0, 0.0, 4.0, 10.0, 10.0, 16, 12197.2] 0.25423000000000023
[1.0, 1, 0.0, 0.0, 0.0, 0.0, 2, 0.0, 3.0, 8.0, 10.0, 8, 13380.6] 0.5796650000000001
[1.0, 0.0, 1.0, 0.0, 0.0, 0, 1.0, 0.0, 4.0, 8.0, 16.0, 0.0, 11322.0] 0.17198347107438017
[1.0, 1.0, 1.0, 0.0, 0.0, 0.0, 3.0, 0.0, 1.0, 8.0, 10.0, 16.0, 12998.0] 0.47445000000000004
[1.0, 1.0, 1.0, 0.0, 0.0, 0.0, 1.0, 0.0, 3.0, 10.0, 16.0, 32.0, 9577.6] 0.09990082644628101
[1.0, 0.0, 0.0, 0.0, 0, 0, 3.0, 0.0, 2.0, 64.0, 0.0, 0.0, 10004.4] 0.11753719008264461
[1.0, 0.0, 1.0, 1.0, 1.0, 0.0, 3.0, 0.0, 1.0, 16.0, 8.0, 64.0, 11922.8] 0.1968099173553719
[1.0, 1.0, 1.0, 0.0, 0.0, 0.0, 1.0, 0.0, 2.0, 10.0, 16.0, 16.0, 9230.6] 0.08556198347107441
[1.0, 1.0, 0.0, 0.0, 0.0, 0.0, 2.0, 0.0, 4.0, 16.0, 10.0, 20.0, 9284.0] 0.08776859504132233
[1.0, 1, 1.0, 1, 1.0, 0.0, 1.0, 0.0, 4.0, 16.0, 8.0, 0.0, 10084.8] 0.12085950413223137
[1.0, 0.0, 1.0, 0.0, 0.0, 1.0, 3.0, 0.0, 3.0, 10.0, 8.0, 0.0, 13570.8] 0.6319699999999999
[1.0, 1, 0.0, 0.0, 0.0, 0.0, 4, 0.0, 1.0, 10.0, 16.0, 0.0, 10682.6] 0.14556198347107438
[1.0, 0.0, 0.0, 0.0, 0.0, 1.0, 3.0, 0.0, 3.0, 64.0, 8.0, 64.0, 7656.6] 0.02052066115702481
[1, 0.0, 0.0, 0.0, 0.0, 0.0, 4, 0.0, 1.0, 32.0, 32.0, 10.0, 8356.6] 0.04944628099173556
[1.0, 0.0, 0.0, 0.0, 0.0, 1, 4.0, 0.0, 1, 10.0, 8.0, 64.0, 16347.8] 0.86739
[1.0, 0.0, 0.0, 0.0, 0.0, 0.0, 2.0, 0.0, 1.0, 8.0, 64.0, 0.0, 11458.6] 0.17762809917355374
[1.0, 0.0, 0.0, 0.0, 0.0, 0.0, 2.0, 0.0, 2.0, 16.0, 8.0, 16.0, 11513.2] 0.1798842975206612
