[ 1.  0.  0.  0.  0.  1.  4.  0.  2. 10. 10. 20.] [0.62997895]
[ 1.  0.  1.  1.  1.  0.  4.  0.  1. 10. 16.  0.] [0.28604]
[ 1.  0.  0.  0.  0.  0.  1.  0.  4.  8. 10. 16.] [0.46084211]
[9.89146897e-01 1.59003156e-01 9.61448323e-01 5.98056828e-02
 3.88634796e-01 8.89809079e-01 1.77463414e+00 1.01509643e-02
 6.24244396e-01 1.20648514e+01 7.41785960e+00 8.43806736e+01] [0.642]
[ 0.93050056  0.0988588   0.92715364  0.99644102  0.95542406  0.16626234
  1.82728853  0.33600729  1.17052262  4.41033404 59.69250327  1.18027654] [0.20022]
[0.59913449 0.86186367 0.66410213 0.34301415 0.30895636 0.02368029
 0.50819254 0.14579884 3.65900008 6.40166054 7.43298786 1.03414272] [0.58364211]
[  1.   1.   0.   0.   0.   0.   2.   0.   3.  10.  10. 128.] [0.30263158]
[0.98243518 0.86958355 0.62853312 0.90619079 0.97173462 0.01319707
 1.22456658 0.03132789 1.99777093 4.12891194 4.53477075 0.89242829] [0.57477895]
[ 1.  1.  1.  1.  1.  0.  2.  0.  2.  8.  8. 10.] [0.50444211]
[  1.   1.   1.   0.   0.   0.   3.   0.   3.   8. 128.  64.] [0.]
[8.27145003e-01 9.31161620e-01 7.34966938e-01 2.03601378e-01
 1.07641241e-02 9.27416264e-01 1.93050907e+00 1.47305926e-01
 1.21937722e+00 5.11729899e+00 5.35214056e+00 6.56913149e+01] [0.52962105]
[ 1.  1.  0.  0.  0.  0.  3.  0.  4. 10.  8. 32.] [0.35928421]
[ 1.  0.  0.  0.  0.  1.  3.  0.  1. 10.  8.  8.] [0.62564211]
[ 1.  1.  1.  0.  0.  0.  1.  0.  2. 10. 10. 10.] [0.25992]
[ 1.  0.  0.  0.  0.  0.  4.  0.  2. 10. 20.  8.] [0.38206316]
[  1.   0.   1.   0.   0.   0.   2.   0.   2.   8.  20. 128.] [0.21362]
[ 1.  0.  1.  0.  0.  0.  2.  0.  1. 16. 10. 32.] [0.24116]
[0.95895675 0.01410492 0.85052118 0.06942627 0.03573094 0.85197509
 3.23995852 0.07606412 3.75958468 9.42028653 7.55760773 6.33141372] [0.37635789]
[ 1.  0.  0.  0.  0.  0.  1.  0.  4. 10.  0. 32.] [0.01244]
[ 1.  1.  0.  0.  0.  0.  1.  0.  3.  8. 20.  0.] [0.1829]
[7.53189699e-01 8.88770305e-01 9.72012675e-01 9.50631509e-01
 7.83244292e-01 4.07200383e-02 1.27439125e+00 1.55506464e-01
 3.54027165e+00 5.16793800e+00 6.56822648e+00 7.78668650e+01] [0.55616842]
[6.40185228e-01 9.90547395e-01 6.34825822e-02 5.21026202e-02
 1.19802733e-01 3.71893718e-01 3.72783629e+00 7.75644120e-02
 1.60310722e+00 4.48831652e+00 6.41734590e+00 9.41529998e+01] [0.71534286]
[1. 0. 1. 0. 0. 0. 3. 0. 3. 8. 8. 8.] [0.55711579]
[ 1.  0.  1.  0.  0.  1.  4.  0.  2. 10.  8. 16.] [0.46103158]
[8.65444159e-01 8.06060784e-02 9.58731541e-01 7.68917816e-01
 9.85516010e-01 2.90137305e-02 1.77913845e+00 4.68464603e-01
 2.04113802e+00 2.10676597e+01 8.52312720e+00 4.08986166e+01] [0.15228]
[ 1.  0.  0.  0.  0.  0.  4.  0.  1.  8.  0. 64.] [0.19306]
[ 1.  0.  1.  1.  1.  1.  2.  0.  1. 10. 20.  0.] [0.1976]
[ 1.  0.  0.  0.  0.  0.  4.  0.  3.  8. 10. 32.] [0.58311579]
[ 0.71884052  0.94457245  0.96105481  0.72007969  0.81318816  0.0654454
  3.57333538  0.29689829  3.97692944  4.88908216  6.79302081 37.43228818] [0.52168421]
[  1.   1.   0.   0.   0.   0.   1.   0.   4.  10.   8. 128.] [0.38823158]
