[1, 0, 1, 1, 1, 0, 3, 0, 1, 8, 16, 32] 0.23692000000000007
[1, 0, 0, 0, 0, 0, 3, 0, 1, 20, 10, 32] 0.21133999999999997
[1, 0, 1, 1, 1, 0, 3, 0, 1, 8, 16, 128] 0.2548
[1, 0, 1, 1, 1, 0, 3, 1, 0, 0, 0, 0] 0.03697999999999993
[1, 1, 0, 0, 0, 1, 2, 0, 4, 128, 64, 128] 0.0
[1, 1, 1, 1, 1, 0, 1, 0, 2, 16, 8, 64] 0.09342000000000007
[1, 0, 1, 1, 1, 0, 4, 1, 0, 0, 0, 0] 0.033860000000000036
[1.0, 0.0, 1.0, 0.0, 0.0, 0.0, 1.0, 0.0, 1.0, 8.0, 8.0, 20.0] 0.6716631578947367
[1, 1, 0, 0, 0, 1, 2, 0, 2, 64, 64, 64] 0.0
[1, 1, 0, 0, 0, 1, 2, 0, 1, 128, 128, 32] 0.0
[1, 0, 1, 0, 0, 1, 3, 0, 3, 128, 128, 64] 0.0
[1, 0, 1, 1, 1, 0, 4, 1, 0, 0, 0, 0] 0.033860000000000036
[1.0, 0.0, 1.0, 1.0, 1.0, 0.0, 4.0, 0.0, 1.0, 16.0, 20.0, 0.0] 0.0869
[1, 1, 1, 1, 1, 0, 1, 0, 3, 128, 32, 128] 0.0
[1, 0, 1, 1, 1, 1, 4, 0, 1, 64, 10, 8] 0.0
[1.0, 0.0, 0.0, 0.0, 0.0, 0.0, 4.0, 0.0, 4.0, 128.0, 0.0, 0.0] 0.046460000000000036
[1, 0, 1, 1, 1, 0, 4, 0, 3, 20, 128, 10] 0.0
[1, 1, 1, 1, 1, 0, 1, 0, 1, 64, 128, 10] 0.0
[1, 1, 1, 1, 1, 0, 2, 0, 1, 10, 10, 64] 0.24192000000000005
[1, 0, 1, 1, 1, 1, 2, 0, 1, 20, 8, 16] 0.11709999999999998
[1, 0, 1, 1, 1, 1, 2, 0, 1, 10, 64, 10] 0.0
[1, 0, 1, 1, 1, 1, 4, 0, 3, 32, 32, 8] 0.0
[1, 1, 0, 0, 0, 1, 2, 0, 2, 128, 64, 128] 0.0
[1, 0, 0, 0, 0, 1, 2, 0, 1, 128, 64, 64] 0.0
[1, 1, 0, 0, 0, 1, 2, 0, 3, 64, 64, 128] 0.0
[1, 1, 1, 0, 0, 0, 3, 1, 0, 0, 0, 0] 0.007560000000000036
[1.0, 0.0, 1.0, 1.0, 1.0, 0.0, 4.0, 0.0, 1.0, 8.0, 16.0, 16.0] 0.23303999999999994
[1, 0, 1, 1, 1, 1, 3, 0, 1, 16, 8, 16] 0.19046000000000005
[1, 0, 1, 1, 1, 0, 2, 0, 1, 64, 20, 64] 0.0
[1, 0, 1, 1, 1, 0, 1, 0, 1, 128, 128, 20] 0.0
