[1.0, 0.0, 1.0, 0.0, 1.0, 0.0, 0.0, 1.0, 1.0, 0.0, 0.0, 1.0, 1.0, 0.0, 1.0, 0.0, 0.0, 0.0, 0.0, 0.0, 1.0, 0.0, 0.0, 1.0, 0.0, 0.0, 0.0, 1.0, 0.0, 0.0, 0.0, 4633.596] 0.8897840000000001
[1.0, 1.0, 0, 0.0, 1.0, 0.0, 0.0, 1.0, 0.0, 0.0, 0.0, 1.0, 1.0, 1.0, 1.0, 0.0, 0.0, 0, 0.0, 0.0, 0.0, 1.0, 0.0, 1.0, 0, 0.0, 0.0, 1, 0.0, 0.0, 0.0, 3516.602] 0.7179387692307693
[1.0, 0.0, 0.0, 1.0, 0.0, 1.0, 0.0, 0, 1.0, 0.0, 1.0, 1.0, 1.0, 0.0, 1.0, 1.0, 1.0, 1.0, 1.0, 0.0, 0, 1.0, 0.0, 0.0, 0.0, 1, 0.0, 1.0, 0.0, 0.0, 0.0, 717.756] 0.2267753270495498
[1.0, 0.0, 1.0, 0.0, 1, 0.0, 0, 0.0, 0.0, 0.0, 0.0, 1.0, 1.0, 0, 0.0, 0, 0.0, 0, 0.0, 0.0, 0, 0.0, 1, 1, 0.0, 0, 0, 1, 0.0, 0, 0.0, 4018.112] 0.795094153846154
[1.0, 0.0, 0.0, 0.0, 1, 0, 0.0, 1, 1.0, 0, 1.0, 1, 1, 0, 1, 1, 0.0, 1.0, 1.0, 0.0, 0.0, 0.0, 1.0, 1.0, 0, 0, 0.0, 0, 0.0, 0, 0.0, 2567.262] 0.5718864615384616
[1.0, 1.0, 1.0, 1.0, 1.0, 1.0, 1.0, 1.0, 1.0, 0.0, 1.0, 1.0, 1.0, 1.0, 0.0, 1.0, 0.0, 0.0, 0.0, 0.0, 0.0, 1.0, 0.0, 0.0, 0.0, 0.0, 0.0, 0.0, 0.0, 0.0, 0.0, 2627.14] 0.5810984615384616
[1.0, 1, 0.0, 0.0, 1.0, 0.0, 0.0, 1.0, 1.0, 0.0, 0, 1.0, 1.0, 1, 0, 1.0, 0.0, 1.0, 0.0, 0.0, 0.0, 1.0, 0.0, 0.0, 0.0, 0.0, 0.0, 1.0, 0, 1.0, 0, 1420.44] 0.3954523076923077
[1.0, 0.0, 0.0, 0.0, 1.0, 0.0, 0.0, 1.0, 0.0, 0.0, 1.0, 1.0, 1.0, 1.0, 0.0, 0.0, 0.0, 0.0, 0.0, 0.0, 0.0, 0.0, 1.0, 1.0, 0.0, 1.0, 0.0, 1.0, 0.0, 0.0, 0.0, 2878.638] 0.6197904615384615
[1, 0.0, 1, 0, 1, 0.0, 0.0, 1.0, 0, 0.0, 0, 1, 1.0, 1.0, 0.0, 0.0, 0.0, 0.0, 0.0, 0.0, 0.0, 0.0, 1, 1.0, 0.0, 1, 0.0, 1.0, 0.0, 0, 0.0, 4065.202] 0.8023387692307693
[1.0, 0.0, 0, 0, 1.0, 0.0, 0.0, 1.0, 1.0, 0.0, 0.0, 1.0, 1.0, 1, 1.0, 0.0, 0.0, 0.0, 0.0, 0.0, 0.0, 0.0, 1.0, 1.0, 0.0, 0.0, 0.0, 1.0, 0.0, 0.0, 0, 2899.016] 0.6229255384615384
[1.0, 0.0, 1, 0.0, 1, 0.0, 0, 0.0, 0, 0.0, 0, 1, 1, 0.0, 0.0, 0.0, 0.0, 0, 0, 0.0, 0.0, 0.0, 1.0, 1, 0.0, 0, 0, 1, 0.0, 0.0, 0.0, 4018.112] 0.795094153846154
[1.0, 1.0, 1.0, 0.0, 0, 0.0, 0.0, 1, 0, 0, 0.0, 1.0, 1, 0.0, 1.0, 0.0, 0.0, 0.0, 0.0, 0.0, 0.0, 0.0, 1, 1, 0.0, 1, 0, 1.0, 0.0, 0.0, 0, 4012.634] 0.7942513846153847
[1.0, 1.0, 1.0, 0.0, 0.0, 0, 0.0, 1.0, 1.0, 0.0, 1.0, 1.0, 1.0, 0.0, 1.0, 0.0, 0.0, 0.0, 0.0, 0.0, 1.0, 0.0, 0.0, 1.0, 0.0, 0.0, 0.0, 0, 0.0, 0.0, 0.0, 3670.28] 0.7415815384615385
[1.0, 0, 1.0, 0, 1, 0.0, 0.0, 0, 0, 0.0, 0, 1.0, 1, 0, 0, 0.0, 0, 0.0, 0.0, 0.0, 1.0, 0, 0.0, 0.0, 0.0, 0.0, 0.0, 0.0, 0, 1, 0.0, 1343.008] 0.3835396923076923
[1, 0.0, 1.0, 0.0, 1.0, 0.0, 0.0, 0.0, 0.0, 0.0, 0.0, 1.0, 1.0, 0.0, 1.0, 0.0, 0.0, 0, 0.0, 0.0, 1.0, 0, 0.0, 0.0, 0.0, 0.0, 1.0, 0.0, 0.0, 0.0, 0.0, 957.92] 0.3242953846153846
[1, 0.0, 1.0, 0, 0.0, 0, 0.0, 1, 1, 0.0, 0.0, 1, 1, 0.0, 0.0, 0.0, 0.0, 0.0, 0, 0.0, 0.0, 0.0, 1.0, 1.0, 0.0, 0.0, 0.0, 0.0, 0, 0, 0.0, 3226.73] 0.6733430769230769
[1.0, 0.0, 1.0, 1.0, 1.0, 1.0, 0.0, 0.0, 1.0, 0.0, 0.0, 1.0, 1.0, 1.0, 0.0, 1.0, 0.0, 0.0, 1.0, 0.0, 0.0, 0.0, 1.0, 0.0, 0.0, 1.0, 0.0, 1.0, 1.0, 0.0, 0.0, 1681.46] 0.43560923076923075
[1.0, 0.0, 1.0, 0.0, 1.0, 0.0, 0.0, 1.0, 0.0, 0.0, 0.0, 1.0, 1.0, 1.0, 1, 0.0, 0.0, 0.0, 0.0, 0.0, 1.0, 0.0, 0.0, 1.0, 0.0, 0.0, 0.0, 1.0, 0.0, 0.0, 0.0, 4698.032] 0.8996972307692308
[1.0, 0.0, 1.0, 0.0, 0.0, 0, 0.0, 1.0, 0.0, 0.0, 0.0, 1.0, 1.0, 0.0, 1, 0.0, 0, 0.0, 0.0, 0.0, 0.0, 0.0, 1.0, 1.0, 0.0, 0.0, 0.0, 0.0, 0.0, 0.0, 0.0, 3207.7] 0.6704153846153846
[1.0, 0.0, 1, 0.0, 1.0, 0.0, 0, 1.0, 0.0, 0.0, 0, 1, 1.0, 1.0, 1.0, 0.0, 0.0, 0, 0.0, 0, 1, 0.0, 0, 1, 0.0, 0.0, 0.0, 1.0, 0.0, 0.0, 0.0, 4698.032] 0.8996972307692308
[1.0, 0.0, 0, 1.0, 0.0, 0.0, 0.0, 0.0, 0.0, 0.0, 1, 1, 1.0, 0.0, 0.0, 0.0, 0.0, 0.0, 0.0, 0.0, 0.0, 0.0, 1.0, 1, 0, 0, 0.0, 0.0, 0.0, 0, 0, 2436.204] 0.5517236923076924
[1.0, 1.0, 1.0, 1.0, 0, 1.0, 1.0, 1.0, 1.0, 0.0, 1.0, 1, 1.0, 1.0, 0.0, 1.0, 0.0, 0.0, 0.0, 0.0, 0.0, 0.0, 1.0, 0.0, 0.0, 0.0, 0.0, 1, 0.0, 0.0, 0.0, 2664.836] 0.5868978461538461
[1.0, 1, 1.0, 1.0, 0.0, 1.0, 0, 0.0, 1.0, 0.0, 1.0, 1.0, 1, 0.0, 1.0, 1.0, 0.0, 0, 1.0, 0.0, 0, 1.0, 0.0, 1.0, 0, 0, 0.0, 1, 0.0, 0.0, 0.0, 4940.288] 1.0
[1.0, 0.0, 1.0, 0.0, 0.0, 1.0, 1.0, 0.0, 0.0, 0.0, 0.0, 1.0, 1.0, 0.0, 0.0, 0.0, 0.0, 0.0, 0.0, 0.0, 1.0, 0.0, 0.0, 0.0, 0.0, 0.0, 0.0, 0.0, 0.0, 0.0, 0.0, 2013.986] 0.48676707692307697
[1.0, 1.0, 1.0, 1.0, 1.0, 1.0, 0.0, 0.0, 0.0, 0.0, 1.0, 1.0, 1.0, 1.0, 0.0, 1.0, 1.0, 0.0, 0.0, 0.0, 1.0, 0.0, 0.0, 0.0, 0.0, 1.0, 0.0, 1.0, 0.0, 0.0, 0.0, 1937.36] 0.47497846153846157
[1.0, 1.0, 1.0, 0.0, 1.0, 1.0, 1.0, 1.0, 1.0, 0.0, 0.0, 1.0, 1.0, 0.0, 0.0, 1.0, 0.0, 1.0, 0.0, 0.0, 1.0, 0.0, 0.0, 0.0, 0.0, 1.0, 0.0, 1.0, 0.0, 0.0, 0.0, 3084.696] 0.6514916923076923
[1.0, 1.0, 1.0, 1.0, 1.0, 1.0, 1.0, 1.0, 0.0, 0.0, 0.0, 1.0, 1.0, 0.0, 1.0, 1.0, 0.0, 1.0, 1.0, 0.0, 0.0, 0.0, 1.0, 0.0, 0.0, 0.0, 0.0, 0.0, 0.0, 0.0, 0.0, 1889.786] 0.46765938461538464
[1.0, 0.0, 1.0, 1.0, 0.0, 1.0, 0.0, 0.0, 1.0, 0.0, 1.0, 1.0, 1.0, 0.0, 1.0, 1.0, 0.0, 0.0, 1.0, 0.0, 0.0, 1.0, 0.0, 0.0, 1.0, 1.0, 0.0, 1.0, 0.0, 0.0, 0.0, 2290.394] 0.5292913846153846
[1.0, 0.0, 1.0, 0.0, 0.0, 0, 0.0, 1.0, 0.0, 0.0, 0.0, 1.0, 1.0, 1, 0, 0.0, 0.0, 1.0, 1.0, 0.0, 0, 0.0, 1.0, 0.0, 0.0, 0.0, 0, 0.0, 1.0, 0.0, 0.0, 880.562] 0.3123941538461538
[1.0, 0.0, 0.0, 0.0, 0.0, 0.0, 1.0, 0.0, 0.0, 0.0, 0.0, 0.0, 1.0, 0.0, 0.0, 1.0, 0.0, 1.0, 0.0, 1.0, 0.0, 1.0, 0.0, 0.0, 0.0, 0.0, 0.0, 0.0, 0.0, 0.0, 0.0, 351.872] 0
