[1.0, 0.0, 1.0, 0, 1, 0.0, 0, 1, 0.0, 0, 1.0, 0.0, 0, 1.0, 0, 0, 0, 0.0, 0.0, 0, 1, 1, 0.0, 1.0, 1.0, 1.0, 0, 1.0, 1, 0.0, 0.0, 1, 1, 0.0, 1.0, 1.0, 0, 0.0, 0.0, 16.0688834966104] 0.2
[1.0, 1, 0.0, 0.0, 0.0, 0.0, 0.0, 1.0, 0.0, 0.0, 1.0, 0.0, 0.0, 1.0, 0.0, 0.0, 0.0, 0.0, 0.0, 0.0, 0.0, 0.0, 1, 1.0, 1.0, 0.0, 1.0, 1.0, 1.0, 0.0, 0.0, 1.0, 0.0, 1, 1.0, 1.0, 0.0, 0.0, 0.0, 15.460281096849] 0.06583043749287669
[1, 0, 0, 0.0, 0.0, 0.0, 0.0, 1.0, 0.0, 1.0, 1, 0.0, 0.0, 1.0, 0.0, 0.0, 0.0, 1, 0, 0.0, 1.0, 0.0, 0.0, 1.0, 1.0, 1.0, 0.0, 1.0, 1.0, 0.0, 0.0, 1, 1.0, 0, 1, 1, 0.0, 0.0, 0.0, 15.5472421960874] 0.08965539618832861
[1, 0, 1.0, 0.0, 1.0, 0.0, 0.0, 1.0, 0, 0.0, 1, 0.0, 0.0, 1.0, 0.0, 0, 0.0, 1, 0.0, 0.0, 0.0, 0.0, 1, 1, 1, 0.0, 1.0, 1.0, 1.0, 0.0, 0, 1.0, 1.0, 0, 1.0, 1, 0.0, 0.0, 0.0, 15.4384960971167] 0.05986194441553401
[1, 0, 0.0, 0, 0.0, 0.0, 0, 1, 0.0, 0, 1.0, 1, 0.0, 1, 0.0, 1, 0, 0, 0.0, 0.0, 0.0, 1.0, 0.0, 1, 1.0, 0.0, 1.0, 1.0, 1, 0, 0.0, 1.0, 1.0, 0.0, 1, 1.0, 0.0, 0, 0.0, 15.500516862557198] 0.07685393494717759
[1.0, 0.0, 0.0, 0.0, 0.0, 0.0, 0.0, 1.0, 0.0, 0.0, 1.0, 0.0, 0.0, 1.0, 0.0, 1.0, 0.0, 0.0, 0.0, 0.0, 0.0, 0.0, 1.0, 1.0, 1.0, 0.0, 1.0, 1.0, 1.0, 0.0, 0, 1.0, 0.0, 1.0, 1.0, 1.0, 0.0, 0.0, 0, 15.8677797457687] 0.1774739029503291
[1.0, 0.0, 1, 0, 0, 0.0, 1, 1.0, 0.0, 0, 1.0, 1, 1, 1, 0.0, 0.0, 0.0, 0.0, 0.0, 0.0, 0, 0, 0.0, 1.0, 1.0, 1.0, 0.0, 1.0, 1.0, 0.0, 0.0, 1, 1, 0.0, 1.0, 1, 0, 0, 0.0, 16.3794797693521] 0.2
[1.0, 1, 1, 0.0, 0, 1, 0.0, 1.0, 0, 0, 1.0, 0.0, 0, 1.0, 0, 0.0, 1, 0, 0, 0.0, 0.0, 0.0, 0.0, 1, 1, 1.0, 0.0, 1.0, 1, 0, 0.0, 1.0, 1.0, 0.0, 1, 1.0, 0.0, 0.0, 0.0, 16.3006967605101] 0.2
[1.0, 0, 1.0, 0.0, 0.0, 0.0, 1.0, 1.0, 0.0, 0.0, 1.0, 0, 0.0, 1.0, 0, 0.0, 0.0, 0.0, 0.0, 0.0, 0.0, 0.0, 0.0, 1.0, 1.0, 0.0, 1, 1.0, 1.0, 0.0, 0.0, 1.0, 0.0, 1.0, 1.0, 1.0, 0.0, 0.0, 0.0, 15.0224268806877] 0
[1.0, 0, 0.0, 0.0, 0.0, 0, 0.0, 1.0, 0, 0.0, 1.0, 0.0, 0, 1, 0.0, 0.0, 0.0, 0, 0.0, 0.0, 0.0, 0.0, 0.0, 1.0, 1, 1.0, 0.0, 1.0, 1.0, 0, 0.0, 1.0, 0.0, 1, 1.0, 1.0, 0.0, 0.0, 0.0, 14.9251265490055] 0
[1.0, 1, 0.0, 0.0, 0.0, 0.0, 0.0, 1.0, 1, 0.0, 1.0, 0.0, 0, 1.0, 0, 0.0, 0.0, 0.0, 0.0, 1, 0.0, 0.0, 0, 1.0, 1, 1.0, 0.0, 1.0, 1.0, 0, 0.0, 1.0, 1.0, 0.0, 1.0, 1.0, 0.0, 0.0, 0.0, 16.3127203776757] 0.2
[1.0, 0.0, 0.0, 0.0, 0.0, 0.0, 0.0, 1.0, 1, 0.0, 1, 0.0, 0.0, 1.0, 0.0, 0.0, 1.0, 0.0, 0, 0.0, 1.0, 0.0, 0.0, 1.0, 1.0, 1.0, 0.0, 1.0, 1.0, 0.0, 0.0, 1.0, 1.0, 0.0, 1.0, 1.0, 0.0, 0, 0.0, 15.0327717987031] 0
[1.0, 0.0, 1.0, 0.0, 1, 0.0, 0.0, 1.0, 1, 0.0, 1.0, 0.0, 0, 1.0, 0.0, 0, 0, 0, 0.0, 1.0, 0.0, 0.0, 0.0, 1.0, 1.0, 1.0, 0.0, 1.0, 1.0, 0.0, 0.0, 1, 1.0, 0, 1.0, 1.0, 0.0, 0.0, 0.0, 16.1987546188904] 0.2
[1.0, 0, 0.0, 0, 0.0, 0.0, 0, 1.0, 0.0, 0, 1.0, 1, 1, 1, 0.0, 1.0, 0.0, 0.0, 0, 0.0, 0.0, 0.0, 0.0, 1, 1.0, 0, 1, 1.0, 1.0, 0.0, 0.0, 1.0, 1, 0.0, 1, 1.0, 0.0, 0.0, 0, 16.273081293903502] 0.2
[1.0, 1, 1.0, 0, 1, 0, 0.0, 1, 0.0, 0.0, 1, 1, 0.0, 1.0, 0.0, 0, 0.0, 0, 0.0, 0, 0.0, 0, 0.0, 1.0, 1, 1.0, 0.0, 1.0, 1, 0, 0, 1.0, 1, 0, 1.0, 1, 0.0, 0.0, 0.0, 16.2060740801886] 0.2
[1, 0, 1.0, 0.0, 0.0, 0.0, 1, 1, 1, 1.0, 1.0, 0.0, 0.0, 1.0, 0.0, 0, 0.0, 0.0, 0.0, 0.0, 0.0, 0.0, 0, 1.0, 1.0, 1, 0.0, 1.0, 1.0, 0.0, 0.0, 1.0, 1.0, 0.0, 1, 1.0, 0.0, 0.0, 0.0, 16.217163532607] 0.2
[1.0, 0.0, 1.0, 0.0, 1.0, 0.0, 0.0, 1.0, 0.0, 0.0, 1.0, 1.0, 0.0, 1.0, 0, 0.0, 0.0, 0.0, 0.0, 0.0, 0.0, 0.0, 0.0, 1.0, 1.0, 1.0, 0.0, 1.0, 1.0, 0.0, 0, 1.0, 1.0, 0.0, 1.0, 0.0, 0, 1.0, 0.0, 15.599423224649598] 0.10395156839715024
[1.0, 1, 0.0, 0, 0, 0.0, 0, 1.0, 0.0, 0.0, 1, 0, 1, 1.0, 0.0, 1.0, 0.0, 0.0, 0.0, 0.0, 0.0, 0, 0.0, 1.0, 1.0, 0, 1, 1, 1.0, 0.0, 0.0, 1.0, 1.0, 0.0, 1.0, 1.0, 0, 0.0, 0, 15.6233276957332] 0.11050073855704129
[1.0, 0.0, 0.0, 0.0, 0.0, 0.0, 0.0, 1, 1.0, 0, 1.0, 0, 0.0, 1, 0.0, 0.0, 0.0, 0, 0, 1.0, 0.0, 1, 0, 1.0, 1.0, 0.0, 1.0, 1.0, 1.0, 0.0, 0.0, 1.0, 1.0, 0.0, 1.0, 1, 0, 0, 0.0, 15.6228985112257] 0.11038315376046559
[1.0, 1.0, 1.0, 0.0, 0.0, 0.0, 1.0, 1.0, 0, 1, 1.0, 0.0, 0.0, 1.0, 0.0, 0.0, 0, 0.0, 0.0, 0, 0, 0.0, 0.0, 1, 1.0, 1.0, 0.0, 1.0, 1.0, 0, 0.0, 1.0, 1.0, 0.0, 1.0, 1.0, 0.0, 0, 0.0, 16.850945398615902] 1.0
[1.0, 0.0, 0.0, 0.0, 0.0, 0.0, 0.0, 1.0, 1, 0.0, 1.0, 0.0, 0.0, 1.0, 1.0, 0.0, 0.0, 0.0, 1.0, 0, 0.0, 0.0, 0.0, 1, 1.0, 1.0, 0.0, 1.0, 1.0, 0.0, 0.0, 1.0, 1.0, 0.0, 1.0, 1.0, 0.0, 0.0, 0.0, 15.3044021839727] 0.023123886019917623
[1.0, 0, 1, 0, 1, 0.0, 0.0, 1.0, 1, 0, 1.0, 0.0, 0.0, 1.0, 0.0, 0, 0.0, 0.0, 1, 0.0, 0.0, 0.0, 0.0, 1, 1, 1.0, 0.0, 1.0, 1.0, 0.0, 0, 1.0, 1.0, 0, 1.0, 1.0, 0.0, 0.0, 0, 16.6942842723616] 0.8539650496924414
[1.0, 0.0, 0.0, 0.0, 0.0, 0.0, 0.0, 1.0, 1.0, 0.0, 1.0, 0.0, 0.0, 1.0, 0.0, 0.0, 0, 0.0, 1, 0.0, 0, 0.0, 0.0, 1.0, 1.0, 0, 1.0, 1.0, 1.0, 0, 0.0, 1.0, 0.0, 1.0, 1.0, 1.0, 0, 0.0, 0.0, 15.785919116638] 0.15504633332547968
[1.0, 0, 0.0, 0.0, 0, 0.0, 0.0, 1.0, 0.0, 0.0, 1, 1, 1, 1, 0, 1, 0.0, 0, 0.0, 0, 0.0, 0, 0.0, 1.0, 1.0, 0.0, 1, 1, 1.0, 0, 0, 1.0, 1, 0, 1.0, 1, 0, 0.0, 0.0, 16.273081293903502] 0.2
[1.0, 1.0, 1, 1.0, 0, 0.0, 0.0, 1.0, 1.0, 1.0, 1.0, 1.0, 1, 1.0, 1.0, 1.0, 1.0, 1.0, 1.0, 1.0, 1.0, 1.0, 1.0, 1.0, 1.0, 1, 0.0, 1.0, 1, 0.0, 0.0, 1.0, 0.0, 1.0, 1.0, 0.0, 0, 0.0, 1.0, 15.500715747433] 0.07690842395424666
[1, 1, 0, 0, 0, 0.0, 0, 1, 0, 0.0, 1.0, 0, 1.0, 1.0, 0.0, 0.0, 0.0, 0, 0.0, 0.0, 0.0, 0.0, 0, 1.0, 1, 0, 1.0, 1.0, 1.0, 0, 0, 1, 1, 0.0, 1.0, 0, 0.0, 0.0, 1.0, 15.5677086944519] 0.09526265601421921
[1, 0.0, 0.0, 0, 0.0, 0.0, 0.0, 1.0, 0.0, 0.0, 1.0, 0, 0.0, 1.0, 0, 0.0, 0.0, 0.0, 0.0, 0.0, 0, 0.0, 0.0, 1, 1.0, 1.0, 0.0, 1.0, 1.0, 0.0, 0.0, 1.0, 0.0, 1, 1.0, 0.0, 1.0, 0.0, 0.0, 15.292336668622902] 0.0198182653761373
[1.0, 0.0, 1.0, 0.0, 0.0, 0.0, 1.0, 1.0, 0.0, 0.0, 1.0, 0.0, 0.0, 1.0, 0.0, 0.0, 1.0, 1, 0, 0.0, 0.0, 0.0, 0.0, 1.0, 1, 1.0, 0.0, 1.0, 1.0, 0.0, 0, 1.0, 1.0, 0.0, 1.0, 1.0, 0.0, 0.0, 0.0, 16.493419593821002] 0.4075990973800068
[1.0, 0.0, 1.0, 0.0, 0.0, 1.0, 0.0, 1.0, 0.0, 0.0, 1.0, 0.0, 0.0, 1.0, 0.0, 0.0, 0.0, 0.0, 0.0, 0.0, 0.0, 0.0, 1.0, 1.0, 1.0, 1.0, 0.0, 1.0, 1, 0.0, 0.0, 1.0, 0.0, 1.0, 1.0, 1.0, 0.0, 0.0, 0.0, 15.5320829015845] 0.08550216481767131
[1.0, 0.0, 1, 1, 0, 0.0, 0.0, 1, 0, 0.0, 1, 0.0, 0.0, 1.0, 0, 0.0, 0.0, 0.0, 0.0, 0, 0, 0.0, 0.0, 1, 1.0, 1.0, 0.0, 1.0, 1.0, 0.0, 0, 1.0, 1.0, 0.0, 1, 0.0, 0.0, 0, 1, 15.307192209207] 0.02388827649506857
