[1, 1, 0, 1, 1, 0, 0.0, 0.0, 1.0, 0, 1, 0, 256, 10.0, 422061.4] 0.9310207272727273
[1.0, 0.0, 1.0, 0, 1.0, 0.0, 0.0, 0.0, 0.0, 1.0, 1, 40.0, 1024, 10, 303744.6] 0.7537446
[1.0, 1.0, 1, 1, 1, 0.0, 0.0, 0, 1, 0, 1, 10, 1, 10, 420522.8] 0.9282232727272727
[1.0, 1, 1, 1.0, 1, 0.0, 0.0, 0, 1, 0, 0, 0, 128, 10.0, 422401.4] 0.9316389090909092
[1, 1, 1, 1, 1, 0.0, 0, 0, 1.0, 0.0, 0, 0, 128, 10, 422401.4] 0.9316389090909092
[1, 0, 1, 1.0, 1.0, 0.0, 0.0, 0.0, 1, 0, 1.0, 0, 1, 10, 424574.6] 0.9355901818181818
[1.0, 1, 1.0, 1, 1, 0.0, 0.0, 0, 1.0, 0.0, 0.0, 0.0, 128.0, 10.0, 422401.4] 0.9316389090909092
[1.0, 0, 1.0, 1, 1, 0, 1.0, 0.0, 0.0, 0.0, 0.0, 0.0, 4.0, 8.0, 132074.2] 0.3777793388429754
[1, 1, 0.0, 1.0, 1.0, 0.0, 0.0, 0.0, 1, 0, 1.0, 0, 256, 10.0, 422061.4] 0.9310207272727273
[1, 0, 0.0, 0.0, 1.0, 0, 0, 0.0, 0.0, 1.0, 1.0, 30, 64, 10, 303752.2] 0.7537522000000001
[1.0, 1.0, 1, 1, 1, 0, 0.0, 0, 1, 0, 0, 0, 2, 10, 421697.4] 0.9303589090909091
[1, 0, 1.0, 1.0, 1.0, 0.0, 0.0, 0.0, 1.0, 0.0, 1, 0, 1, 10.0, 424574.6] 0.9355901818181818
[1, 0, 1.0, 1, 1.0, 0.0, 0.0, 0, 1, 0.0, 1.0, 80, 1.0, 10.0, 420620.2] 0.9284003636363637
[1, 0, 0, 1.0, 1.0, 0.0, 0.0, 0, 1, 0.0, 0.0, 0, 8, 10.0, 422061.6] 0.9310210909090909
[1.0, 1, 0.0, 1.0, 1.0, 0.0, 0, 0.0, 1, 0.0, 1.0, 40, 1.0, 10.0, 421557.6] 0.9301047272727272
[1, 1.0, 0.0, 1.0, 1, 1.0, 0.0, 0.0, 0.0, 0.0, 0.0, 0.0, 4.0, 8.0, 131960.2] 0.37636611570247946
[1, 1.0, 0.0, 0.0, 1, 0.0, 0, 0.0, 0, 1.0, 0, 40.0, 512, 10, 305319.4] 0.7553194000000001
[1, 1.0, 0, 1, 1, 0.0, 0.0, 0, 1, 0.0, 1, 0.0, 256, 10, 422061.4] 0.9310207272727273
[1, 0.0, 1, 0, 1, 0.0, 0.0, 0.0, 0, 1.0, 1.0, 40, 1024.0, 10, 303744.6] 0.7537446
[1, 1, 1, 1.0, 1.0, 0, 0, 0, 1, 0, 0, 0, 128, 10.0, 422401.4] 0.9316389090909092
[1, 1, 1, 1, 1, 0, 0, 0.0, 1.0, 0.0, 1, 0, 1024, 10, 422269.6] 0.9313992727272726
[1, 0.0, 1.0, 1, 1, 0, 0.0, 0, 1.0, 0.0, 1.0, 0, 1, 10, 424574.6] 0.9355901818181818
[1, 0, 1.0, 1.0, 1, 0.0, 0, 0.0, 1, 0, 1, 0.0, 1, 10.0, 424574.6] 0.9355901818181818
[1.0, 0, 1.0, 1.0, 1.0, 0, 0, 0.0, 1.0, 0, 1, 0, 8.0, 10.0, 421033.0] 0.9291509090909091
[1, 0.0, 0, 1, 1.0, 0, 0.0, 0.0, 1, 0, 0, 0, 8, 10.0, 422061.6] 0.9310210909090909
[1, 1, 1, 1.0, 1.0, 0.0, 0, 0.0, 1.0, 0.0, 0.0, 0, 128, 10.0, 422401.4] 0.9316389090909092
[1.0, 0, 0, 1, 1.0, 0, 0, 0, 1, 0.0, 1, 0, 16, 10.0, 421936.6] 0.9307938181818182
[1, 1, 0.0, 1, 1, 0.0, 0.0, 0.0, 1, 0, 0, 0, 8, 10, 421809.2] 0.9305621818181818
[1.0, 0, 1, 1.0, 1, 0.0, 0.0, 0.0, 1, 0, 1, 0, 1, 10.0, 424574.6] 0.9355901818181818
[1, 1, 1, 1, 1, 0, 0, 0.0, 0.0, 1.0, 0, 100, 512, 10.0, 303810.0] 0.7538100000000001
