[1.0, 0, 0.0, 0, 1.0, 0, 0.0, 0.0, 0.0, 1.0, 1, 40.0, 512.0, 10.0, 303522.4] 0.7535224
[1.0, 0.0, 0.0, 1, 1.0, 0.0, 0.0, 0.0, 0.0, 1.0, 0, 90.0, 512, 10.0, 303691.4] 0.7536914000000001
[1.0, 1.0, 1.0, 1.0, 1, 0.0, 0, 0, 0.0, 1.0, 0, 60.0, 4096, 10.0, 304027.8] 0.7540278
[1.0, 1, 1.0, 1.0, 1.0, 0.0, 0, 0.0, 1.0, 0.0, 0.0, 0, 64, 10.0, 421857.4] 0.9306498181818182
[1.0, 0, 0.0, 1, 1.0, 0.0, 0.0, 0.0, 0.0, 1.0, 1, 40, 128.0, 10, 303477.4] 0.7534774000000001
[1, 1, 1.0, 1, 1.0, 0.0, 1, 0.0, 0.0, 0.0, 0, 0, 2.0, 10.0, 131955.8] 0.3763115702479337
[1.0, 1.0, 0.0, 1.0, 1.0, 0.0, 0.0, 0, 1.0, 0.0, 1.0, 0, 64.0, 10.0, 421808.8] 0.9305614545454546
[1, 1.0, 0, 0, 1, 0.0, 0, 0.0, 0.0, 1, 1, 80, 16, 10, 302888.2] 0.7528882
[1.0, 0, 0.0, 1.0, 1, 0, 0.0, 0.0, 1, 0, 0, 0, 8, 10.0, 422061.6] 0.9310210909090909
[1, 1, 0, 1.0, 1, 0.0, 0.0, 0.0, 1, 0.0, 0.0, 40, 1, 10, 420743.8] 0.928625090909091
[1, 0.0, 0.0, 1.0, 1, 0, 0, 0, 1, 0.0, 1.0, 100, 64.0, 10.0, 416715.6] 0.9213010909090908
[1.0, 1.0, 1.0, 1.0, 1, 0.0, 0.0, 0.0, 1, 0, 0, 40, 2, 10.0, 418006.8] 0.9236487272727273
[1.0, 1, 1.0, 1.0, 1.0, 0.0, 0, 0.0, 1.0, 0.0, 0, 0, 4, 10.0, 421499.4] 0.9299989090909091
[1, 1, 0.0, 1.0, 1.0, 0, 0, 0.0, 1, 0.0, 1, 20, 1, 10, 419813.2] 0.9269330909090909
[1.0, 1, 1.0, 0.0, 1.0, 0.0, 0.0, 0.0, 0.0, 1.0, 1.0, 40, 128, 10.0, 303078.2] 0.7530782
[1.0, 0.0, 0.0, 1, 1.0, 0, 1.0, 0.0, 0.0, 0, 1.0, 0.0, 1, 10, 131885.6] 0.37544132231404964
[1, 1.0, 0.0, 1, 1, 0.0, 0, 0.0, 1.0, 0.0, 1, 0.0, 256, 10.0, 422061.4] 0.9310207272727273
[1.0, 0, 0.0, 1, 1.0, 0.0, 0.0, 0.0, 0.0, 1.0, 1, 60, 4096, 10, 304407.4] 0.7544074000000001
[1, 0, 1, 0, 1.0, 0.0, 0, 0.0, 0, 1, 1.0, 30, 32, 10.0, 302212.0] 0.752212
[1, 1, 0, 1.0, 1.0, 0.0, 0.0, 0, 0.0, 1, 0, 100, 256, 10.0, 303350.0] 0.7533500000000001
[1.0, 1, 1.0, 1, 1.0, 0, 0.0, 0.0, 1, 0, 0.0, 0, 64, 10.0, 421857.4] 0.9306498181818182
[1, 1, 0.0, 1.0, 1.0, 0, 0.0, 0.0, 1, 0.0, 1, 0, 256, 10.0, 422061.4] 0.9310207272727273
[1, 0, 0.0, 1, 1.0, 0, 0.0, 0.0, 1, 0, 0, 60, 1, 10.0, 420801.0] 0.928729090909091
[1.0, 0.0, 1, 0.0, 1, 0.0, 0.0, 0.0, 0.0, 1.0, 1.0, 30, 128, 10.0, 302625.4] 0.7526254000000001
[1, 1.0, 1, 1.0, 1.0, 0, 0.0, 0.0, 1.0, 0.0, 0.0, 0, 64, 10.0, 421857.4] 0.9306498181818182
[1, 1.0, 0.0, 1, 1, 0, 0, 0.0, 1, 0, 0.0, 0, 1.0, 10.0, 421349.8] 0.929726909090909
[1, 1.0, 0, 1.0, 1.0, 0.0, 0.0, 0.0, 1, 0, 1, 40, 1.0, 10, 421557.6] 0.9301047272727272
[1.0, 1, 1.0, 1, 1.0, 0, 0.0, 0.0, 1.0, 0.0, 0, 10.0, 1, 10.0, 420823.8] 0.9287705454545454
[1.0, 0.0, 1, 1.0, 1.0, 0, 1.0, 0.0, 0, 0.0, 0, 0, 512, 8, 132003.4] 0.3769016528925619
[1.0, 0.0, 1, 1.0, 1.0, 0.0, 1, 0.0, 0.0, 0.0, 0.0, 0.0, 4, 8.0, 132074.2] 0.3777793388429754
