[1. 0. 0. 0. 0. 0. 0. 1. 1. 0. 1. 0. 0. 1. 0. 1. 0. 0. 0. 0. 0. 0. 0. 1.
 1. 0. 1. 1. 1. 0. 0. 1. 0. 1. 1. 1. 0. 0. 0.] 0.3
[1. 0. 1. 0. 1. 0. 0. 1. 0. 0. 1. 0. 0. 1. 0. 0. 0. 0. 1. 0. 0. 1. 0. 1.
 1. 1. 0. 1. 1. 0. 0. 1. 1. 0. 1. 1. 0. 0. 0.] 0.7218313845982767
[1. 0. 0. 0. 0. 0. 0. 1. 0. 0. 1. 0. 0. 1. 0. 0. 1. 0. 0. 0. 1. 0. 0. 1.
 1. 0. 1. 1. 1. 0. 0. 1. 0. 1. 1. 1. 0. 0. 0.] 0.3
[1. 1. 0. 0. 0. 0. 0. 1. 0. 0. 1. 1. 0. 1. 0. 0. 0. 0. 0. 0. 1. 0. 0. 1.
 1. 1. 0. 1. 1. 0. 0. 1. 1. 0. 1. 1. 0. 0. 0.] 0.2835811978835
[1. 0. 1. 0. 1. 0. 0. 1. 0. 0. 1. 1. 0. 1. 0. 1. 0. 0. 0. 0. 0. 0. 0. 1.
 1. 0. 1. 1. 1. 0. 0. 1. 1. 0. 1. 1. 0. 0. 0.] 0.3
[1. 0. 1. 0. 0. 0. 1. 1. 0. 0. 1. 0. 0. 1. 0. 0. 1. 0. 0. 0. 0. 1. 0. 1.
 1. 1. 0. 1. 1. 0. 0. 1. 1. 0. 1. 1. 0. 0. 0.] 0.6574395874968886
[1. 0. 1. 0. 0. 1. 0. 1. 0. 1. 1. 0. 0. 1. 0. 0. 0. 0. 0. 0. 0. 0. 1. 1.
 1. 1. 0. 1. 1. 0. 0. 1. 1. 0. 1. 1. 0. 0. 0.] 0.4202260964515003
[1. 1. 0. 0. 0. 0. 0. 1. 0. 0. 1. 0. 0. 1. 1. 0. 0. 0. 0. 0. 0. 0. 0. 1.
 1. 0. 1. 1. 1. 0. 0. 1. 1. 0. 1. 0. 0. 1. 0.] 0.4092235675382772
[1. 0. 0. 0. 0. 0. 0. 1. 0. 0. 1. 1. 1. 1. 0. 0. 0. 0. 0. 0. 0. 0. 0. 1.
 1. 0. 1. 1. 0. 0. 1. 1. 1. 0. 1. 1. 0. 0. 0.] 0.41484987100844384
[1. 1. 1. 0. 0. 0. 1. 1. 0. 0. 1. 0. 0. 1. 0. 0. 0. 1. 0. 0. 0. 0. 0. 1.
 1. 1. 0. 1. 1. 0. 0. 1. 1. 0. 1. 1. 0. 0. 0.] 0.4252992654456667
[1. 0. 0. 0. 0. 0. 0. 1. 0. 1. 1. 0. 0. 1. 0. 0. 0. 1. 1. 0. 0. 0. 0. 1.
 1. 0. 1. 1. 1. 0. 0. 1. 1. 0. 1. 1. 0. 0. 0.] 0.7821863500948307
[1. 1. 1. 0. 1. 0. 0. 1. 0. 0. 1. 0. 0. 1. 0. 0. 0. 0. 1. 0. 0. 0. 0. 1.
 1. 1. 0. 1. 1. 0. 0. 1. 1. 0. 1. 1. 0. 0. 0.] 0.626098168662832
[1. 0. 1. 0. 0. 1. 0. 1. 0. 0. 1. 0. 0. 1. 0. 0. 0. 0. 0. 1. 0. 0. 0. 1.
 1. 0. 1. 1. 1. 0. 0. 1. 0. 1. 1. 1. 0. 0. 0.] 0.2932610034619003
[1. 0. 1. 0. 0. 1. 0. 1. 0. 0. 1. 0. 0. 1. 0. 0. 0. 0. 0. 0. 0. 0. 0. 1.
 1. 0. 1. 1. 0. 1. 0. 1. 1. 0. 1. 0. 0. 0. 1.] 0.5484130400327214
[1. 0. 1. 0. 1. 0. 0. 1. 1. 0. 1. 0. 0. 1. 0. 0. 0. 0. 0. 0. 0. 0. 1. 1.
 1. 1. 0. 1. 1. 0. 0. 1. 1. 0. 1. 1. 0. 0. 0.] 0.7234584919867753
[1. 1. 1. 0. 0. 0. 1. 1. 1. 0. 1. 0. 0. 1. 0. 0. 0. 0. 0. 0. 0. 0. 0. 1.
 1. 1. 0. 1. 1. 0. 0. 1. 1. 0. 1. 1. 0. 0. 0.] 0.5365790722838881
[1. 0. 1. 0. 0. 1. 0. 1. 0. 1. 1. 0. 0. 1. 0. 1. 0. 0. 0. 0. 0. 0. 0. 1.
 1. 1. 0. 1. 1. 0. 0. 1. 1. 0. 1. 1. 0. 0. 0.] 0.5830333013367768
[1. 0. 1. 0. 0. 0. 1. 1. 0. 0. 1. 0. 0. 1. 1. 0. 0. 0. 0. 0. 0. 1. 0. 1.
 1. 1. 0. 1. 1. 0. 0. 1. 1. 0. 1. 1. 0. 0. 0.] 0.3548453275037225
[1. 0. 1. 0. 0. 0. 1. 1. 0. 0. 1. 0. 0. 1. 0. 0. 1. 0. 0. 0. 1. 0. 0. 1.
 1. 1. 0. 1. 1. 0. 0. 1. 1. 0. 1. 1. 0. 0. 0.] 0.7430966265710538
[1. 0. 1. 0. 0. 0. 1. 1. 0. 0. 1. 0. 0. 1. 1. 0. 0. 0. 0. 0. 0. 0. 0. 1.
 1. 1. 0. 1. 1. 0. 0. 1. 1. 0. 1. 0. 0. 1. 0.] 0.43804878477444326
[1. 0. 1. 0. 1. 0. 0. 1. 0. 0. 1. 0. 0. 1. 0. 0. 1. 0. 0. 0. 0. 1. 0. 1.
 1. 1. 0. 1. 1. 0. 0. 1. 1. 0. 1. 1. 0. 0. 0.] 0.4431374574217779
[1. 1. 1. 0. 1. 0. 0. 1. 0. 0. 1. 0. 0. 1. 0. 0. 0. 0. 0. 0. 0. 0. 0. 1.
 1. 1. 0. 1. 1. 0. 0. 1. 1. 0. 1. 0. 0. 0. 1.] 0.5505443532821108
[1. 0. 1. 0. 1. 0. 0. 1. 0. 0. 1. 0. 0. 1. 0. 0. 0. 0. 1. 0. 0. 0. 0. 1.
 1. 1. 0. 1. 1. 0. 0. 1. 1. 0. 1. 0. 0. 1. 0.] 0.6316588899753326
[1. 0. 1. 0. 0. 0. 1. 1. 0. 0. 1. 0. 0. 1. 1. 0. 0. 1. 0. 0. 0. 0. 0. 1.
 1. 1. 0. 1. 1. 0. 0. 1. 1. 0. 1. 1. 0. 0. 0.] 0.4824261705464446
[1.         0.04750311 0.94797139 0.         1.         0.10720541
 0.         1.         0.         0.         0.87298812 0.
 0.         0.74934111 1.         0.64425379 0.32529514 0.15130663
 0.         0.39480179 0.         0.17771591 0.         1.
 1.         1.         0.         1.         0.98996812 0.
 0.         0.79313701 1.         0.         0.84313026 1.
 0.13313807 0.32746241 0.        ] 0.44400092794866675
[1. 0. 1. 0. 0. 0. 1. 1. 0. 0. 1. 1. 0. 1. 0. 0. 0. 0. 0. 0. 0. 0. 0. 1.
 1. 1. 0. 1. 1. 0. 0. 1. 1. 0. 1. 0. 0. 0. 1.] 0.8000681626950543
[1. 0. 0. 0. 0. 0. 0. 1. 0. 0. 1. 0. 0. 1. 1. 0. 0. 0. 0. 0. 0. 1. 0. 1.
 1. 0. 1. 1. 1. 0. 0. 1. 0. 1. 1. 1. 0. 0. 0.] 0.3
[1. 0. 0. 0. 0. 0. 0. 1. 0. 1. 1. 0. 0. 1. 0. 0. 1. 0. 0. 0. 0. 1. 0. 1.
 1. 0. 1. 1. 1. 0. 0. 1. 1. 0. 1. 1. 0. 0. 0.] 0.8498781347906099
[1. 0. 1. 0. 1. 0. 0. 1. 0. 0. 1. 1. 0. 1. 0. 0. 0. 0. 0. 0. 0. 1. 0. 1.
 1. 1. 0. 1. 1. 0. 0. 1. 1. 0. 1. 1. 0. 0. 0.] 0.35362107374038904
[1. 0. 1. 0. 0. 0. 1. 1. 1. 0. 1. 0. 0. 1. 0. 0. 0. 0. 0. 0. 1. 0. 0. 1.
 1. 1. 0. 1. 1. 0. 0. 1. 1. 0. 1. 1. 0. 0. 0.] 0.4788638854431664
