[ 0.  0.  0.  1.  0.  0.  1.  0.  1.  1.  0.  0.  0.  1.  0.  0.  0. 90.] 0
[ 0.  1.  0.  1.  0.  1.  0.  0.  0.  0.  0.  1.  1.  1.  0.  1.  0. 10.] 0
[ 0.  0.  1.  1.  0.  1.  0.  0.  0.  0.  0.  0.  0.  0.  0.  0.  1. 10.] 0
[ 0.  0.  0.  1.  0.  1.  1.  0.  0.  0.  0.  1.  0.  1.  1.  1.  0. 10.] 0
[ 0.  0.  1.  1.  0.  1.  0.  0.  0.  0.  0.  1.  0.  1.  0.  1.  0. 10.] 0.3647058823529409
[ 0.  0.  1.  1.  0.  1.  1.  0.  0.  1.  0.  1.  1.  1.  0.  0.  0. 10.] 0.34117647058823547
[ 0.  0.  0.  1.  0.  1.  1.  0.  0.  0.  0.  1.  1.  0.  1.  1.  0. 10.] 0
[ 0.  0.  0.  1.  0.  1.  1.  0.  0.  1.  0.  1.  1.  1.  0.  0.  0. 10.] 0
[ 0.  0.  0.  1.  0.  0.  1.  0.  0.  0.  0.  1.  1.  1.  0.  1.  0. 10.] 0
[ 0.  0.  0.  1.  0.  1.  0.  0.  0.  0.  0.  0.  0.  1.  0.  0.  1. 90.] 0
[ 0.  0.  0.  1.  0.  0.  1.  0.  1.  0.  0.  0.  1.  1.  0.  1.  0. 10.] 0
[ 0.  0.  1.  1.  0.  0.  0.  0.  0.  0.  0.  1.  0.  1.  0.  1.  0. 10.] 0.09411764705882365
[ 0.  0.  0.  1.  0.  0.  1.  0.  0.  1.  0.  1.  1.  1.  1.  0.  0. 10.] 0
[ 0.  0.  0.  1.  0.  1.  0.  0.  0.  1.  0.  1.  1.  0.  1.  0.  0. 10.] 0
[ 0.  0.  0.  1.  0.  1.  1.  0.  0.  0.  0.  1.  0.  0.  1.  0.  1. 10.] 0
[ 0.  0.  0.  1.  0.  1.  1.  0.  0.  0.  0.  1.  1.  1.  0.  1.  0. 10.] 0
[ 0.  0.  0.  1.  0.  0.  0.  0.  0.  0.  0.  1.  1.  1.  1.  1.  0. 10.] 0
[ 0.  0.  0.  0.  1.  0.  1.  0.  0.  0.  0.  1.  1.  0.  1.  1.  0. 10.] 0
[ 0.  0.  0.  1.  0.  0.  1.  0.  0.  1.  0.  1.  1.  0.  1.  0.  0. 10.] 0
[ 0.  0.  0.  1.  0.  0.  1.  0.  0.  1.  0.  1.  0.  1.  1.  0.  0. 10.] 0.058823529411764525
[ 0.  0.  0.  1.  0.  0.  1.  0.  1.  0.  0.  1.  1.  0.  0.  1.  0. 10.] 0
[ 0.  0.  1.  1.  0.  0.  1.  0.  0.  0.  0.  1.  0.  1.  0.  0.  1. 10.] 0
[ 0.  0.  1.  0.  0.  0.  1.  0.  0.  0.  1.  0.  0.  0.  0.  1.  0. 10.] 0
[ 0.  0.  0.  1.  0.  0.  1.  0.  0.  0.  0.  1.  1.  1.  1.  1.  0. 10.] 0
[ 0.  0.  1.  1.  0.  1.  0.  0.  0.  1.  0.  0.  0.  0.  0.  0.  0. 10.] 0
[ 0.  0.  0.  1.  0.  1.  0.  0.  1.  0.  0.  0.  0.  0.  0.  1.  0. 10.] 0
[ 0.  0.  1.  1.  0.  0.  1.  0.  0.  0.  0.  1.  0.  0.  0.  0.  1. 10.] 0
[ 0.  0.  0.  1.  0.  1.  0.  0.  0.  0.  0.  1.  1.  0.  1.  1.  0. 10.] 0
[ 0.  0.  1.  1.  0.  1.  1.  0.  0.  0.  0.  0.  1.  0.  0.  0.  1. 10.] 0
[ 0.  0.  0.  1.  0.  0.  0.  0.  1.  0.  0.  1.  1.  1.  0.  0.  1. 10.] 0
