[1, 0, 1.0, 1, 1.0, 0, 0.0, 0, 1.0, 0.0, 1, 0, 1, 10.0, 424574.6] 0.9982983999999999
[1.0, 0, 1, 1, 1, 0.0, 0, 0.0, 1, 0, 1, 0, 1024, 10.0, 422519.2] 0.9900768
[1, 1.0, 1.0, 1.0, 1.0, 0.0, 0.0, 0, 0.0, 1, 1.0, 50, 1024, 10.0, 304187.8] 0.5167512
[1.0, 0.0, 1, 1, 1, 0, 0, 0, 1, 0, 1, 0, 1024, 10.0, 422519.2] 0.9900768
[1, 1, 1.0, 0, 1.0, 0.0, 0, 0.0, 0.0, 1, 0, 30, 64.0, 10.0, 303385.0] 0.51354
[1.0, 0.0, 0.0, 1, 1, 0, 0.0, 0.0, 1, 0, 1.0, 0.0, 16, 10, 421936.6] 0.9877463999999999
[1, 0, 1, 0, 1.0, 0.0, 0.0, 0.0, 0.0, 1.0, 1, 100, 4096, 10.0, 303869.6] 0.5154783999999999
[1, 0, 1, 1.0, 1.0, 0, 0.0, 0.0, 1, 0, 0.0, 100.0, 2048, 10, 416963.4] 0.9678536000000001
[1, 0, 1.0, 0, 1, 0.0, 0.0, 0.0, 0.0, 1.0, 0, 60, 256, 10.0, 304798.6] 0.5191944
[1, 1, 1, 1.0, 1, 0.0, 0, 0.0, 1, 0, 0, 0, 128, 10.0, 422401.4] 0.9896056000000001
[1, 1, 0, 1.0, 1, 0, 1.0, 0.0, 0, 0.0, 1, 0, 4096, 8.0, 132000.8] 0.21800386067981536
[1.0, 0.0, 1, 1.0, 1.0, 0, 0, 0.0, 1.0, 0, 1.0, 0, 1, 10.0, 424574.6] 0.9982983999999999
[1, 1.0, 1, 1.0, 1, 0, 0.0, 0.0, 1.0, 0, 0, 0, 128, 10.0, 422401.4] 0.9896056000000001
[1, 0.0, 0, 0.0, 1.0, 0, 0.0, 0, 0.0, 1.0, 1, 30, 64, 10, 303752.2] 0.5150088
[1, 1, 0, 0.0, 1.0, 0.0, 0, 0.0, 0.0, 1.0, 0.0, 40, 512.0, 10, 305319.4] 0.5212776000000001
[1.0, 1, 0.0, 1.0, 1, 0.0, 0.0, 0.0, 1.0, 0.0, 1.0, 90.0, 2, 10.0, 421820.2] 0.9872808000000001
[1.0, 1, 0, 1, 1, 0.0, 0.0, 0, 1, 0, 1, 0, 32, 10, 422006.6] 0.9880263999999999
[1.0, 0, 1, 0.0, 1.0, 0.0, 0, 0, 0.0, 1, 1, 40, 1024, 10.0, 303744.6] 0.5149784
[1.0, 1, 0.0, 1, 1, 0.0, 0, 0, 1, 0, 1, 90, 2, 10.0, 421820.2] 0.9872808000000001
[1, 0, 1, 1, 1, 0, 0, 0, 1.0, 0, 1, 0, 1, 10, 424574.6] 0.9982983999999999
[1, 0.0, 1.0, 0.0, 1.0, 0, 0, 0.0, 0.0, 1, 0, 80, 64, 10.0, 303251.6] 0.5130063999999999
[1.0, 1.0, 0, 0, 1.0, 0, 0, 0, 0, 1, 0.0, 40, 512, 10.0, 305319.4] 0.5212776000000001
[1, 0, 1, 1.0, 1, 0, 0.0, 0, 1, 0, 0.0, 0, 2048, 10, 422252.6] 0.9890104
[1, 1, 0, 1, 1, 0, 0.0, 0.0, 1.0, 0.0, 0, 0, 64, 10.0, 421624.0] 0.986496
[1, 0, 1, 1.0, 1, 0.0, 0, 0, 1.0, 0, 0, 0, 2048, 10.0, 422252.6] 0.9890104
[1.0, 0, 0.0, 1, 1, 0, 0, 0, 1, 0, 0.0, 0.0, 8, 10.0, 422061.6] 0.9882464
[1, 1, 0, 1, 1, 0, 0, 0.0, 1, 0, 1, 40, 1, 10, 421557.6] 0.9862304
[1, 1.0, 0, 1, 1.0, 0.0, 0.0, 0, 1, 0, 1, 40, 1, 10.0, 421557.6] 0.9862304
[1.0, 1.0, 0.0, 0.0, 1, 0.0, 0.0, 0.0, 0.0, 1.0, 1.0, 20.0, 2048.0, 10.0, 302602.4] 0.5104096000000001
[1, 1.0, 1, 1.0, 1.0, 0, 0, 0, 0, 1, 0, 60, 2048, 10, 301641.6] 0.5065663999999999
