[0.0, 0.0, 0.0, 1.0, 0.0, 1, 1.0, 0.0, 1.0, 0.0, 0.0, 0.0, 1.0, 1, 0.0, 0.0, 1.0, 10.0, 4.83] 0.20930232558139536
[0.0, 0.0, 0.0, 1.0, 0.0, 1.0, 1.0, 0.0, 0.0, 0.0, 0.0, 1.0, 1.0, 1.0, 1, 1.0, 0.0, 10.0, 7.25] 0.8872093023255814
[0.0, 0, 0.0, 1.0, 0.0, 1, 1.0, 0.0, 0.0, 1.0, 0.0, 1.0, 0, 1, 1, 0.0, 0.0, 10.0, 7.71] 0.9406976744186046
[0.0, 0.0, 1, 1.0, 0.0, 1.0, 1, 0.0, 0.0, 0.0, 0.0, 1.0, 0.0, 1, 0.0, 0, 1.0, 10.0, 7.95] 0.9686046511627907
[0.0, 0.0, 0.0, 1.0, 0.0, 1.0, 1.0, 0.0, 0.0, 1.0, 0.0, 0.0, 0, 1.0, 0.0, 0.0, 0.0, 10.0, 5.06] 0.2271317829457364
[0.0, 0.0, 0.0, 1.0, 0.0, 0.0, 0, 0.0, 0.0, 1.0, 0.0, 0, 0, 1.0, 1.0, 0.0, 0.0, 10.0, 7.39] 0.9034883720930232
[0.0, 0.0, 1.0, 1.0, 0.0, 0.0, 1.0, 0.0, 0.0, 0.0, 0.0, 1.0, 1.0, 1.0, 0.0, 0.0, 1.0, 10.0, 7.71] 0.9406976744186046
[0.0, 0.0, 1.0, 1.0, 0.0, 0.0, 1.0, 0.0, 0.0, 0.0, 0.0, 0, 1.0, 1.0, 0.0, 1.0, 0.0, 10, 7.05] 0.863953488372093
[0.0, 0.0, 0.0, 1.0, 0.0, 1, 1.0, 0.0, 0.0, 0.0, 0.0, 0.0, 1.0, 1.0, 1.0, 1.0, 0.0, 10.0, 6.93] 0.85
[0.0, 0.0, 0.0, 1.0, 0.0, 0, 0.0, 0.0, 0.0, 0.0, 0.0, 1.0, 0, 1.0, 0.0, 0, 1.0, 10.0, 5.44] 0.25658914728682175
[0.0, 0.0, 1.0, 1.0, 0, 0.0, 0.0, 0.0, 0.0, 0.0, 0.0, 1.0, 0.0, 1.0, 0.0, 0.0, 1.0, 10.0, 7.61] 0.9290697674418604
[0.0, 0.0, 0.0, 1.0, 0.0, 1.0, 0.0, 0.0, 1.0, 0.0, 0.0, 0.0, 1.0, 1.0, 0.0, 1.0, 0.0, 10.0, 5.23] 0.24031007751937988
[0.0, 0.0, 1.0, 1, 0.0, 1.0, 1.0, 0.0, 0.0, 1.0, 0, 1.0, 1.0, 1.0, 0.0, 0.0, 0.0, 10.0, 7.54] 0.9209302325581394
[0, 0.0, 1, 1.0, 0.0, 0.0, 0, 0.0, 0.0, 0.0, 0.0, 1.0, 0, 1.0, 0, 0.0, 1.0, 10, 7.61] 0.9290697674418604
[0.0, 1.0, 0.0, 1.0, 0, 1, 1.0, 0.0, 0.0, 0.0, 0.0, 1.0, 1.0, 1.0, 0.0, 1, 0.0, 10.0, 5.18] 0.23643410852713173
[0.0, 0.0, 0.0, 1.0, 0.0, 0, 1.0, 0.0, 1.0, 1.0, 0.0, 1.0, 1.0, 1.0, 0.0, 0.0, 0.0, 10, 5.29] 0.2449612403100775
[0.0, 0.0, 0.0, 1.0, 0.0, 1.0, 1.0, 0.0, 0.0, 0.0, 0.0, 1.0, 0.0, 1.0, 1.0, 0.0, 1.0, 10.0, 7.13] 0.8732558139534884
[0.0, 0.0, 0.0, 1.0, 0, 1.0, 0.0, 0.0, 1.0, 1.0, 0.0, 1, 0.0, 1.0, 0.0, 0.0, 0.0, 10.0, 4.96] 0.21937984496124033
[0.0, 0, 1, 1, 0.0, 1.0, 0.0, 0.0, 0, 0.0, 0, 1.0, 0, 1.0, 0.0, 1, 0.0, 10.0, 7.77] 0.9476744186046511
[0.0, 0.0, 1.0, 1, 0.0, 0, 1, 0, 0, 1.0, 0.0, 0.0, 1.0, 1, 0.0, 0.0, 0.0, 10.0, 7.2] 0.8813953488372093
[0.0, 0.0, 0.0, 1.0, 0, 1.0, 0.0, 0.0, 0.0, 0.0, 0.0, 1.0, 0, 0.0, 1.0, 0.0, 1.0, 10.0, 6.11] 0.4100000000000003
[0.0, 0.0, 0.0, 1.0, 0.0, 0.0, 1.0, 0.0, 0.0, 0.0, 0.0, 1.0, 0.0, 0.0, 1.0, 0.0, 1.0, 10.0, 6.31] 0.6099999999999997
[0.0, 0.0, 1, 1.0, 0.0, 0.0, 1.0, 0.0, 0.0, 0.0, 0.0, 0.0, 1.0, 1.0, 0.0, 0.0, 1, 10.0, 7.41] 0.9058139534883721
[0.0, 0.0, 0.0, 1.0, 0.0, 0, 0.0, 0.0, 1.0, 0, 0.0, 1.0, 0, 1, 0.0, 1, 0.0, 10.0, 5.34] 0.24883720930232556
[0.0, 0.0, 1.0, 1.0, 0.0, 0.0, 1.0, 0.0, 0.0, 0.0, 0.0, 0.0, 0.0, 0.0, 0.0, 0.0, 1.0, 10.0, 6.47] 0.7699999999999998
[0.0, 0.0, 0.0, 1.0, 0.0, 1.0, 0, 0.0, 0.0, 0.0, 0.0, 0.0, 0.0, 0.0, 1.0, 0.0, 1.0, 10.0, 5.99] 0.2992248062015504
[0.0, 0.0, 1.0, 1.0, 0.0, 1.0, 1.0, 0.0, 0.0, 0.0, 0, 0.0, 0.0, 1, 0.0, 1.0, 0.0, 10.0, 7.25] 0.8872093023255814
[0.0, 0.0, 0.0, 1.0, 0, 0.0, 0.0, 0.0, 0.0, 0.0, 0.0, 1.0, 0.0, 1.0, 0.0, 0.0, 1, 10.0, 5.44] 0.25658914728682175
[0.0, 0.0, 1, 1, 0, 0, 1, 0.0, 0.0, 0.0, 0.0, 0.0, 0.0, 0.0, 0, 0.0, 1.0, 10.0, 6.47] 0.7699999999999998
[0.0, 0, 0.0, 1.0, 0.0, 1.0, 1.0, 0.0, 1.0, 1.0, 0.0, 1.0, 1.0, 1.0, 0.0, 0.0, 0.0, 10.0, 5.13] 0.2325581395348837
