[0, 1, 1, 1, 1, 1.0, 1.0, 0, 0, 0.0, 0.0, 1.0, 171.5690527] 0.9998239410872308
[0.0, 1.0, 1.0, 1.0, 1.0, 1.0, 1, 0.0, 0.0, 0.0, 1.0, 0.0, 171.6423678] 1.0
[0, 1.0, 0.0, 1, 1, 1.0, 1, 0.0, 0, 0, 0, 1.0, 171.4235804] 0.9994746038432522
[0, 1.0, 1.0, 1.0, 1.0, 1.0, 1, 0, 0.0, 0.0, 1, 0, 171.6423678] 1.0
[0.0, 1.0, 1.0, 1.0, 1.0, 1.0, 1.0, 0, 0.0, 0.0, 1.0, 0, 171.6423678] 1.0
[0, 1.0, 1.0, 1, 1, 1, 1.0, 0.0, 0.0, 0.0, 1, 0.0, 171.6423678] 1.0
[0, 1.0, 0.0, 1, 1, 1.0, 1, 1.0, 0, 0.0, 1, 0, 170.735281] 0.9978217213671505
[1, 1.0, 0, 1.0, 1.0, 1.0, 1, 0.0, 0, 1, 1.0, 0.0, 170.7705431] 0.9979063997893031
[1, 1, 0, 1.0, 1.0, 1, 1, 0, 0, 1.0, 1.0, 0, 170.7705431] 0.9979063997893031
[1, 1.0, 0.0, 1.0, 1.0, 1.0, 1.0, 0.0, 0, 1.0, 1, 0.0, 170.7705431] 0.9979063997893031
[0, 1.0, 1, 1, 1.0, 1.0, 1.0, 0.0, 0.0, 0.0, 0.0, 1.0, 171.5690527] 0.9998239410872308
[0.0, 1, 1, 1.0, 1.0, 1.0, 1.0, 0.0, 0.0, 0, 1.0, 0.0, 171.6423678] 1.0
[0.0, 1, 1.0, 1, 1.0, 1.0, 1, 0, 0, 0, 0, 1.0, 171.5690527] 0.9998239410872308
[0.0, 1.0, 1.0, 1.0, 1.0, 1.0, 1.0, 0.0, 0.0, 0.0, 1.0, 0.0, 171.6423678] 1.0
[0.0, 1.0, 0.0, 1.0, 1, 1.0, 1, 1.0, 1.0, 0, 0, 0, 170.6651847] 0.99765339208209
[0.0, 1, 1, 1.0, 1, 1, 1, 0.0, 0, 0.0, 0.0, 1.0, 171.5690527] 0.9998239410872308
[0.0, 1.0, 1.0, 1.0, 1.0, 1.0, 1, 0, 0, 0.0, 1, 0, 171.6423678] 1.0
[0, 1.0, 1, 1, 1, 1.0, 1, 0, 0.0, 0.0, 1.0, 0.0, 171.6423678] 1.0
[0.0, 1.0, 1.0, 1, 1, 1.0, 1, 0.0, 0.0, 0, 0.0, 1.0, 171.5690527] 0.9998239410872308
[0.0, 1.0, 1, 1.0, 1, 1.0, 1, 0, 0, 0.0, 1.0, 0, 171.6423678] 1.0
[0, 1, 1, 1.0, 1, 1, 1, 0, 0, 1, 0, 1.0, 170.6936717] 0.9977218007761798
[0.0, 1.0, 1, 1.0, 1, 1, 1.0, 0, 0, 0, 0.0, 1.0, 171.5690527] 0.9998239410872308
[0.0, 1.0, 0.0, 1.0, 1.0, 1.0, 1.0, 1.0, 1.0, 0.0, 0, 0, 170.6651847] 0.99765339208209
[1, 1.0, 0.0, 1.0, 1.0, 1.0, 1.0, 0, 0.0, 1.0, 1.0, 0.0, 170.7705431] 0.9979063997893031
[0.0, 1.0, 1.0, 1, 1.0, 1.0, 1.0, 0, 0.0, 0, 1, 0, 171.6423678] 1.0
[0, 1.0, 1, 1, 1, 1.0, 1, 0, 0, 0.0, 0, 1, 171.5690527] 0.9998239410872308
[0, 1, 1, 1, 1, 1.0, 1, 0, 0.0, 0.0, 1.0, 0, 171.6423678] 1.0
[0.0, 1.0, 1.0, 1.0, 1.0, 1.0, 1.0, 0.0, 0.0, 0.0, 1, 0.0, 171.6423678] 1.0
[0.0, 1, 1.0, 1.0, 1.0, 1.0, 1, 0, 0, 0.0, 0, 1, 171.5690527] 0.9998239410872308
[1.0, 1.0, 0, 1.0, 1.0, 1, 1.0, 0.0, 0.0, 1, 1.0, 0.0, 170.7705431] 0.9979063997893031
