[0.0, 1.0, 1.0, 1.0, 1, 1.0, 1, 0.0, 0, 0, 0.0, 1, 171.5690527] 0.9998239410872308
[1, 1, 0.0, 1.0, 1, 1.0, 1.0, 0.0, 1, 0.0, 0, 1, 170.3206944] 0.9968261329270522
[0.0, 1, 1.0, 1.0, 1.0, 1, 1, 0, 0, 0.0, 0.0, 1, 171.5690527] 0.9998239410872308
[1, 1, 0, 1.0, 1.0, 1, 1.0, 0.0, 0, 1.0, 1.0, 0.0, 170.7705431] 0.9979063997893031
[0.0, 1.0, 0, 1, 1.0, 1.0, 1, 0, 0, 0, 0.0, 1, 171.4235804] 0.9994746038432522
[0.0, 1, 0.0, 1.0, 1.0, 1.0, 1, 1.0, 1, 1, 0, 1, 170.3034718] 0.9967847745679822
[0.0, 1.0, 0.0, 1.0, 1.0, 1.0, 1, 1.0, 0.0, 1, 1, 0.0, 170.5539949] 0.9973863808484013
[0.0, 1.0, 1.0, 1.0, 1.0, 1.0, 1.0, 0.0, 0, 0, 1, 0.0, 171.6423678] 1.0
[0.0, 1.0, 0, 1, 1.0, 1, 1.0, 0.0, 1, 1, 0.0, 1.0, 171.1972303] 0.9989310466154617
[0.0, 1.0, 0.0, 1.0, 1.0, 1.0, 1.0, 0.0, 1.0, 1.0, 0, 1.0, 171.1972303] 0.9989310466154617
[0, 1.0, 1, 1.0, 1.0, 1.0, 0, 1.0, 0.0, 1, 0.0, 1.0, 125.4558222] 0.7909397328000001
[0, 1.0, 1.0, 1.0, 1.0, 1, 1.0, 0, 0.0, 0, 0.0, 1.0, 171.5690527] 0.9998239410872308
[0, 1.0, 1.0, 1.0, 1.0, 1.0, 1.0, 0.0, 0.0, 0.0, 1, 0.0, 171.6423678] 1.0
[1.0, 1.0, 0.0, 1.0, 1.0, 1.0, 1.0, 1.0, 0, 1.0, 0, 0.0, 170.4227512] 0.9970712121706009
[0, 1, 1, 1.0, 1.0, 1.0, 1.0, 0, 0.0, 0.0, 1.0, 0, 171.6423678] 1.0
[0, 1.0, 0.0, 1.0, 1.0, 1, 1, 0, 1.0, 1.0, 0.0, 1.0, 171.1972303] 0.9989310466154617
[0.0, 1.0, 1.0, 1.0, 1.0, 1, 1.0, 0.0, 0, 0, 1, 0, 171.6423678] 1.0
[0.0, 1.0, 0.0, 1, 1.0, 1.0, 1.0, 0.0, 0, 0, 0.0, 1, 171.4235804] 0.9994746038432522
[0.0, 1.0, 1.0, 1.0, 1.0, 1.0, 1.0, 0.0, 0.0, 0.0, 1.0, 0.0, 171.6423678] 1.0
[0.0, 1.0, 0.0, 1.0, 1.0, 1.0, 1.0, 0.0, 1.0, 1.0, 0.0, 1.0, 171.1972303] 0.9989310466154617
[0.0, 1.0, 1.0, 1.0, 1.0, 1.0, 1.0, 0.0, 0.0, 0, 1.0, 0, 171.6423678] 1.0
[0, 1.0, 0.0, 1.0, 1.0, 1.0, 1.0, 1.0, 1.0, 0, 0.0, 0.0, 170.6651847] 0.99765339208209
[0.0, 1.0, 1.0, 1.0, 1.0, 1.0, 1.0, 0, 0.0, 0.0, 1.0, 0.0, 171.6423678] 1.0
[0, 1.0, 1.0, 1.0, 1, 1.0, 1, 0.0, 0, 0, 1, 0, 171.6423678] 1.0
[0.0, 1.0, 1.0, 1.0, 1.0, 1.0, 1.0, 0, 0.0, 0, 1.0, 0.0, 171.6423678] 1.0
[0, 1.0, 1, 1, 1.0, 1.0, 1, 0.0, 0.0, 0, 1.0, 0.0, 171.6423678] 1.0
[0, 1.0, 0.0, 1.0, 1.0, 1.0, 1.0, 1.0, 0.0, 0.0, 1.0, 0, 170.735281] 0.9978217213671505
[0, 1, 0.0, 1.0, 1.0, 1.0, 1.0, 0.0, 1.0, 1, 0, 1, 171.1972303] 0.9989310466154617
[0, 1.0, 0.0, 1.0, 1.0, 1.0, 1.0, 1, 0.0, 0, 1.0, 0.0, 170.735281] 0.9978217213671505
[0, 1.0, 0.0, 1.0, 1.0, 1, 1, 1, 0.0, 1.0, 1, 0.0, 170.5539949] 0.9973863808484013
