[1, 0.0, 0.0, 1.0, 0.0, 1, 1.0, 0.0, 1.0, 0.0, 0, 0, 99.72738481] 0.028978273394052085
[0.0, 1.0, 0.0, 1.0, 0.0, 1.0, 1.0, 0.0, 1, 0.0, 1.0, 0.0, 124.1386487] 0.7593275688000002
[0.0, 1.0, 1.0, 1.0, 1.0, 1.0, 1.0, 1.0, 1.0, 0.0, 0.0, 1.0, 170.5469792] 0.9973695333433946
[1, 1, 1.0, 1.0, 1.0, 1, 1.0, 0.0, 0, 1.0, 1.0, 0.0, 169.9866829] 0.9960240375668552
[1.0, 1.0, 1.0, 1, 1.0, 1.0, 1.0, 1.0, 1.0, 0.0, 1.0, 1.0, 169.4766715] 0.9947992959708694
[0.0, 1.0, 0.0, 1.0, 1.0, 1.0, 0.0, 1.0, 1, 1.0, 1.0, 0.0, 124.9219778] 0.7781274671999998
[0.0, 1.0, 0.0, 1.0, 1.0, 1.0, 0.0, 1.0, 0.0, 1.0, 1.0, 0.0, 124.8859923] 0.7772638152
[0.0, 1.0, 1.0, 1.0, 1.0, 1.0, 1.0, 1.0, 0.0, 0.0, 1, 0.0, 169.5056827] 0.9948689634790652
[0.0, 1.0, 0, 1.0, 1.0, 1.0, 1.0, 0.0, 0.0, 1.0, 0.0, 1.0, 170.313175] 0.9968080758366483
[0.0, 0.0, 0, 1.0, 0.0, 1.0, 1, 0, 1.0, 0.0, 0.0, 1.0, 99.58830953] 0.021829558542778116
[0.0, 1.0, 1.0, 0.0, 0.0, 1.0, 0.0, 0.0, 0.0, 1.0, 0.0, 1.0, 39.17125154] 0
[0.0, 1.0, 1.0, 1.0, 0.0, 1.0, 1.0, 1.0, 1.0, 0.0, 0.0, 1.0, 124.4524353] 0.7668584472000002
[0.0, 1.0, 0.0, 1.0, 1.0, 1.0, 0.0, 1.0, 0.0, 1.0, 1.0, 0.0, 124.8859923] 0.7772638152
[0.0, 1.0, 0.0, 1.0, 0.0, 1.0, 1.0, 1.0, 1.0, 1.0, 1.0, 0.0, 124.7811534] 0.7747476815999998
[0.0, 1.0, 0.0, 1.0, 1.0, 1.0, 1.0, 1.0, 0.0, 0.0, 1.0, 1.0, 169.2854667] 0.9943401366816611
[0.0, 1.0, 0.0, 1.0, 1.0, 1.0, 0.0, 1.0, 0.0, 0.0, 1.0, 0.0, 124.4168141] 0.7660035383999999
[0, 1.0, 1.0, 1.0, 1.0, 1.0, 1.0, 1.0, 0.0, 0.0, 0.0, 1.0, 169.8334525] 0.9956560700181896
[0.0, 1.0, 0.0, 1.0, 1.0, 1.0, 0.0, 0.0, 0.0, 0.0, 1.0, 0.0, 124.3074632] 0.7633791168
[0.0, 1.0, 1.0, 1.0, 1.0, 1.0, 0.0, 0.0, 0.0, 0, 0.0, 1.0, 124.7198875] 0.7732773000000001
[0.0, 1.0, 0.0, 1.0, 0.0, 1.0, 1.0, 0.0, 0.0, 1.0, 1.0, 1.0, 124.1873269] 0.7604958456000002
[1.0, 1.0, 0.0, 1.0, 1.0, 0.0, 1.0, 0.0, 1.0, 1.0, 1.0, 1.0, 115.9213212] 0.5621117087999998
[0.0, 1.0, 0, 1.0, 1.0, 1.0, 0.0, 0.0, 1.0, 0.0, 0.0, 0.0, 125.1588278] 0.7838118672000001
[0.0, 1.0, 1.0, 1.0, 1.0, 1.0, 1.0, 0.0, 0.0, 1.0, 1.0, 1.0, 169.7748573] 0.9955153594796308
[0.0, 1.0, 0, 1.0, 1.0, 0, 1.0, 0.0, 0.0, 1.0, 1.0, 1.0, 116.8645926] 0.5847502223999999
[0, 1.0, 1.0, 1.0, 1.0, 1.0, 1.0, 1.0, 0.0, 1.0, 0.0, 1.0, 170.3886647] 0.9969893568347956
[1.0, 1.0, 0, 1.0, 0.0, 1.0, 1.0, 0.0, 0.0, 0, 1, 0.0, 123.8864739] 0.7532753736
[0.0, 1.0, 1.0, 1.0, 1.0, 1.0, 1.0, 1.0, 0.0, 1.0, 1.0, 0.0, 170.2567158] 0.996672494689411
[0.0, 1.0, 1.0, 1.0, 1.0, 1.0, 0, 0.0, 1.0, 1, 1, 0.0, 124.8166206] 0.7755988943999998
[1.0, 1.0, 1.0, 1.0, 0.0, 1.0, 1.0, 0.0, 1.0, 1.0, 1.0, 1.0, 124.0044565] 0
[1.0, 1.0, 0.0, 1.0, 1.0, 1.0, 0.0, 1.0, 0.0, 1.0, 0, 1.0, 123.7853417] 0.7508482008000001
