[0.0, 1.0, 0.0, 1.0, 1.0, 0.0, 1.0, 1.0, 0.0, 1.0, 1.0, 0.0, 116.5750241] 0.5778005783999999
[0.0, 1.0, 0.0, 1.0, 1.0, 1.0, 1.0, 0.0, 0.0, 0.0, 0.0, 1.0, 171.4235804] 0.9994746038432522
[0, 1.0, 1.0, 1.0, 1.0, 1.0, 1.0, 1.0, 1.0, 0.0, 1.0, 0.0, 169.7691541] 0.9955016638126903
[0.0, 1.0, 1, 1.0, 1.0, 1, 1, 0.0, 1.0, 0, 1.0, 0.0, 170.2916942] 0.9967564918342612
[0.0, 1.0, 0.0, 1, 1.0, 1.0, 1.0, 0, 1.0, 1.0, 0.0, 1.0, 171.1972303] 0.9989310466154617
[1, 1.0, 0.0, 1.0, 1, 0.0, 1.0, 1.0, 0.0, 1.0, 1.0, 1, 116.6530066] 0.5796721584
[0.0, 1.0, 1, 1.0, 1, 1.0, 1.0, 0, 0.0, 1.0, 0, 1.0, 170.6936717] 0.9977218007761798
[0, 1.0, 1.0, 1.0, 1.0, 1.0, 1.0, 1, 1, 1.0, 1.0, 1.0, 169.8049326] 0.9955875823180257
[1.0, 1.0, 0.0, 1.0, 1.0, 1.0, 1, 1.0, 0, 0.0, 0, 1.0, 169.7842262] 0.9955378579601326
[1.0, 1.0, 0.0, 1.0, 1.0, 1.0, 0.0, 0.0, 0.0, 1.0, 1.0, 0.0, 123.8580036] 0.7525920864000002
[0.0, 0.0, 0, 1.0, 1.0, 1.0, 1.0, 0.0, 0, 1.0, 0.0, 0.0, 106.5361369] 0.33686728560000007
[0.0, 1.0, 0.0, 1.0, 1, 1.0, 1, 0.0, 1.0, 1, 1.0, 0.0, 170.3049545] 0.9967883351244019
[0.0, 1, 1.0, 1.0, 0.0, 1.0, 1.0, 0.0, 0.0, 1.0, 1.0, 1.0, 124.4672244] 0.7672133856000002
[0.0, 0, 0, 1.0, 1, 1, 1.0, 1.0, 1.0, 1.0, 0, 1.0, 105.9382772] 0.3225186528
[1.0, 1.0, 0, 1.0, 1.0, 1.0, 1.0, 1.0, 1.0, 0, 1, 1.0, 169.6186669] 0.9951402837856881
[0.0, 1, 0.0, 1.0, 1.0, 1.0, 1.0, 1.0, 0, 0.0, 1.0, 0.0, 170.735281] 0.9978217213671505
[0.0, 1.0, 1.0, 1.0, 1.0, 1.0, 1.0, 1.0, 0, 1.0, 0.0, 1, 170.3886647] 0.9969893568347956
[1.0, 1.0, 0.0, 1.0, 1.0, 1.0, 1.0, 0, 0.0, 1.0, 0.0, 1.0, 170.3418882] 0.9968770277275155
[0.0, 1, 1.0, 1.0, 1.0, 1.0, 1.0, 0.0, 0.0, 0.0, 0.0, 0.0, 171.3028867] 0.9991847699400033
[1.0, 1.0, 0.0, 1.0, 1.0, 0.0, 1.0, 1, 0.0, 0.0, 1, 1.0, 116.679836] 0.5803160639999999
[0, 1.0, 1.0, 1.0, 1.0, 1.0, 1.0, 0, 0, 1.0, 0.0, 0, 170.2257285] 0.9965980817738227
[1.0, 1.0, 0.0, 1.0, 1.0, 1.0, 1.0, 0.0, 1.0, 1.0, 0.0, 0.0, 170.051348] 0
[1, 1.0, 0.0, 1.0, 1.0, 1.0, 1.0, 0.0, 1, 0.0, 1, 1.0, 170.3253386] 0.9968372855109359
[0.0, 1.0, 0.0, 1.0, 1.0, 1.0, 1.0, 0.0, 0.0, 0.0, 0.0, 1.0, 171.4235804] 0.9994746038432522
[0, 1.0, 0.0, 1.0, 1.0, 1, 1, 1.0, 1.0, 0.0, 0, 0, 170.6651847] 0.99765339208209
[1.0, 1.0, 0.0, 1, 1, 1.0, 1.0, 0, 1, 0.0, 0, 1, 170.3206944] 0.9968261329270522
[0, 1.0, 0.0, 1.0, 1.0, 1.0, 1.0, 0.0, 0.0, 0.0, 0.0, 0.0, 169.3059807] 0.994389399010111
[0.0, 1.0, 0.0, 1.0, 1.0, 1, 1.0, 1, 1.0, 0, 1.0, 1.0, 170.4742329] 0.9971948403471909
[0.0, 1.0, 1.0, 1.0, 1.0, 1.0, 0.0, 0.0, 1, 0.0, 1.0, 0.0, 125.5095491] 0.7922291784000002
[0.0, 1.0, 1.0, 1.0, 1.0, 1, 1.0, 1.0, 0.0, 1.0, 0.0, 1.0, 170.3886647] 0.9969893568347956
