[0.000e+00 1.000e+00 0.000e+00 1.000e+00 0.000e+00 0.000e+00 0.000e+00
 1.000e+00 1.000e+00 0.000e+00 0.000e+00 4.096e+03 6.000e+00 0.000e+00] 0
[  0.   1.   0.   1.   0.   0.   0.   1.   1.   0.   0. 256.   6.   3.] 0
[  0.   1.   0.   1.   0.   0.   0.   1.   0.   1.   0. 256.   5.   4.] 0
[ 0.  1.  0.  1.  0.  0.  1.  1.  0.  0.  0. 64.  5.  4.] 0
[ 0.  1.  0.  1.  0.  1.  0.  0.  0.  1.  0. 64.  5.  4.] 0
[0.000e+00 1.000e+00 0.000e+00 1.000e+00 0.000e+00 0.000e+00 0.000e+00
 1.000e+00 0.000e+00 1.000e+00 0.000e+00 4.096e+03 5.000e+00 6.000e+00] 0.47821428571428565
[ 0.  1.  0.  1.  0.  0.  0.  1.  1.  0.  0. 64.  5.  3.] 0
[0.000e+00 1.000e+00 0.000e+00 1.000e+00 0.000e+00 0.000e+00 0.000e+00
 1.000e+00 1.000e+00 0.000e+00 0.000e+00 1.024e+03 1.000e+00 3.000e+00] 0
[ 0.  1.  0.  1.  0.  0.  0.  1.  0.  1.  0. 64.  4.  4.] 0
[  0.   1.   0.   1.   0.   0.   0.   1.   0.   1.   0. 256.   5.   6.] 0.37847142857142835
[ 0.  1.  0.  1.  0.  0.  0.  1.  0.  1.  0. 64.  1.  5.] 0
[0.000e+00 1.000e+00 0.000e+00 1.000e+00 0.000e+00 1.000e+00 1.000e+00
 0.000e+00 0.000e+00 0.000e+00 0.000e+00 4.096e+03 3.000e+00 4.000e+00] 0
[ 0.  1.  0.  1.  0.  0.  0.  1.  1.  0.  0. 64.  4.  5.] 0
[  0.   1.   0.   1.   0.   0.   0.   1.   0.   1.   0. 256.   6.   6.] 0.8733858267716539
[ 0.  1.  0.  1.  0.  1.  0.  0.  1.  0.  0. 64.  2.  6.] 0
[  0.   1.   0.   1.   0.   1.   0.   0.   0.   1.   0. 256.   1.   5.] 0
[  0.   1.   0.   1.   0.   0.   1.   1.   0.   0.   0. 256.   3.   5.] 0
[ 0.  1.  0.  1.  0.  0.  0.  1.  0.  1.  0. 64.  2.  4.] 0
[1.38589768e-02 5.33801958e-01 3.02272006e-01 8.68275204e-01
 1.59635587e-01 6.56099742e-02 3.35194028e-01 5.37980960e-01
 2.39533230e-02 7.88524389e-01 1.61949788e-01 1.62664398e+03
 3.14361971e+00 8.88951669e-01] 0
[0.000e+00 1.000e+00 0.000e+00 1.000e+00 0.000e+00 0.000e+00 0.000e+00
 1.000e+00 1.000e+00 0.000e+00 0.000e+00 1.024e+03 3.000e+00 5.000e+00] 0
[  0.   1.   0.   1.   0.   0.   0.   1.   1.   0.   0. 256.   3.   3.] 0
[2.91753115e-01 9.05369181e-01 1.15543549e-01 9.08985300e-01
 4.23013568e-01 2.01216073e-01 1.74875773e-01 9.02686477e-01
 9.60867129e-01 2.61569495e-03 1.02923015e-01 3.67029029e+02
 2.90187190e+00 9.37961980e-01] 0
[ 0.  1.  0.  1.  0.  0.  1.  1.  0.  0.  0. 64.  6.  2.] 0
[  0.   1.   0.   1.   0.   0.   1.   1.   0.   0.   0. 256.   2.   5.] 0
[0.000e+00 1.000e+00 0.000e+00 1.000e+00 0.000e+00 1.000e+00 0.000e+00
 0.000e+00 1.000e+00 0.000e+00 0.000e+00 4.096e+03 6.000e+00 3.000e+00] 0
[ 0.  1.  0.  1.  0.  0.  1.  1.  0.  0.  0. 64.  1.  2.] 0
[ 0.  1.  0.  1.  0.  0.  0.  1.  0.  1.  0. 64.  1.  1.] 0
[ 0.  1.  0.  1.  1.  0.  0.  0.  0.  1.  0. 64.  5.  5.] 0
[0.000e+00 1.000e+00 0.000e+00 1.000e+00 0.000e+00 0.000e+00 1.000e+00
 1.000e+00 0.000e+00 0.000e+00 0.000e+00 4.096e+03 5.000e+00 4.000e+00] 0
[  0.   1.   0.   1.   1.   0.   1.   0.   0.   0.   0. 256.   5.   4.] 0

