[0.0, 0.0, 0.0, 1, 0.0, 0.0, 0.0, 0.0, 0, 0, 0.0, 1, 1, 1, 1, 0, 1.0, 10.0, 7.19] 0
[0.0, 0.0, 1.0, 1.0, 0.0, 1.0, 1.0, 0.0, 0.0, 0, 0.0, 1.0, 1.0, 1.0, 0.0, 1.0, 0.0, 10.0, 7.83] 0
[0.0, 0, 1, 1.0, 0.0, 1.0, 1.0, 0.0, 0, 0, 0.0, 1, 0, 1.0, 0.0, 0, 1, 10.0, 7.95] 0
[0.0, 0.0, 0, 1.0, 0.0, 1, 1.0, 0.0, 0.0, 1, 0.0, 1.0, 0, 1, 1.0, 0, 0.0, 10, 7.71] 0
[0.0, 0.0, 0.0, 1.0, 0.0, 0.0, 0, 0.0, 1.0, 0.0, 0.0, 1.0, 1, 1, 0.0, 1.0, 0.0, 10.0, 5.48] 0
[0.0, 0.0, 1, 1.0, 0.0, 0, 0, 0.0, 0.0, 1.0, 0.0, 1, 1.0, 1.0, 0.0, 0.0, 0.0, 10.0, 7.66] 0
[0.0, 0.0, 0, 1.0, 0.0, 1, 1.0, 0.0, 0, 0.0, 0.0, 0, 0.0, 1.0, 1.0, 0.0, 1.0, 10.0, 7.46] 0
[0.0, 0.0, 1.0, 1.0, 0.0, 0, 0.0, 0.0, 0.0, 1.0, 0.0, 1, 1.0, 1, 0.0, 0.0, 0.0, 10.0, 7.66] 0
[0.0, 0.0, 1.0, 1.0, 0, 0.0, 0.0, 0.0, 0.0, 1, 0.0, 1.0, 0.0, 1, 0.0, 0.0, 0.0, 10, 7.82] 0
[0, 0.0, 0, 1, 0.0, 0, 1.0, 0, 1.0, 1, 0, 1, 1, 1.0, 0.0, 0.0, 0, 10.0, 5.29] 0
[0.0, 0.0, 1, 1, 0, 0, 0, 0.0, 0.0, 0, 0.0, 1, 1.0, 1.0, 0, 0, 1.0, 10.0, 7.57] 0
[0.0, 0.0, 1, 1.0, 0.0, 1.0, 1.0, 0.0, 0.0, 0.0, 0.0, 1, 0.0, 1, 0.0, 0.0, 1, 10, 7.95] 0
[0.0, 0.0, 0.0, 1.0, 0.0, 0.0, 0.0, 0.0, 0.0, 0.0, 0.0, 0.0, 1.0, 1.0, 1, 1.0, 0.0, 10.0, 7.29] 0
[0.0, 0.0, 1, 1.0, 0, 1.0, 1, 0.0, 0.0, 0.0, 0.0, 1.0, 0.0, 1.0, 0.0, 0.0, 1.0, 10.0, 7.95] 0
[0, 0.0, 1.0, 1.0, 0.0, 1.0, 1.0, 0.0, 0.0, 0.0, 0.0, 1.0, 1.0, 1.0, 0.0, 1.0, 0.0, 10.0, 7.83] 0
[0.0, 0.0, 0, 1, 0, 1, 1, 0.0, 0, 1.0, 0, 1, 0, 1, 1.0, 0.0, 0.0, 10.0, 7.71] 0
[0, 0, 1.0, 1, 0, 1, 1, 0.0, 0.0, 0, 0.0, 1.0, 0, 1, 0.0, 0.0, 1.0, 10.0, 7.95] 0
[0.0, 0.0, 0.0, 1.0, 0.0, 0, 1.0, 0, 1.0, 1, 0.0, 1.0, 1.0, 1.0, 0.0, 0.0, 0.0, 10.0, 5.29] 0
[0.0, 0.0, 1, 1.0, 0.0, 1.0, 0, 0, 0.0, 0.0, 0.0, 0.0, 1, 1, 0, 0.0, 1, 10.0, 7.76] 0
[0.0, 0.0, 1, 1.0, 0.0, 1.0, 1.0, 0, 0.0, 0, 0.0, 1, 1.0, 1.0, 0.0, 1.0, 0.0, 10.0, 7.83] 0
[0.0, 0.0, 0.0, 1.0, 0.0, 1.0, 1, 0.0, 0, 1, 0.0, 1, 0.0, 1.0, 1.0, 0, 0.0, 10.0, 7.71] 0
[1.0, 0.0, 0.0, 0.0, 1.0, 0.0, 0.0, 0.0, 1.0, 0.0, 0.0, 0.0, 0.0, 0.0, 0.0, 1.0, 0.0, 10.0, 2.67] 0
[0.0, 0.0, 1.0, 1.0, 0.0, 1, 1.0, 0.0, 0.0, 0.0, 0.0, 1.0, 1.0, 1.0, 0.0, 1.0, 0.0, 10.0, 7.83] 0
[0.0, 0.0, 1.0, 1.0, 0.0, 1.0, 1.0, 0.0, 0.0, 1.0, 0.0, 1.0, 0.0, 1.0, 0.0, 0.0, 0.0, 10.0, 7.77] 0
[0.0, 0.0, 0, 1.0, 0, 0.0, 0.0, 0, 1, 0.0, 0.0, 1.0, 1.0, 1.0, 0.0, 1.0, 0, 10, 5.48] 0
[0.0, 0.0, 0.0, 1.0, 0.0, 1.0, 1.0, 0.0, 0.0, 1.0, 0.0, 1, 0.0, 1.0, 1.0, 0.0, 0.0, 10, 7.71] 0
[0.0, 0.0, 0.0, 1, 0.0, 0.0, 1, 0.0, 0.0, 1.0, 0.0, 1.0, 0.0, 1, 1.0, 0.0, 0.0, 10.0, 7.51] 0
[0, 0.0, 0.0, 1.0, 0.0, 0.0, 0, 0.0, 0.0, 0.0, 0, 0, 1, 1, 1, 1.0, 0.0, 10.0, 7.29] 0
[0.0, 0.0, 1.0, 1.0, 0.0, 0.0, 0.0, 0.0, 0.0, 1.0, 0, 1.0, 0.0, 1.0, 0.0, 0.0, 0.0, 10.0, 7.82] 0
[0.0, 0.0, 0.0, 1.0, 0, 0.0, 1.0, 0.0, 0.0, 1.0, 0.0, 1, 0.0, 1.0, 1.0, 0.0, 0.0, 10.0, 7.51] 0
[0.0, 0.0, 0.0, 1, 0.0, 1, 1, 0.0, 0, 1.0, 0.0, 1.0, 0, 1, 1, 0, 0.0, 10.0, 7.71] 0
[0.0, 0.0, 1, 1.0, 0, 1, 1, 0.0, 0.0, 0.0, 0, 1.0, 1.0, 1.0, 0.0, 1, 0, 10, 7.83] 0
[0.0, 0.0, 0, 1.0, 0.0, 0, 0, 0.0, 1.0, 0.0, 0.0, 1.0, 1, 1.0, 0.0, 1.0, 0.0, 10, 5.48] 0
[0.0, 0, 1.0, 1.0, 0.0, 1.0, 1.0, 0.0, 0.0, 1, 0.0, 1, 0.0, 1.0, 0, 0.0, 0.0, 10.0, 7.77] 0
[0, 0.0, 1.0, 1.0, 0.0, 0.0, 1, 0.0, 0, 0.0, 0.0, 1.0, 1.0, 1, 0.0, 0.0, 1.0, 10, 7.71] 0
[0.0, 0.0, 1.0, 1.0, 0.0, 0.0, 0, 0, 0.0, 1.0, 0.0, 1, 1.0, 1, 0.0, 0.0, 0, 10.0, 7.66] 0
[0.0, 0, 0.0, 1.0, 0.0, 0.0, 0, 0.0, 0, 0, 0.0, 0.0, 1, 1.0, 1.0, 1.0, 0.0, 10.0, 7.29] 0
[0, 0.0, 1, 1, 0, 0.0, 1.0, 0.0, 0.0, 1, 0.0, 1, 0.0, 1, 0, 0.0, 0.0, 10, 7.65] 0
[0.0, 0.0, 0.0, 1.0, 0.0, 0, 1, 0.0, 1.0, 0, 0, 0.0, 0.0, 1.0, 0.0, 1, 0.0, 10, 5.08] 0
[0.0, 0.0, 0.0, 1.0, 0.0, 1.0, 0.0, 0.0, 0.0, 0.0, 0, 0.0, 1.0, 1.0, 1.0, 0.0, 1.0, 10.0, 7.47] 0
[0.0, 0.0, 1, 1.0, 0.0, 1, 0.0, 0.0, 0.0, 0.0, 0.0, 0.0, 1, 1.0, 0.0, 0.0, 1.0, 10.0, 7.76] 0
[0.0, 0.0, 0.0, 1.0, 0.0, 1.0, 0.0, 0.0, 0.0, 0.0, 0.0, 1.0, 1.0, 1.0, 1.0, 0.0, 1.0, 10.0, 7.75] 0
[0, 0.0, 1, 1.0, 0.0, 1.0, 1, 0, 0, 0, 0.0, 1, 0.0, 1, 0.0, 0.0, 1, 10, 7.95] 0
[0, 0, 1, 1, 0.0, 1, 1.0, 0, 0, 1.0, 0.0, 1.0, 0, 1.0, 0.0, 0.0, 0.0, 10.0, 7.77] 0
[0.0, 0.0, 0.0, 1.0, 0.0, 1.0, 1.0, 0, 0, 1.0, 0.0, 1.0, 0, 1, 1, 0.0, 0.0, 10, 7.71] 0
[0.0, 0, 1, 1.0, 0.0, 0.0, 0.0, 0.0, 0.0, 0.0, 0.0, 1, 0, 1.0, 0.0, 0.0, 1.0, 10.0, 7.61] 0
[0.0, 0.0, 0.0, 1.0, 0.0, 1.0, 1, 0.0, 0, 1.0, 0.0, 1.0, 0, 1, 1.0, 0.0, 0.0, 10.0, 7.71] 0
[0, 0.0, 1.0, 1, 0.0, 0, 0, 0.0, 0, 1.0, 0.0, 1.0, 0.0, 1.0, 0.0, 0.0, 0.0, 10.0, 7.82] 0
[0.0, 0, 0.0, 1.0, 0.0, 0.0, 0, 0.0, 0.0, 0, 0.0, 0, 1, 1, 1.0, 1.0, 0.0, 10.0, 7.29] 0
[0.0, 0, 1, 1.0, 0.0, 0.0, 1, 0.0, 0, 1.0, 0, 1.0, 0.0, 1.0, 0.0, 0, 0.0, 10.0, 7.65] 0
[0.0, 0.0, 0.0, 1, 0.0, 0, 0.0, 0.0, 0.0, 0.0, 0.0, 1.0, 1.0, 1, 1, 0.0, 1.0, 10, 7.19] 0
[0.0, 0.0, 0.0, 1.0, 0.0, 0.0, 0.0, 0.0, 0.0, 1.0, 0.0, 0.0, 0.0, 1.0, 1.0, 0.0, 0.0, 10.0, 7.39] 0
[0.0, 0.0, 0.0, 1.0, 0.0, 1.0, 1.0, 0.0, 0.0, 0.0, 0.0, 1.0, 0.0, 1.0, 1.0, 0.0, 1.0, 10.0, 7.89] 0
[0, 0.0, 1.0, 1.0, 0.0, 0.0, 0, 0.0, 0.0, 1.0, 0.0, 1.0, 0.0, 1.0, 0, 0.0, 0.0, 10.0, 7.82] 0
[0.0, 0.0, 0.0, 1.0, 0.0, 0, 0, 0.0, 0.0, 0, 0.0, 1.0, 1.0, 1.0, 1.0, 0.0, 1.0, 10.0, 7.19] 0
[0, 0.0, 1, 1.0, 0, 1.0, 0, 0.0, 0.0, 0.0, 0.0, 0.0, 1, 1, 0.0, 0, 1.0, 10, 7.76] 0
[0.0, 0.0, 1.0, 1, 0.0, 1, 0.0, 0.0, 0.0, 0.0, 0.0, 1.0, 0.0, 1.0, 0.0, 1.0, 0, 10.0, 7.77] 0
[0.0, 0.0, 1, 1, 0.0, 1, 1.0, 0.0, 0, 0.0, 0.0, 1.0, 0, 1, 0.0, 0, 1.0, 10.0, 7.95] 0
[0.0, 0.0, 1.0, 1.0, 0.0, 1.0, 0.0, 0.0, 0.0, 0.0, 0.0, 0, 1.0, 1.0, 0.0, 0.0, 1.0, 10.0, 7.76] 0
[0.0, 0.0, 0.0, 1, 0, 1, 0.0, 0.0, 0.0, 0.0, 0.0, 0, 1, 1, 1.0, 0.0, 1, 10, 7.47] 0
[0.0, 0.0, 0.0, 1.0, 0.0, 1, 0.0, 0.0, 0.0, 0, 0.0, 0.0, 1, 1.0, 1.0, 0.0, 1.0, 10.0, 7.47] 0
[0.0, 0.0, 0.0, 1.0, 0.0, 1.0, 1.0, 0.0, 0.0, 0.0, 0.0, 1.0, 1, 1.0, 1, 1.0, 0.0, 10.0, 7.25] 0
[0.0, 0.0, 1.0, 1.0, 0.0, 0.0, 1.0, 0.0, 0.0, 0.0, 0.0, 0.0, 1.0, 0.0, 0.0, 1.0, 0.0, 10.0, 6.21] 0
[0.0, 0.0, 0.0, 0.0, 1.0, 0.0, 0.0, 0.0, 1.0, 1.0, 0.0, 0.0, 0.0, 0.0, 0.0, 0.0, 0.0, 90.0, 2.16] 0
[0.0, 1.0, 0.0, 1.0, 0.0, 1.0, 1.0, 0.0, 0.0, 0.0, 0.0, 1.0, 1.0, 1.0, 0.0, 1.0, 0.0, 10.0, 5.18] 0
[1.0, 0.0, 0.0, 0.0, 1.0, 0.0, 0.0, 0.0, 0.0, 0.0, 0.0, 1.0, 0.0, 0.0, 0.0, 0.0, 1.0, 90.0, 2.23] 0
[0.0, 0.0, 1.0, 0.0, 0.0, 0.0, 1.0, 1.0, 0.0, 1.0, 0.0, 1.0, 1.0, 0.0, 0.0, 0.0, 0.0, 90.0, 1.89] 0
[0.0, 0.0, 0.0, 1.0, 0.0, 0.0, 1.0, 0.0, 1.0, 0.0, 0.0, 0.0, 1.0, 0.0, 0.0, 1.0, 0.0, 90.0, 2.79] 0
[0.0, 1.0, 0.0, 0.0, 0.0, 0.0, 0.0, 0.0, 0.0, 0.0, 1.0, 1.0, 0.0, 0.0, 0.0, 1.0, 0.0, 90.0, 2.4] 0
[0.0, 1.0, 0.0, 1.0, 0.0, 1.0, 1.0, 0.0, 0.0, 0.0, 0.0, 1.0, 1.0, 1.0, 0.0, 0.0, 1.0, 10.0, 4.78] 0
[0.0, 1.0, 0.0, 0.0, 0.0, 0.0, 0.0, 0.0, 0.0, 1.0, 1.0, 1.0, 1.0, 0.0, 0.0, 0.0, 0.0, 90.0, 2.42] 0
[0.0, 0.0, 1.0, 1.0, 0.0, 1.0, 0.0, 0.0, 0.0, 1.0, 0.0, 1.0, 0.0, 0.0, 0.0, 0.0, 0.0, 90.0, 2.72] 0
[1.0, 0.0, 0.0, 0.0, 1.0, 0.0, 0.0, 0.0, 0.0, 0.0, 0.0, 0.0, 0.0, 0.0, 1.0, 0.0, 1.0, 90.0, 2.23] 0
[0.0, 0.0, 0.0, 0.0, 0.0, 0.0, 0.0, 0.0, 0.0, 1.0, 1.0, 0.0, 0.0, 0.0, 1.0, 0.0, 0.0, 10.0, 3.85] 0
[0.0, 0.0, 0.0, 0.0, 0.0, 0.0, 1.0, 0.0, 0.0, 1.0, 1.0, 1.0, 0.0, 0.0, 1.0, 0.0, 0.0, 90.0, 2.41] 0
[1.0, 1.0, 0.0, 0.0, 1.0, 0.0, 1.0, 0.0, 0.0, 1.0, 0.0, 1.0, 1.0, 0.0, 0.0, 0.0, 0.0, 90.0, 2.18] 0
[0.0, 0.0, 1.0, 1.0, 0.0, 0.0, 1.0, 0.0, 0.0, 0.0, 0.0, 1.0, 0.0, 0.0, 0.0, 0.0, 1.0, 90.0, 2.91] 0
[0.0, 0.0, 0.0, 0.0, 0.0, 0.0, 1.0, 0.0, 0.0, 0.0, 1.0, 0.0, 0.0, 0.0, 1.0, 1.0, 0.0, 10.0, 3.69] 0
[0.0, 0.0, 0.0, 1.0, 0.0, 1.0, 0.0, 0.0, 0.0, 1.0, 0.0, 1.0, 0.0, 0.0, 0.0, 0.0, 0.0, 10.0, 4.2] 0
[0.0, 0.0, 0.0, 1.0, 0.0, 1.0, 1.0, 0.0, 0.0, 0.0, 0.0, 0.0, 1.0, 0.0, 0.0, 0.0, 1.0, 90.0, 2.73] 0
[0.0, 0.0, 0.0, 0.0, 1.0, 0.0, 0.0, 0.0, 1.0, 0.0, 0.0, 1.0, 0.0, 0.0, 0.0, 1.0, 0.0, 90.0, 2.08] 0
[1.0, 0.0, 1.0, 0.0, 1.0, 0.0, 0.0, 0.0, 0.0, 0.0, 0.0, 0.0, 1.0, 0.0, 0.0, 0.0, 1.0, 10.0, 3.7] 0
[0.0, 0.0, 0.0, 0.0, 1.0, 0.0, 1.0, 0.0, 1.0, 0.0, 0.0, 1.0, 0.0, 0.0, 0.0, 0.0, 1.0, 10.0, 2.84] 0
[0.0, 0.0, 1.0, 1.0, 0.0, 0.0, 1.0, 0.0, 0.0, 0.0, 0.0, 1.0, 0.0, 1.0, 0.0, 1.0, 0.0, 90.0, 3.26] 0
[1.0, 0.0, 0.0, 0.0, 1.0, 0.0, 0.0, 0.0, 0.0, 0.0, 0.0, 0.0, 1.0, 0.0, 0.0, 1.0, 0.0, 90.0, 2.2] 0
[0.0, 0.0, 0.0, 1.0, 0.0, 0.0, 0.0, 0.0, 1.0, 0.0, 0.0, 0.0, 1.0, 0.0, 0.0, 0.0, 1.0, 10.0, 3.97] 0
[0.0, 0.0, 0.0, 1.0, 0.0, 0.0, 1.0, 0.0, 0.0, 1.0, 0.0, 1.0, 0.0, 1.0, 0.0, 0.0, 0.0, 90.0, 3.32] 0
[1.0, 0.0, 0.0, 0.0, 1.0, 0.0, 0.0, 0.0, 0.0, 0.0, 0.0, 1.0, 0.0, 0.0, 0.0, 0.0, 1.0, 10.0, 2.83] 0
[0.0, 0.0, 0.0, 1.0, 0.0, 0.0, 0.0, 0.0, 1.0, 0.0, 0.0, 1.0, 0.0, 1.0, 0.0, 0.0, 1.0, 90.0, 3.29] 0
[0.0, 1.0, 0.0, 1.0, 0.0, 0.0, 1.0, 0.0, 0.0, 0.0, 0.0, 1.0, 1.0, 0.0, 0.0, 1.0, 0.0, 90.0, 2.67] 0
[0.0, 0.0, 0.0, 0.0, 0.0, 0.0, 1.0, 1.0, 1.0, 0.0, 0.0, 0.0, 1.0, 0.0, 0.0, 0.0, 1.0, 10.0, 2.04] 0
[0.0, 0.0, 0.0, 1.0, 0.0, 0.0, 1.0, 0.0, 0.0, 0.0, 0.0, 1.0, 0.0, 0.0, 1.0, 1.0, 0.0, 90.0, 2.81] 0
