[ 1.  0.  1.  1.  1.  0.  4.  0.  1. 10. 16.  0.] 0.7308049999999999
[ 1.  0.  0.  0.  0.  1.  4.  0.  2. 10. 10. 20.] 0.8619571428571429
[ 1.  0.  1.  1.  1.  0.  2.  0.  2.  8. 32. 64.] 0.3362900000000001
[ 1.  0.  1.  0.  0.  1.  2.  0.  4.  8. 20. 10.] 0.3784200000000001
[ 1.  0.  0.  0.  0.  0.  1.  0.  4.  8. 10. 16.] 0.8045714285714286
[ 1.  0.  1.  0.  0.  1.  4.  0.  3. 16. 10. 10.] 0.37795250000000014
[  1.   1.   0.   0.   0.   0.   2.   0.   3.  10.  10. 128.] 0.7508928571428571
[  1.   1.   0.   0.   0.   1.   4.   0.   4.  16.   8. 128.] 0.5541175
[ 1.  1.  1.  1.  1.  0.  2.  0.  2.  8.  8. 10.] 0.8193642857142858
[ 1.  1.  0.  0.  0.  0.  3.  0.  1. 16. 16.  0.] 0.3283974999999999
[ 1.  0.  1.  0.  0.  0.  3.  0.  2. 20. 10.  8.] 0.43900250000000013
[ 1.  1.  0.  0.  0.  0.  3.  0.  4. 10.  8. 32.] 0.7701142857142858
[ 1.  0.  0.  0.  0.  1.  3.  0.  1. 10.  8.  8.] 0.8604857142857143
[ 1.  1.  1.  0.  0.  0.  1.  0.  2. 10. 10. 10.] 0.6948900000000001
[ 1.  0.  1.  0.  0.  0.  2.  0.  1. 16. 10. 32.] 0.6690950000000001
[ 1.  0.  0.  0.  0.  0.  4.  0.  2. 10. 20.  8.] 0.7778428571428572
[  1.   0.   1.   0.   0.   0.   2.   0.   2.   8.  20. 128.] 0.6312275
[ 1.  0.  1.  0.  0.  0.  3.  0.  1. 20. 20. 20.] 0.19238407878539188
[ 1.  0.  0.  0.  0.  0.  1.  0.  4. 10.  0. 32.] 0.35460499999999995
[ 1.  0.  1.  0.  0.  1.  4.  0.  1.  8. 10. 20.] 0.8359785714285715
[ 1.  1.  0.  0.  0.  0.  1.  0.  3.  8. 20.  0.] 0.5889875
[  1.   0.   1.   0.   0.   1.   4.   0.   3.  10.  10. 128.] 0.7542357142857143
[ 1.  0.  1.  0.  0.  1.  4.  0.  2. 10.  8. 16.] 0.8046357142857142
[1. 0. 1. 0. 0. 0. 3. 0. 3. 8. 8. 8.] 0.8372357142857143
[ 1.  0.  0.  0.  0.  0.  4.  0.  1. 32.  8. 10.] 0.5021974999999999
[ 1.  0.  0.  0.  0.  0.  4.  0.  1.  8.  0. 64.] 0.6029575
[ 1.  0.  1.  1.  1.  1.  2.  0.  1. 10. 20.  0.] 0.6092
[ 1.  0.  0.  0.  0.  0.  4.  0.  3.  8. 10. 32.] 0.8460571428571428
[ 1.  0.  1.  0.  0.  1.  4.  0.  4.  8. 10. 64.] 0.7937785714285714
[  1.   1.   0.   0.   0.   0.   1.   0.   4.  10.   8. 128.] 0.7799357142857143
