[1, 0, 0, 0.0, 0.0, 1.0, 2, 0.0, 1.0, 8.0, 8.0, 20.0, 15983.2] 0.8922571428571429
[1.0, 0.0, 0.0, 0.0, 0.0, 0.0, 4.0, 0.0, 1.0, 10.0, 8.0, 8.0, 16397.6] 0.9070571428571428
[1.0, 0.0, 0.0, 0.0, 0.0, 1.0, 3.0, 0.0, 2.0, 10.0, 0.0, 128.0, 10745.6] 0.57752
[1, 0.0, 0.0, 0.0, 0.0, 0.0, 4.0, 0.0, 1, 10, 8, 10.0, 16279.6] 0.9028428571428572
[1.0, 0, 1.0, 1.0, 1.0, 1.0, 2.0, 0.0, 1.0, 10.0, 8.0, 0.0, 14975.2] 0.8562571428571428
[1, 0.0, 1.0, 0.0, 0.0, 1.0, 4.0, 0.0, 1.0, 8, 10.0, 128, 14514.0] 0.8397857142857142
[1.0, 0, 0, 0.0, 0, 0, 3, 0.0, 1, 8.0, 8.0, 0.0, 19673.8] 1.0
[1.0, 0.0, 0.0, 0.0, 0.0, 0.0, 2, 0.0, 2.0, 20, 8.0, 128.0, 11371.4] 0.6635675
[1.0, 1, 0, 0.0, 0, 0.0, 4.0, 0.0, 1.0, 10.0, 10.0, 0, 13451.4] 0.8018357142857143
[1.0, 0.0, 1.0, 1.0, 1.0, 0.0, 3.0, 0, 3.0, 8.0, 8, 128, 14794.6] 0.8498071428571429
[1.0, 0.0, 0.0, 0.0, 0.0, 1, 4.0, 0.0, 2.0, 8, 8.0, 0, 17704.2] 0.9537214285714286
[1.0, 0.0, 1.0, 0.0, 0.0, 0, 2.0, 0.0, 1.0, 8.0, 10.0, 128.0, 15540.0] 0.8764285714285714
[1, 0.0, 0.0, 0.0, 0.0, 1.0, 3, 0.0, 4.0, 8, 10.0, 0.0, 14672.8] 0.8454571428571428
[1.0, 0.0, 0.0, 0.0, 0.0, 1.0, 4.0, 0.0, 2.0, 8.0, 10, 20.0, 16486.4] 0.9102285714285715
[1.0, 1.0, 0, 0.0, 0.0, 1.0, 3.0, 0.0, 4.0, 8.0, 8.0, 32.0, 14845.6] 0.8516285714285714
[1.0, 1.0, 1.0, 0.0, 0.0, 0, 1.0, 0, 3.0, 8.0, 10.0, 32.0, 12945.4] 0.7837642857142857
[1, 0.0, 0.0, 0.0, 0.0, 0, 1.0, 0.0, 3.0, 8, 10, 20, 13715.6] 0.8112714285714286
[1.0, 0.0, 1.0, 0.0, 0.0, 1.0, 4.0, 0, 2.0, 10, 10.0, 8.0, 12786.6] 0.7780928571428571
[1.0, 1.0, 0, 0.0, 0.0, 1.0, 3.0, 0.0, 4.0, 8.0, 8.0, 32.0, 14845.6] 0.8516285714285714
[1.0, 0.0, 1.0, 0.0, 0.0, 0.0, 2.0, 0.0, 3.0, 8.0, 16.0, 32, 10416.8] 0.53231
[1.0, 0.0, 0.0, 0.0, 0.0, 0.0, 4.0, 0.0, 1.0, 8.0, 10.0, 10.0, 18025.0] 0.9651785714285714
[1.0, 0.0, 1.0, 0.0, 0.0, 0.0, 3.0, 0.0, 2.0, 8.0, 8, 32.0, 15381.4] 0.8707642857142857
[1, 0, 0.0, 0.0, 0.0, 1.0, 4.0, 0.0, 2.0, 10.0, 8.0, 128.0, 16581.2] 0.9136142857142857
[1.0, 0.0, 1.0, 0, 0.0, 0.0, 2.0, 0.0, 1.0, 8.0, 10.0, 128.0, 15540.0] 0.8764285714285714
[1.0, 0.0, 0.0, 0, 0.0, 0.0, 3.0, 0.0, 2.0, 16, 10.0, 0, 12559.8] 0.7699928571428571
[1.0, 0.0, 0, 0.0, 0, 1.0, 4.0, 0.0, 1.0, 10.0, 10.0, 64.0, 15852.0] 0.8875714285714286
[1.0, 0.0, 1, 0.0, 0.0, 1.0, 2.0, 0.0, 2.0, 8.0, 8.0, 128.0, 16343.0] 0.9051071428571429
[1.0, 0.0, 1.0, 0, 0.0, 0, 4, 0.0, 2.0, 20.0, 10.0, 0.0, 11074.6] 0.6227575000000001
[1, 0.0, 0.0, 0.0, 0.0, 0.0, 3.0, 0, 1, 8.0, 10.0, 0, 18899.0] 0.9963928571428571
[1.0, 0, 1.0, 1.0, 1.0, 0.0, 2.0, 0.0, 3.0, 16.0, 8.0, 32, 10302.2] 0.5165525000000002
