[1, 0, 0, 0.0, 0.0, 0.0, 3.0, 0, 1.0, 8.0, 8.0, 20.0, 18336.8] 0.9763142857142857
[1.0, 0.0, 0.0, 0.0, 0.0, 0.0, 4.0, 0.0, 1.0, 10.0, 8.0, 8.0, 16397.6] 0.9070571428571428
[1.0, 0, 0.0, 0.0, 0.0, 1.0, 2, 0.0, 2.0, 10.0, 8, 128.0, 15172.8] 0.8633142857142857
[1.0, 0.0, 0.0, 0.0, 0.0, 0.0, 4.0, 0.0, 1.0, 8, 8, 0.0, 19332.8] 1.0
[1.0, 0, 1, 1.0, 1.0, 1.0, 2.0, 0.0, 1.0, 8, 8.0, 0.0, 16046.2] 0.894507142857143
[1, 1, 0, 0.0, 0, 1.0, 3.0, 0.0, 2.0, 8, 8.0, 128, 15647.6] 0.8802714285714286
[1.0, 0, 0, 0.0, 0, 0, 3, 0.0, 1, 8.0, 8.0, 0.0, 19673.8] 1.0
[1, 0.0, 0.0, 0.0, 0.0, 1.0, 3, 0, 1.0, 8.0, 8.0, 128.0, 19133.6] 1.0
[1, 0, 0.0, 0.0, 0, 0.0, 4.0, 0.0, 1.0, 10.0, 10.0, 0, 17357.2] 0.9413285714285715
[1.0, 0.0, 1.0, 1.0, 1.0, 0.0, 3.0, 0, 3.0, 8.0, 8, 128, 14794.6] 0.8498071428571429
[1.0, 0.0, 0.0, 0.0, 0.0, 1, 4.0, 0.0, 2.0, 8, 8.0, 0, 17704.2] 0.9537214285714286
[1.0, 0.0, 1.0, 0.0, 0.0, 0, 2.0, 0.0, 1.0, 8.0, 10.0, 128.0, 15540.0] 0.8764285714285714
[1.0, 0.0, 0.0, 0.0, 0.0, 1.0, 3, 0.0, 2.0, 8.0, 10.0, 0.0, 17161.4] 0.9343357142857143
[1.0, 0.0, 0.0, 0.0, 0.0, 1.0, 3.0, 0.0, 2.0, 8.0, 10, 20.0, 16728.8] 0.9188857142857143
[1.0, 1, 0, 0.0, 0, 0, 3.0, 0.0, 4.0, 8.0, 8.0, 32.0, 15501.4] 0.87505
[1, 0.0, 1.0, 0.0, 0, 0.0, 1.0, 0, 2, 8.0, 10.0, 32.0, 15030.4] 0.8582285714285715
[1.0, 0.0, 0, 0.0, 0.0, 0, 4.0, 0.0, 1, 8, 10, 20, 18010.4] 0.9646571428571429
[1.0, 0.0, 0.0, 0.0, 0.0, 1.0, 4.0, 0, 2.0, 10, 10.0, 8.0, 15399.8] 0.8714214285714286
[1.0, 0.0, 0, 0.0, 0.0, 1.0, 3.0, 0.0, 4.0, 8.0, 8.0, 64, 15819.4] 0.8864071428571428
[1.0, 0.0, 1.0, 0.0, 0.0, 1.0, 4.0, 0.0, 2, 8, 16.0, 20, 10984.0] 0.6103000000000001
[1.0, 0.0, 0.0, 0.0, 0.0, 0.0, 4.0, 0.0, 1.0, 8.0, 10.0, 10.0, 18025.0] 0.9651785714285714
[1.0, 0.0, 0, 0.0, 0.0, 0.0, 3.0, 0.0, 2.0, 8.0, 8, 32.0, 18826.2] 0.9937928571428571
[1.0, 0, 0, 0.0, 0.0, 0, 4.0, 0.0, 2.0, 10.0, 8.0, 128.0, 17769.8] 0.9560642857142857
[1.0, 0.0, 0.0, 0.0, 0.0, 0.0, 4.0, 0.0, 1, 8.0, 10, 0.0, 18857.4] 0.9949071428571429
[1.0, 0, 1.0, 1.0, 1.0, 0.0, 3.0, 0.0, 2.0, 8, 10.0, 0, 15167.0] 0.8631071428571429
[1.0, 0.0, 0, 0.0, 0, 0, 4.0, 0.0, 1.0, 10.0, 10.0, 64.0, 17328.4] 0.9403
[1.0, 0.0, 1, 0.0, 0.0, 1.0, 2.0, 0.0, 2.0, 8.0, 8.0, 128.0, 16343.0] 0.9051071428571429
[1, 0, 1.0, 0.0, 0.0, 0, 1, 0.0, 4.0, 8.0, 10.0, 0, 14380.6] 0.8350214285714286
[1, 0.0, 0.0, 0.0, 0.0, 0.0, 3.0, 0, 1, 8.0, 10.0, 0, 18899.0] 0.9963928571428571
[1, 0, 1.0, 1.0, 1.0, 1.0, 2.0, 0.0, 4, 16.0, 8.0, 64, 10505.0] 0.5444375
