[0.0, 1.0, 0.0, 1.0, 0.0, 0.0, 0.0, 1.0, 1.0, 0.0, 0.0, 1024.0, 6.0, 6.0, 4175.8] 0.9869850008095735
[0.0, 1.0, 0.0, 1.0, 0.0, 0.0, 0.0, 1.0, 1.0, 0.0, 0.0, 256.0, 5.0, 5.0, 3576.62] 0.9517064339019974
[0.0, 1.0, 0.0, 1.0, 0.0, 0.0, 0.0, 1.0, 0.0, 1.0, 0.0, 4096.0, 6.0, 2.0, 2980.11] 0.9165850714632675
[0.0, 1.0, 0.0, 1.0, 0.0, 1.0, 0.0, 0.0, 1.0, 0.0, 0.0, 4096.0, 5.0, 6.0, 601.159] 0.235374254589525
[0.0, 1.0, 0.0, 1.0, 0.0, 0.0, 0.0, 1.0, 1.0, 0.0, 0.0, 256.0, 6.0, 5.0, 3921.21] 0.9719952308756642
[0.0, 1.0, 0.0, 1.0, 0.0, 0.0, 0.0, 1.0, 1.0, 0.0, 0.0, 256.0, 6.0, 3.0, 3217.51] 0.9305627272325832
[0.0, 1.0, 0.0, 1.0, 0.0, 1.0, 1.0, 0.0, 0.0, 0.0, 0.0, 4096.0, 5.0, 6.0, 655.096] 0.2650871080139373
[0.0, 1.0, 0.0, 1.0, 0.0, 1.0, 0.0, 0.0, 0.0, 1.0, 0.0, 4096.0, 6.0, 5.0, 654.309] 0.26465356488686287
[0.0, 1.0, 0.0, 1.0, 0.0, 0.0, 0.0, 1.0, 1.0, 0.0, 0.0, 256.0, 4.0, 2.0, 2166.22] 0.8686647923811767
[0.0, 1.0, 0.0, 1.0, 0.0, 0.0, 0.0, 1.0, 1.0, 0.0, 0.0, 4096.0, 6.0, 5.0, 3981.36] 0.9755367472805687
[0.0, 1.0, 0.0, 1.0, 0.0, 0.0, 1.0, 1.0, 0.0, 0.0, 0.0, 4096.0, 6.0, 5.0, 4047.76] 0.9794462516743454
[0.0, 1.0, 0.0, 1.0, 0.0, 0.0, 0.0, 1.0, 0.0, 1.0, 0.0, 4096.0, 5.0, 5.0, 3687.18] 0.9582159942299483
[0.0, 1.0, 0.0, 1.0, 0.0, 0.0, 0.0, 1.0, 1.0, 0.0, 0.0, 256.0, 4.0, 5.0, 3225.5] 0.9310331630775571
[0.0, 1.0, 0.0, 1.0, 0.0, 0.0, 0.0, 1.0, 0.0, 1.0, 0.0, 256.0, 4.0, 4.0, 2913.51] 0.912663791453847
[0.0, 1.0, 0.0, 1.0, 0.0, 0.0, 1.0, 1.0, 0.0, 0.0, 0.0, 4096.0, 6.0, 6.0, 4396.85] 1.0
[0.0, 1.0, 0.0, 1.0, 0.0, 0.0, 0.0, 1.0, 0.0, 1.0, 0.0, 4096.0, 1.0, 4.0, 1923.74] 0.8543880359745059
[0.0, 1.0, 0.0, 1.0, 0.0, 0.0, 0.0, 1.0, 0.0, 1.0, 0.0, 4096.0, 2.0, 6.0, 2996.89] 0.9175730456157911
[0.0, 1.0, 0.0, 1.0, 0.0, 0.0, 0.0, 1.0, 0.0, 1.0, 0.0, 256.0, 6.0, 4.0, 3612.59] 0.9538242783755538
[0.0, 1.0, 0.0, 1.0, 0.0, 1.0, 0.0, 0.0, 1.0, 0.0, 0.0, 4096.0, 6.0, 6.0, 643.311] 0.2585949787222322
[0.0, 1.0, 0.0, 1.0, 0.0, 0.0, 0.0, 1.0, 0.0, 1.0, 0.0, 64.0, 6.0, 4.0, 3474.53] 0.945695570896566
[0.0, 1.0, 0.0, 1.0, 0.0, 0.0, 0.0, 1.0, 0.0, 1.0, 0.0, 64.0, 6.0, 1.0, 2457.13] 0.8857930141160193
[0.0, 1.0, 0.0, 1.0, 0.0, 0.0, 0.0, 1.0, 0.0, 1.0, 0.0, 1024.0, 5.0, 6.0, 3894.73] 0.9704361393644112
[0.0, 1.0, 0.0, 1.0, 0.0, 0.0, 0.0, 1.0, 1.0, 0.0, 0.0, 1024.0, 2.0, 0.0, 757.245] 0.32135902273760175
[0.0, 1.0, 0.0, 1.0, 0.0, 1.0, 0.0, 0.0, 1.0, 0.0, 0.0, 4096.0, 5.0, 5.0, 556.355] 0.210692594785914
[0.0, 1.0, 0.0, 1.0, 0.0, 0.0, 1.0, 1.0, 0.0, 0.0, 0.0, 64.0, 6.0, 6.0, 4298.12] 0.9941869673373861
[0.0, 1.0, 0.0, 1.0, 0.0, 0.0, 0.0, 1.0, 0.0, 1.0, 0.0, 4096.0, 6.0, 6.0, 4392.68] 0.9997544784138246
[0.0, 1.0, 0.0, 1.0, 0.0, 0.0, 1.0, 1.0, 0.0, 0.0, 0.0, 4096.0, 2.0, 4.0, 2286.12] 0.875724273959698
[0.0, 1.0, 0.0, 1.0, 0.0, 0.0, 0.0, 1.0, 0.0, 1.0, 0.0, 4096.0, 6.0, 4.0, 3686.21] 0.9581588824940754
[0.0, 1.0, 0.0, 1.0, 0.0, 0.0, 1.0, 1.0, 0.0, 0.0, 0.0, 1024.0, 6.0, 6.0, 4327.98] 0.9959450667530212
[0.0, 1.0, 0.0, 1.0, 0.0, 0.0, 0.0, 1.0, 0.0, 1.0, 0.0, 1024.0, 5.0, 5.0, 3540.49] 0.9495791689359259
