[0.0, 0.0, 0.0, 1.0, 0.0, 1.0, 1.0, 0.0, 0.0, 1.0, 0.0, 1.0, 0.0, 1.0, 1.0, 0.0, 0.0, 90.0, 3.37] 0
[1.0, 1.0, 0.0, 0.0, 1.0, 0.0, 0.0, 0.0, 0.0, 0.0, 0.0, 0.0, 0.0, 0.0, 0.0, 0.0, 1.0, 10.0, 2.6] 0
[0.0, 0.0, 1.0, 1.0, 0.0, 0.0, 1.0, 0.0, 0.0, 0.0, 0.0, 1.0, 1.0, 1.0, 0.0, 1.0, 0.0, 10.0, 7.88] 0.8338461538461538
[0, 0.0, 0.0, 1.0, 0.0, 1, 1, 0, 0, 1.0, 0.0, 1, 0, 1.0, 1, 0.0, 0.0, 10.0, 7.71] 0.7553846153846153
[0.0, 0.0, 0.0, 0.0, 0.0, 0.0, 0.0, 0.0, 0.0, 1.0, 1.0, 0.0, 0.0, 0.0, 1.0, 0.0, 0.0, 10.0, 3.72] 0
[0.0, 0.0, 1.0, 1.0, 0.0, 0, 0.0, 0.0, 0.0, 1.0, 0.0, 1.0, 0, 1.0, 0.0, 0.0, 0.0, 10.0, 7.82] 0.8061538461538462
[0, 0.0, 0.0, 1.0, 0.0, 0.0, 0.0, 0.0, 0.0, 1.0, 0.0, 0, 0.0, 1.0, 1, 0.0, 0.0, 10.0, 7.39] 0.6493670886075948
[0, 0.0, 1, 1.0, 0.0, 1, 1, 0.0, 0, 0, 0.0, 1.0, 0, 1.0, 0, 0.0, 1, 10.0, 7.95] 0.8661538461538462
[0.0, 0.0, 0.0, 1.0, 0.0, 0.0, 0.0, 0.0, 1.0, 0.0, 0.0, 0.0, 0.0, 0.0, 0.0, 0.0, 1.0, 10.0, 3.89] 0
[0.0, 0.0, 0.0, 1.0, 0.0, 0.0, 0, 0.0, 0.0, 0.0, 0.0, 1.0, 1, 1, 1.0, 0.0, 1, 10.0, 7.19] 0.59873417721519
[0.0, 0.0, 0.0, 1.0, 0, 1.0, 1.0, 0.0, 0.0, 0.0, 0, 1, 0.0, 1.0, 1.0, 0.0, 1.0, 10, 7.13] 0.5835443037974684
[0.0, 0.0, 0.0, 1.0, 0.0, 0.0, 0.0, 0.0, 0.0, 0.0, 0.0, 0.0, 1.0, 1.0, 1.0, 0.0, 1.0, 90.0, 3.31] 0
[0.0, 0.0, 0.0, 0.0, 1.0, 0.0, 1.0, 0.0, 0.0, 1.0, 0.0, 0.0, 0.0, 0.0, 1.0, 0.0, 0.0, 90.0, 2.13] 0
[0.0, 0.0, 1.0, 1.0, 0.0, 1.0, 1.0, 0.0, 0.0, 1.0, 0.0, 0.0, 1.0, 1.0, 0.0, 0.0, 0.0, 10.0, 7.86] 0.8246153846153847
[0.0, 0.0, 1.0, 1.0, 0.0, 0.0, 1.0, 0.0, 0.0, 1.0, 0.0, 1.0, 1.0, 1.0, 0.0, 0.0, 0.0, 10.0, 8.25] 1.0
[0, 0, 1.0, 1, 0.0, 0, 0, 0.0, 0.0, 1.0, 0.0, 1, 0, 1, 0.0, 0.0, 0, 10, 7.82] 0.8061538461538462
[0.0, 0.0, 1.0, 1.0, 0.0, 1.0, 1.0, 0.0, 0, 0.0, 0.0, 1.0, 0.0, 1.0, 0.0, 0.0, 1.0, 10.0, 7.95] 0.8661538461538462
[0.0, 0.0, 0.0, 1.0, 0.0, 1.0, 1.0, 0.0, 0.0, 0.0, 0.0, 1.0, 1.0, 1.0, 1.0, 1.0, 0.0, 10.0, 7.25] 0.6139240506329114
[0, 0.0, 1.0, 1.0, 0, 1, 1.0, 0.0, 0, 1, 0.0, 1, 0, 1.0, 0.0, 0, 0.0, 10.0, 7.77] 0.7830769230769229
[0.0, 0.0, 1.0, 1.0, 0.0, 0.0, 1.0, 0.0, 0.0, 0.0, 0.0, 1.0, 0.0, 1.0, 0.0, 1.0, 0.0, 10.0, 8.16] 0.963076923076923
[0.0, 0.0, 1.0, 1.0, 0.0, 1, 1.0, 0.0, 0, 0.0, 0, 1.0, 0.0, 1, 0.0, 0, 1.0, 10.0, 7.95] 0.8661538461538462
[0.0, 0.0, 0.0, 0.0, 0.0, 0.0, 1.0, 0.0, 0.0, 0.0, 1.0, 1.0, 0.0, 0.0, 1.0, 1.0, 0.0, 90.0, 2.43] 0
[0.0, 0.0, 1, 1.0, 0.0, 1.0, 1, 0.0, 0.0, 0.0, 0.0, 1, 0, 1, 0.0, 0, 1.0, 10, 7.95] 0.8661538461538462
[0.0, 0.0, 1.0, 1.0, 0.0, 0.0, 1.0, 0.0, 0.0, 0.0, 0.0, 1.0, 1.0, 1.0, 0.0, 1.0, 0.0, 10.0, 7.88] 0.8338461538461538
[0, 0.0, 1.0, 1.0, 0.0, 1.0, 0, 0, 0.0, 0.0, 0.0, 0.0, 1.0, 1, 0.0, 0.0, 1.0, 10.0, 7.76] 0.7784615384615383
[0.0, 0.0, 0.0, 1, 0.0, 0.0, 0.0, 0, 0.0, 0, 0.0, 0, 1, 1.0, 1.0, 1.0, 0.0, 10.0, 7.29] 0.6240506329113924
[0.0, 0.0, 0.0, 0.0, 0.0, 0.0, 1.0, 0.0, 1.0, 1.0, 1.0, 0.0, 1.0, 0.0, 0.0, 0.0, 0.0, 90.0, 2.44] 0
[0.0, 1.0, 0.0, 1.0, 0.0, 0.0, 0.0, 0.0, 0.0, 1.0, 0.0, 0.0, 1.0, 1.0, 0.0, 0.0, 0.0, 90.0, 3.24] 0
[0.0, 0.0, 0.0, 1.0, 0.0, 1.0, 0.0, 0.0, 1.0, 0.0, 0.0, 0.0, 0.0, 1.0, 0.0, 1.0, 0.0, 10.0, 4.92] 0
[0.0, 0.0, 0.0, 1.0, 0.0, 0.0, 1.0, 0.0, 1.0, 0.0, 0.0, 1.0, 0.0, 1.0, 0.0, 0.0, 1.0, 90.0, 3.23] 0
