[0.0, 1.0, 1, 1.0, 1, 1, 1.0, 0.0, 0, 0, 0, 1, 171.5690527] 0.9998976651634341
[0, 1, 1.0, 1.0, 1.0, 1.0, 1, 0, 0.0, 0, 1.0, 0, 171.6423678] 1.0
[0, 1.0, 1, 1.0, 1.0, 1.0, 1.0, 0, 0.0, 0, 0.0, 0.0, 171.3028867] 0.9995261447793745
[1, 1.0, 0, 1, 1.0, 1.0, 1, 0.0, 0.0, 1.0, 1.0, 0, 170.7705431] 0.9987830878197189
[0.0, 1.0, 1, 1.0, 1.0, 1, 1.0, 0, 0, 0, 0.0, 1, 171.5690527] 0.9998976651634341
[0.0, 1.0, 0.0, 1.0, 1.0, 1.0, 1.0, 1.0, 0.0, 0, 1, 0.0, 170.735281] 0.9987338682013801
[0.0, 1, 0.0, 1, 1, 1.0, 1.0, 0.0, 1.0, 1.0, 0.0, 1.0, 171.1972303] 0.9993786672416486
[0, 1.0, 1, 1.0, 1, 1, 1.0, 0, 0, 0.0, 1, 0.0, 171.6423678] 1.0
[0, 1.0, 1.0, 1, 1.0, 1, 1.0, 1.0, 1, 0.0, 0.0, 1, 170.5469792] 0.9984710323881841
[0.0, 1, 0.0, 1.0, 1.0, 1.0, 1.0, 1.0, 0.0, 0, 1, 0.0, 170.735281] 0.9987338682013801
[0, 1.0, 1, 1, 1.0, 1.0, 1.0, 0.0, 0.0, 0, 0, 1.0, 171.5690527] 0.9998976651634341
[0.0, 1, 1, 1.0, 1, 1, 1, 1.0, 1, 0.0, 0.0, 1, 170.5469792] 0.9984710323881841
[0.0, 1.0, 1.0, 1.0, 1.0, 1.0, 1.0, 0.0, 0, 0, 0, 0.0, 171.3028867] 0.9995261447793745
[0, 1, 0.0, 1, 1.0, 1, 1.0, 1.0, 0, 0.0, 1.0, 0.0, 170.735281] 0.9987338682013801
[0.0, 1.0, 0, 1.0, 1.0, 1.0, 1.0, 1, 1.0, 0, 0, 0, 170.6651847] 0.9986360262369777
[1, 1.0, 1.0, 1, 1.0, 1.0, 1.0, 0.0, 0, 1.0, 1.0, 1.0, 170.6573937] 0.998625151387026
[0.0, 1.0, 1.0, 1.0, 1.0, 1.0, 1.0, 0.0, 0.0, 1.0, 0.0, 1.0, 170.6936717] 0.9986757890210324
[0.0, 1, 1.0, 1.0, 1.0, 1, 1, 0, 0, 0, 0.0, 1, 171.5690527] 0.9998976651634341
[0.0, 1.0, 1.0, 1.0, 1.0, 1.0, 1, 0.0, 0.0, 0, 0.0, 1.0, 171.5690527] 0.9998976651634341
[0.0, 1.0, 1.0, 1.0, 1.0, 1.0, 1.0, 1.0, 1, 0, 0, 1, 170.5469792] 0.9984710323881841
[0, 1.0, 0.0, 1.0, 1.0, 1.0, 1, 0.0, 0.0, 0, 0, 1.0, 171.4235804] 0.9996946117127078
[0, 1.0, 0, 1.0, 1.0, 1.0, 1, 1.0, 1, 0.0, 0, 0.0, 170.6651847] 0.9986360262369777
[1.0, 1.0, 1.0, 1.0, 1.0, 1.0, 1.0, 0, 0, 1.0, 1.0, 1.0, 170.6573937] 0.998625151387026
[0.0, 1.0, 1.0, 1.0, 1.0, 1.0, 1.0, 0.0, 0, 0, 1.0, 0, 171.6423678] 1.0
[0.0, 1.0, 0.0, 1.0, 1.0, 1.0, 1.0, 1.0, 1, 0, 1.0, 1.0, 170.4742329] 0.9983694914952267
[0.0, 1, 0.0, 1.0, 1.0, 1.0, 1.0, 0.0, 0, 0, 0.0, 1.0, 171.4235804] 0.9996946117127078
[0.0, 1.0, 0.0, 1.0, 1.0, 1.0, 1.0, 1.0, 1.0, 0.0, 0.0, 0.0, 170.6651847] 0.9986360262369777
[0, 1.0, 1, 1, 1.0, 1.0, 1, 0.0, 0, 0.0, 0.0, 1.0, 171.5690527] 0.9998976651634341
[0.0, 1.0, 0.0, 1.0, 1.0, 1, 1.0, 0.0, 0.0, 1.0, 0.0, 0, 170.2871644] 0.9981083771494219
[0, 1, 0, 1, 1, 1.0, 1.0, 1.0, 1.0, 0.0, 0, 0, 170.6651847] 0.9986360262369777
