[0.0, 1.0, 0, 1.0, 1.0, 1, 1.0, 0.0, 0, 0.0, 1.0, 0.0, 170.2039185] 0.9979921806827831
[0, 1.0, 1.0, 1.0, 1.0, 1.0, 1, 1, 0.0, 1, 1.0, 0, 170.2567158] 0.9980658763207433
[1.0, 1.0, 1, 1.0, 1.0, 1.0, 1.0, 1.0, 0.0, 1.0, 0.0, 0.0, 170.0739989] 0.9978108360343724
[1, 1.0, 1, 1, 1.0, 1.0, 1.0, 0.0, 0.0, 1.0, 1.0, 1, 170.6573937] 0.998625151387026
[0.0, 1.0, 0.0, 1.0, 1.0, 1, 1, 0.0, 0.0, 0.0, 0.0, 1, 171.4235804] 0.9996946117127078
[0.0, 1.0, 0.0, 1.0, 1.0, 1.0, 1.0, 1.0, 0.0, 0, 1, 0.0, 170.735281] 0.9987338682013801
[1, 1.0, 1.0, 1, 1.0, 1.0, 1.0, 0, 1.0, 0.0, 1.0, 0.0, 168.896733] 0.9961675822780386
[1.0, 1.0, 1.0, 1.0, 0.0, 1, 1.0, 0, 1.0, 0.0, 1.0, 1, 123.2186689] 0.9324091310951897
[0.0, 1.0, 1, 1.0, 1.0, 1.0, 0, 1.0, 1.0, 0.0, 0.0, 0.0, 124.9674401] 0.9348501045773644
[0.0, 0, 0.0, 1.0, 1.0, 1.0, 1.0, 0.0, 1, 0.0, 0.0, 1.0, 105.1046064] 0.9071251224055719
[0, 1.0, 1, 1, 1.0, 1.0, 1.0, 0.0, 0.0, 1.0, 0.0, 1.0, 170.6936717] 0.9986757890210324
[0.0, 1, 0.0, 1.0, 1.0, 1.0, 1.0, 0.0, 1, 0.0, 0.0, 1.0, 170.4570768] 0.998345544631762
[0.0, 1.0, 1.0, 1.0, 1.0, 1.0, 1.0, 0.0, 1.0, 1.0, 1.0, 0.0, 170.1067212] 0.9978565105437512
[0, 1, 0.0, 1, 1.0, 1, 1.0, 1.0, 0, 0.0, 1.0, 0.0, 170.735281] 0.9987338682013801
[0.0, 1.0, 1.0, 1.0, 1.0, 1, 1.0, 0.0, 1.0, 1, 1.0, 0.0, 170.1067212] 0.9978565105437512
[1, 1.0, 1.0, 1, 1.0, 1.0, 1.0, 0.0, 0, 1.0, 1.0, 1.0, 170.6573937] 0.998625151387026
[0.0, 1.0, 1.0, 1.0, 1.0, 1.0, 1.0, 0.0, 0.0, 1.0, 0.0, 1.0, 170.6936717] 0.9986757890210324
[0.0, 1.0, 1.0, 1.0, 1.0, 1, 1.0, 0.0, 0, 1.0, 0.0, 0.0, 170.2257285] 0.9980226235627014
[0.0, 1.0, 1.0, 1.0, 1.0, 1.0, 1, 0.0, 0.0, 1, 0.0, 0, 170.2257285] 0.9980226235627014
[1, 1.0, 1.0, 1.0, 1.0, 1.0, 1, 1.0, 0.0, 1.0, 0.0, 0.0, 170.0739989] 0.9978108360343724
[1, 1.0, 1, 1.0, 1.0, 1, 1.0, 1.0, 0.0, 0, 0.0, 1.0, 169.4890268] 0.9969943190515264
[1.0, 1.0, 1.0, 1.0, 1.0, 1, 1, 1.0, 0.0, 1, 1.0, 0.0, 169.1205559] 0.9964799992274962
[1.0, 1.0, 1, 1.0, 1.0, 1.0, 1, 1.0, 1.0, 1.0, 1.0, 1.0, 169.4363217] 0.9969207521083635
[0.0, 1.0, 0.0, 1.0, 1.0, 1.0, 1.0, 0.0, 0, 0, 1.0, 0, 170.2039185] 0.9979921806827831
[0.0, 1.0, 0.0, 1.0, 1.0, 1.0, 1.0, 0.0, 1, 1.0, 1.0, 1.0, 170.0842576] 0.9978251553545108
[1.0, 1.0, 0.0, 1.0, 1.0, 1.0, 1.0, 0.0, 1.0, 0.0, 0.0, 1.0, 170.3206944] 0.9981551790643078
[0.0, 1.0, 0.0, 1.0, 1.0, 1.0, 1.0, 1.0, 1.0, 0.0, 0.0, 0.0, 170.6651847] 0.9986360262369777
[0, 1.0, 0.0, 1, 1.0, 1.0, 1.0, 0, 1.0, 0.0, 0.0, 1.0, 170.4570768] 0.998345544631762
[0.0, 1.0, 0.0, 1.0, 1.0, 0.0, 1.0, 0.0, 0.0, 1.0, 0.0, 0.0, 117.2540631] 0.924083602524371
[1.0, 1.0, 0.0, 1.0, 0.0, 1.0, 1.0, 1.0, 1.0, 0.0, 1.0, 0, 124.1992936] 0.9337779087195385
