[3.51486096e-01 2.61799292e-01 5.06100807e-01 4.43161001e-01
 4.09295188e-02 3.55917317e-01 7.50619865e-01 6.75077630e-01
 2.73037296e-01 1.09604106e-02 7.27218079e-02 2.99899184e-01
 9.96936686e-01 4.88350757e-01 4.01316236e+03 1.48795698e+00] 0.3093119999999999
[  1.   1.   0.   1.   0.   1.   0.   1.   0.   0.   1.   1.   1.   0.
 512.   1.] 0.28441600000000106
[1.000e+00 1.000e+00 0.000e+00 1.000e+00 0.000e+00 1.000e+00 0.000e+00
 1.000e+00 0.000e+00 0.000e+00 1.000e+00 1.000e+00 1.000e+00 0.000e+00
 1.024e+03 9.000e+00] 0.3779840000000013
[1.000e+00 1.000e+00 0.000e+00 1.000e+00 1.000e+00 0.000e+00 1.000e+00
 1.000e+00 0.000e+00 0.000e+00 0.000e+00 1.000e+00 0.000e+00 1.000e+00
 4.096e+03 5.000e+00] 0.3775680000000011
[  1.   1.   0.   1.   0.   1.   1.   1.   0.   0.   0.   1.   0.   1.
 512.   1.] 0.3023680000000013
[9.77261839e-01 4.72030342e-01 2.50625341e-02 5.83019695e-01
 3.57595556e-01 3.18686786e-01 1.24722320e-03 8.81479621e-01
 3.39773804e-01 1.46357738e-01 9.43035317e-01 9.93072487e-01
 9.52924425e-02 7.21049229e-01 3.23076784e+03 3.28625887e+00] 0.4412800000000061
[  1.   1.   0.   1.   0.   1.   0.   1.   0.   0.   1.   1.   0.   1.
 512.   5.] 0.37107199999999924
[  1.   1.   1.   0.   0.   0.   1.   1.   0.   0.   0.   1.   0.   1.
 512.   1.] 0.5479600000000004
[1.000e+00 1.000e+00 1.000e+00 0.000e+00 0.000e+00 0.000e+00 1.000e+00
 1.000e+00 0.000e+00 0.000e+00 0.000e+00 1.000e+00 1.000e+00 0.000e+00
 4.096e+03 1.000e+00] 0.3808959999999979
[1.000e+00 1.000e+00 1.000e+00 0.000e+00 0.000e+00 0.000e+00 0.000e+00
 1.000e+00 0.000e+00 0.000e+00 1.000e+00 1.000e+00 1.000e+00 0.000e+00
 2.048e+03 5.000e+00] 0.3726080000000002
[1.000e+00 1.000e+00 1.000e+00 0.000e+00 0.000e+00 0.000e+00 0.000e+00
 1.000e+00 0.000e+00 0.000e+00 0.000e+00 1.000e+00 0.000e+00 1.000e+00
 1.024e+03 5.000e+00] 0.8121999999999985
[  1.   1.   0.   1.   0.   1.   1.   0.   1.   0.   1.   1.   0.   1.
 512.   0.] 0.3182720000000018
[1.000e+00 1.000e+00 0.000e+00 1.000e+00 0.000e+00 1.000e+00 1.000e+00
 0.000e+00 1.000e+00 0.000e+00 1.000e+00 1.000e+00 1.000e+00 0.000e+00
 1.024e+03 0.000e+00] 0.37971199999999955
[1.000e+00 1.000e+00 0.000e+00 1.000e+00 0.000e+00 0.000e+00 1.000e+00
 1.000e+00 0.000e+00 0.000e+00 1.000e+00 1.000e+00 0.000e+00 1.000e+00
 4.096e+03 1.000e+00] 0.7441900000000004
[9.76561288e-01 2.57230919e-01 2.66756141e-01 9.93956515e-01
 6.89841798e-02 2.33944995e-01 9.84272699e-01 4.39165798e-01
 9.91186445e-01 3.95127687e-01 4.18982397e-01 2.99846235e-01
 9.47662686e-01 2.53812808e-01 2.50504980e+03 1.63865699e-01] 0.2805119999999988
[9.63630511e-01 7.85692855e-01 2.43624298e-01 5.49354553e-01
 1.31575727e-01 4.17461149e-01 6.99071400e-01 8.86847207e-01
 1.15113422e-01 4.94336490e-02 5.99372953e-01 9.91663737e-01
 8.88592932e-01 4.97451509e-01 2.36004199e+03 1.31832437e+00] 0.528879999999998
[8.44902567e-01 8.17270361e-01 8.27031153e-01 3.26792108e-01
 1.53861318e-02 9.80999251e-02 9.97202329e-01 9.94949162e-01
 3.34272504e-01 4.59122628e-01 1.07840617e-01 6.55784816e-01
 9.23276819e-02 9.81208593e-01 3.05249487e+03 7.26119524e+00] 0.5769999999999925
[8.90016884e-01 7.74752585e-01 5.99925199e-01 4.10310800e-01
 6.57208457e-02 1.54797032e-01 3.11562720e-01 3.80286918e-01
 9.35965284e-01 4.82937503e-01 9.53745319e-01 9.71063317e-01
 1.87453362e-03 8.20613129e-01 1.11474145e+03 2.56738507e-01] 0.7530399999999999
[9.41614670e-01 9.91071523e-01 3.50656890e-01 9.35690495e-01
 3.45967412e-01 2.45157009e-01 9.71530080e-01 7.55427361e-01
 1.08844653e-01 4.14946616e-01 7.03500032e-01 6.87951973e-01
 9.97338141e-01 2.70280692e-02 1.78977417e+03 3.02353513e+00] 0.5673999999999978
[1.000e+00 1.000e+00 0.000e+00 1.000e+00 0.000e+00 0.000e+00 1.000e+00
 1.000e+00 0.000e+00 0.000e+00 1.000e+00 1.000e+00 0.000e+00 1.000e+00
 4.096e+03 1.000e+00] 0.3407040000000007
[9.40428721e-01 7.31466347e-01 6.47457560e-01 1.14658197e-02
 4.23140444e-01 3.16749197e-01 6.45159422e-02 9.54867429e-01
 6.16933123e-02 3.65831653e-01 9.73566042e-01 3.06294069e-01
 6.23845507e-01 2.99024923e-01 2.65506364e+03 5.15537355e-01] 0.28684799999999994
[1.000e+00 1.000e+00 1.000e+00 0.000e+00 0.000e+00 0.000e+00 1.000e+00
 1.000e+00 0.000e+00 0.000e+00 1.000e+00 1.000e+00 1.000e+00 0.000e+00
 1.024e+03 9.000e+00] 0.504520000000008
[1.000e+00 1.000e+00 0.000e+00 1.000e+00 0.000e+00 0.000e+00 0.000e+00
 0.000e+00 1.000e+00 0.000e+00 1.000e+00 1.000e+00 1.000e+00 0.000e+00
 2.048e+03 0.000e+00] 0.5081200000000081
[  1.   1.   0.   1.   0.   0.   1.   0.   1.   0.   0.   1.   0.   1.
 512.   0.] 0.4315600000000075
[1.000e+00 1.000e+00 0.000e+00 1.000e+00 1.000e+00 0.000e+00 0.000e+00
 0.000e+00 1.000e+00 0.000e+00 1.000e+00 1.000e+00 0.000e+00 1.000e+00
 4.096e+03 0.000e+00] 0.7046199999999998
[1.000e+00 1.000e+00 0.000e+00 1.000e+00 1.000e+00 0.000e+00 0.000e+00
 1.000e+00 0.000e+00 0.000e+00 1.000e+00 1.000e+00 0.000e+00 1.000e+00
 4.096e+03 9.000e+00] 0.30630400000000013
[1.000e+00 1.000e+00 1.000e+00 0.000e+00 0.000e+00 0.000e+00 0.000e+00
 1.000e+00 0.000e+00 0.000e+00 0.000e+00 1.000e+00 0.000e+00 1.000e+00
 1.024e+03 5.000e+00] 0.5490400000000022
[1.000e+00 1.000e+00 0.000e+00 1.000e+00 1.000e+00 0.000e+00 0.000e+00
 1.000e+00 0.000e+00 0.000e+00 0.000e+00 1.000e+00 0.000e+00 1.000e+00
 2.048e+03 1.000e+00] 0.5222800000000006
[1.000e+00 1.000e+00 0.000e+00 1.000e+00 1.000e+00 0.000e+00 0.000e+00
 1.000e+00 0.000e+00 0.000e+00 1.000e+00 1.000e+00 0.000e+00 1.000e+00
 1.024e+03 1.000e+00] 0.5393200000000036
[9.19789966e-01 7.38621716e-01 7.55530819e-02 9.02862310e-01
 5.44621050e-01 5.62025681e-02 3.54245216e-01 1.14275455e-02
 9.89618812e-01 4.50846032e-02 9.59476200e-01 7.89312738e-01
 7.71990512e-03 5.16761184e-01 2.33731396e+03 1.69842085e-02] 0.3757439999999997
