[1, 0.0, 0.0, 0.0, 0, 0.0, 0.0, 1.0, 1.0, 0.0, 1.0, 0, 0.0, 1.0, 0, 0.0, 0, 0.0, 0, 1.0, 0.0, 1, 0, 1, 1.0, 0.0, 1.0, 1.0, 1.0, 0, 0.0, 1.0, 1.0, 0.0, 1.0, 1.0, 0.0, 0.0, 0, 15.6228985112257] 0.381932340817133
[1, 0, 1.0, 0.0, 1.0, 0.0, 0.0, 1.0, 0.0, 0.0, 1.0, 1, 0.0, 1.0, 0.0, 0.0, 1.0, 0.0, 0.0, 0.0, 0.0, 0, 0.0, 1.0, 1.0, 0.0, 1.0, 1.0, 1.0, 0.0, 0.0, 1.0, 1.0, 0.0, 1.0, 1.0, 0.0, 0.0, 0.0, 15.5851754009194] 0.3567836006129337
[1.0, 0.0, 1.0, 0, 0, 0.0, 1, 1.0, 0.0, 0.0, 1.0, 1, 1, 1.0, 0.0, 0.0, 0, 0, 0.0, 0.0, 0, 0, 0.0, 1.0, 1.0, 1.0, 0, 1.0, 1, 0.0, 0, 1, 1, 0, 1.0, 1.0, 0.0, 0, 0.0, 16.3794797693521] 0.8863198462347333
[1.0, 0.0, 1.0, 0.0, 0.0, 1.0, 0.0, 1.0, 0.0, 0.0, 1.0, 0.0, 0.0, 1.0, 0.0, 0.0, 0.0, 0.0, 1.0, 0.0, 0.0, 0.0, 0.0, 1.0, 1.0, 1.0, 0.0, 1.0, 1.0, 0.0, 0.0, 1.0, 1.0, 0.0, 1.0, 0.0, 0.0, 1.0, 0.0, 16.283568581708302] 0.822379054472202
[1.0, 0.0, 1.0, 0.0, 0.0, 1.0, 0.0, 1.0, 1.0, 0, 1.0, 0.0, 0.0, 1, 1.0, 0, 0.0, 0.0, 0.0, 0.0, 0.0, 0, 0.0, 1.0, 1.0, 1.0, 0.0, 1.0, 1.0, 0.0, 0.0, 1.0, 1, 0, 1, 1.0, 0.0, 0, 0.0, 16.2876241963985] 0.8250827975990012
[1.0, 0.0, 0.0, 0.0, 0.0, 0.0, 0.0, 1.0, 1.0, 1, 1.0, 0.0, 0.0, 1.0, 0.0, 0.0, 0.0, 0.0, 0, 0.0, 0.0, 0.0, 0.0, 1.0, 1.0, 0.0, 1.0, 1.0, 1.0, 0.0, 0, 1.0, 0.0, 1.0, 1.0, 1.0, 0.0, 0.0, 0.0, 15.926592412278] 0.5843949415186669
[1.0, 0.0, 1.0, 0.0, 0.0, 0.0, 1.0, 1.0, 0.0, 0.0, 1.0, 0.0, 0.0, 1.0, 0.0, 1.0, 0.0, 0.0, 0.0, 0.0, 0.0, 0.0, 0.0, 1.0, 1.0, 1.0, 0.0, 1.0, 1.0, 0.0, 0.0, 1.0, 1.0, 0.0, 1.0, 0.0, 0.0, 1.0, 0.0, 16.0717777444646] 0.6811851629764014
[1.0, 0, 1.0, 0, 0.0, 0.0, 1, 1.0, 0, 0, 1.0, 1, 0.0, 1.0, 0.0, 0, 0.0, 1, 0, 0, 0.0, 0, 0.0, 1.0, 1.0, 1.0, 0.0, 1.0, 1, 0, 0.0, 1.0, 1.0, 0, 1, 1.0, 0.0, 0.0, 0.0, 16.5638378085506] 0.9455105023751662
[1.0, 1.0, 1.0, 0.0, 0.0, 1.0, 0.0, 1.0, 0.0, 0.0, 1.0, 0.0, 0.0, 1.0, 0, 0.0, 1, 0, 0, 0.0, 0.0, 0.0, 0.0, 1.0, 1.0, 1.0, 0.0, 1, 1.0, 0.0, 0.0, 1.0, 1.0, 0.0, 1.0, 1.0, 0.0, 0.0, 0.0, 16.3006967605101] 0.8337978403400674
[1.0, 0.0, 1.0, 0.0, 0, 0.0, 1, 1.0, 0.0, 1.0, 1.0, 0.0, 0.0, 1.0, 0, 0.0, 0.0, 0.0, 0.0, 0.0, 1, 0.0, 0.0, 1, 1, 1, 0, 1, 1.0, 0, 0.0, 1, 1, 0.0, 1.0, 1.0, 0.0, 0.0, 0.0, 16.5810339927283] 0.9502872202023058
[1, 0.0, 1.0, 0.0, 0.0, 0, 1.0, 1.0, 0, 0.0, 1.0, 0.0, 1, 1.0, 0, 0, 0.0, 0.0, 1.0, 0.0, 0.0, 0, 0, 1.0, 1, 1, 0.0, 1.0, 1.0, 0, 0.0, 1.0, 1.0, 0, 1, 1.0, 0.0, 0.0, 0, 16.429231330999] 0.9081198141663889
[1.0, 0.0, 1.0, 0.0, 0, 0, 1.0, 1, 0.0, 0.0, 1, 1, 0, 1, 0, 0.0, 0.0, 0, 0, 0.0, 1, 0, 0.0, 1.0, 1, 1, 0.0, 1.0, 1.0, 0, 0, 1.0, 1, 0.0, 1.0, 1, 0, 0.0, 0.0, 16.4602913274569] 0.9167475909602504
[1.0, 0, 1.0, 0.0, 1, 0, 0.0, 1.0, 0.0, 0.0, 1.0, 0.0, 0.0, 1, 0.0, 0, 0.0, 0.0, 1, 0.0, 0.0, 1.0, 0.0, 1.0, 1, 1.0, 0.0, 1.0, 1.0, 0.0, 0, 1.0, 1, 0, 1.0, 1.0, 0.0, 0.0, 0.0, 16.2592964922769] 0.8061976615179336
[1, 0.0, 0.0, 0, 0, 0.0, 0.0, 1.0, 0.0, 0, 1.0, 0, 1, 1, 0.0, 0.0, 0.0, 0.0, 0.0, 0.0, 0, 0.0, 0.0, 1.0, 1.0, 0.0, 1.0, 1, 0, 0.0, 1.0, 1.0, 1.0, 0, 1.0, 0, 0.0, 0.0, 1.0, 15.7396212209575] 0.45974748063833415
[1.0, 0.0, 1.0, 0.0, 0.0, 0.0, 1.0, 1.0, 0.0, 0.0, 1.0, 0.0, 0.0, 1.0, 0.0, 0, 0.0, 0, 1.0, 1, 0.0, 0.0, 0.0, 1, 1.0, 1.0, 0.0, 1.0, 1.0, 0.0, 0.0, 1.0, 1.0, 0.0, 1.0, 1.0, 0.0, 0.0, 0.0, 16.3555141316687] 0.8703427544458
[1.0, 0, 0.0, 0.0, 0.0, 0.0, 0.0, 1.0, 1, 0, 1.0, 0, 0, 1, 0, 0.0, 0.0, 0.0, 0, 0.0, 0.0, 1, 0.0, 1.0, 1, 0.0, 1, 1.0, 1.0, 0.0, 0, 1.0, 0.0, 1.0, 1.0, 1.0, 0.0, 0.0, 0.0, 15.7325217372857] 0.4550144915237998
[1, 0.0, 1.0, 0.0, 0.0, 0.0, 1.0, 1.0, 0.0, 0.0, 1.0, 0.0, 0.0, 1.0, 0.0, 0.0, 0.0, 0.0, 0.0, 0.0, 0, 1, 0.0, 1.0, 1.0, 1, 0, 1.0, 1.0, 0.0, 0.0, 1.0, 1.0, 0.0, 1.0, 0.0, 0.0, 1.0, 0.0, 16.2807718539136] 0.8205145692757336
[1.0, 0.0, 0.0, 0.0, 0.0, 0.0, 0.0, 1.0, 0.0, 0.0, 1.0, 0.0, 0.0, 1.0, 0.0, 0.0, 0.0, 0.0, 0.0, 0.0, 1.0, 0.0, 1.0, 1.0, 1.0, 0.0, 1.0, 1.0, 0.0, 1.0, 0.0, 1.0, 1.0, 0.0, 1.0, 1.0, 0.0, 0.0, 0.0, 15.384018577688698] 0.2826027866533047
[1.0, 0, 0.0, 0.0, 0.0, 0.0, 0.0, 1.0, 0.0, 0.0, 1.0, 1, 1, 1.0, 1.0, 0.0, 0.0, 0, 0.0, 0.0, 0.0, 0, 0, 1.0, 1.0, 0.0, 1.0, 1.0, 1.0, 0.0, 0.0, 1, 1.0, 0.0, 1.0, 1.0, 0.0, 0, 0.0, 15.681404447270602] 0.42093629818040124
[1, 0, 0.0, 0.0, 0.0, 0.0, 0.0, 1, 0.0, 1, 1.0, 0, 1, 1.0, 0, 1, 0, 0, 0.0, 0.0, 0.0, 0, 0.0, 1.0, 1, 0.0, 1, 1.0, 1.0, 0, 0.0, 1.0, 1, 0.0, 1.0, 1.0, 0.0, 0, 0.0, 15.9747247190374] 0.6164831460249343
[1.0, 0.0, 0.0, 0.0, 0.0, 0.0, 0.0, 1, 0.0, 1, 1.0, 0.0, 0.0, 1.0, 1.0, 0.0, 0.0, 0.0, 0.0, 0, 0.0, 0.0, 0.0, 1.0, 1.0, 0.0, 1.0, 1.0, 1.0, 0.0, 0.0, 1.0, 0.0, 1.0, 1, 1.0, 0.0, 0.0, 0.0, 15.9647568581011] 0.6098379054007343
[1.0, 0.0, 1.0, 0.0, 0.0, 1.0, 0.0, 1.0, 0.0, 0.0, 1.0, 0.0, 0.0, 1.0, 1.0, 0.0, 0.0, 0.0, 0.0, 0.0, 0.0, 0.0, 0.0, 1.0, 1.0, 1.0, 0.0, 1.0, 1.0, 0.0, 0.0, 1.0, 1.0, 0.0, 1.0, 0.0, 1.0, 0.0, 0.0, 15.9546598781427] 0.6031065854284667
[1.0, 0.0, 1.0, 0.0, 0.0, 0.0, 1.0, 1.0, 0.0, 0.0, 1.0, 0.0, 0.0, 1.0, 0.0, 0.0, 0.0, 1.0, 0.0, 0.0, 0.0, 1.0, 0.0, 1.0, 1.0, 1.0, 0.0, 1.0, 1.0, 0.0, 0.0, 1.0, 1.0, 0.0, 1.0, 1.0, 0.0, 0.0, 0.0, 16.3447114284881] 0.8631409523254012
[1, 0.0, 0, 0.0, 0.0, 0, 0.0, 1, 0.0, 0, 1.0, 0, 0.0, 1.0, 0.0, 0, 0, 0.0, 0.0, 0.0, 1, 1, 0.0, 1.0, 1.0, 0.0, 1.0, 1, 0.0, 0, 1.0, 1, 1.0, 0.0, 1.0, 1.0, 0.0, 0, 0, 15.6513429150774] 0.4008952767182669
[1.0, 0.0, 0.0, 0.0, 0, 0, 0.0, 1.0, 1.0, 0.0, 1.0, 0.0, 0.0, 1.0, 1.0, 0.0, 0.0, 0.0, 0, 1.0, 0.0, 0.0, 0.0, 1.0, 1.0, 0.0, 1.0, 1.0, 1.0, 0.0, 0.0, 1.0, 1.0, 0.0, 1.0, 1.0, 0, 0.0, 0.0, 15.8380137288524] 0.5253424859016009
[1, 0.0, 1.0, 0.0, 0.0, 1.0, 0.0, 1.0, 1.0, 0.0, 1, 0, 0, 1.0, 0.0, 0, 0.0, 0.0, 0.0, 0, 0, 0.0, 1, 1, 1.0, 0.0, 1.0, 1.0, 1.0, 0.0, 0.0, 1.0, 1.0, 0.0, 1.0, 1.0, 0.0, 0.0, 0.0, 15.7004992551331] 0.4336661700887331
[1.0, 0.0, 1, 0.0, 1.0, 0.0, 0.0, 1.0, 0.0, 0.0, 1.0, 0.0, 0.0, 1, 0.0, 0.0, 0.0, 0.0, 0.0, 0.0, 1.0, 1, 0.0, 1, 1.0, 1.0, 0.0, 1.0, 1.0, 0.0, 0.0, 1.0, 1.0, 0.0, 1.0, 1.0, 0.0, 0.0, 0.0, 16.0688834966104] 0.6792556644069342
[1, 0.0, 1.0, 0, 1.0, 0.0, 0.0, 1.0, 0.0, 0.0, 1.0, 0.0, 1, 1.0, 0, 0.0, 0.0, 0.0, 0.0, 0.0, 0, 1, 0, 1, 1.0, 1.0, 0.0, 1.0, 1.0, 0.0, 0.0, 1.0, 1.0, 0.0, 1.0, 1.0, 0.0, 0.0, 0.0, 16.1819239999548] 0.7546159999698681
[1.0, 0.0, 1.0, 0.0, 1.0, 0.0, 0.0, 1.0, 0.0, 0.0, 1.0, 0.0, 0.0, 1.0, 0.0, 1.0, 0.0, 0.0, 0.0, 0.0, 0.0, 0.0, 0.0, 1.0, 1.0, 1.0, 0.0, 1.0, 1.0, 0.0, 0.0, 1.0, 1.0, 0.0, 1.0, 0.0, 0.0, 0.0, 1.0, 16.093162703518697] 0.6954418023457987
[1.0, 0.0, 0, 0, 0, 0.0, 0.0, 1.0, 0, 1, 1.0, 0, 0.0, 1, 0.0, 0, 0.0, 0, 0, 0, 0, 0, 1.0, 1.0, 1, 0, 1.0, 1.0, 0.0, 0.0, 1.0, 1.0, 1, 0.0, 1.0, 1.0, 0.0, 0.0, 0, 16.0623619942462] 0.6749079961641336
