[1, 1.0, 0, 1, 1.0, 1.0, 1.0, 0.0, 0.0, 1, 1.0, 0, 170.7705431] 0.9979063997893031
[0.0, 1.0, 0.0, 1, 1.0, 1, 1.0, 0.0, 1.0, 1.0, 0.0, 1.0, 171.1972303] 0.9989310466154617
[0, 1, 1.0, 1.0, 1, 1.0, 1, 0, 0.0, 0.0, 1.0, 0, 171.6423678] 1.0
[0.0, 1.0, 1, 1.0, 1.0, 1.0, 1.0, 0, 0.0, 0.0, 1, 0.0, 171.6423678] 1.0
[0, 1, 0.0, 1.0, 1.0, 1.0, 1.0, 1.0, 1.0, 0, 1.0, 1, 170.4742329] 0.9971948403471909
[1.0, 1, 0, 1.0, 1.0, 1, 1.0, 1.0, 1.0, 1.0, 0, 0.0, 169.8147054] 0.9956110507241618
[0, 1.0, 1.0, 1.0, 1.0, 1.0, 1, 0.0, 0, 0, 0.0, 1, 171.5690527] 0.9998239410872308
[0.0, 1.0, 0, 1.0, 1, 1.0, 1.0, 0.0, 0.0, 0, 0.0, 1, 171.4235804] 0.9994746038432522
[0.0, 1, 0.0, 1, 1.0, 1, 1, 0, 0, 1.0, 1.0, 0, 170.5559134] 0.9973909879351289
[0.0, 1.0, 0.0, 1, 1.0, 1.0, 1.0, 0, 1.0, 1.0, 0.0, 1.0, 171.1972303] 0.9989310466154617
[0.0, 1.0, 1, 1, 1.0, 1.0, 1.0, 0.0, 0.0, 0.0, 0.0, 1.0, 171.5690527] 0.9998239410872308
[0, 1, 0, 1.0, 1, 1, 1.0, 1.0, 0, 0.0, 1.0, 0.0, 170.735281] 0.9978217213671505
[0, 1.0, 0.0, 1.0, 1.0, 1.0, 1, 0, 1.0, 1.0, 0, 1.0, 171.1972303] 0.9989310466154617
[0.0, 1.0, 1, 1.0, 1.0, 1.0, 1.0, 1.0, 1.0, 0, 1, 1.0, 170.6282685] 0.9975647415034838
[0.0, 1.0, 1.0, 1, 1.0, 1, 1.0, 0.0, 0.0, 0, 0.0, 1.0, 171.5690527] 0.9998239410872308
[0.0, 1, 0, 1.0, 1, 1.0, 1.0, 0.0, 0, 0, 0, 1, 171.4235804] 0.9994746038432522
[1.0, 1, 0.0, 1.0, 1.0, 1, 1.0, 0.0, 0.0, 0.0, 0.0, 1.0, 170.1596611] 0.9964394274909603
[1.0, 1.0, 0.0, 1.0, 1.0, 1.0, 1.0, 1.0, 0.0, 1.0, 0.0, 0.0, 170.4227512] 0.9970712121706009
[0.0, 1, 1.0, 1, 1.0, 1, 1, 0.0, 0, 1.0, 0.0, 1, 170.6936717] 0.9977218007761798
[1.0, 1, 1.0, 1.0, 1.0, 1, 1.0, 1, 0.0, 0.0, 1.0, 1, 170.0389183] 0.9961494756789503
[0.0, 1.0, 0.0, 1, 1.0, 1.0, 1, 1.0, 0, 0.0, 1, 0, 170.735281] 0.9978217213671505
[0, 1.0, 1.0, 1.0, 1, 1.0, 1.0, 0, 0.0, 0.0, 1.0, 0, 171.6423678] 1.0
[0.0, 1.0, 1, 1.0, 1, 1, 1, 0, 0, 0, 1, 0.0, 171.6423678] 1.0
[0, 1.0, 0, 1.0, 1.0, 1, 1.0, 0, 1.0, 1.0, 0.0, 1.0, 171.1972303] 0.9989310466154617
[0.0, 1, 0.0, 1.0, 1.0, 1.0, 1.0, 0.0, 0.0, 1, 1.0, 0, 170.5559134] 0.9973909879351289
[0.0, 1, 0.0, 1, 1.0, 1, 1.0, 1, 0, 0, 1, 0.0, 170.735281] 0.9978217213671505
[0, 1.0, 1, 1.0, 1.0, 1, 1.0, 1.0, 1.0, 0.0, 1, 1.0, 170.6282685] 0.9975647415034838
[0.0, 1.0, 1, 1.0, 1.0, 1, 1, 0.0, 0.0, 0.0, 0.0, 1.0, 171.5690527] 0.9998239410872308
[0, 1, 0, 1.0, 1.0, 1.0, 1.0, 0.0, 0, 0, 0, 1, 171.4235804] 0.9994746038432522
[1, 1.0, 0, 1.0, 1.0, 1, 1, 0.0, 0, 1, 1.0, 0.0, 170.7705431] 0.9979063997893031
