[0.0, 1.0, 1.0, 1.0, 1.0, 1.0, 1, 0.0, 0, 0.0, 1.0, 0.0, 171.6423678] 1.0
[0.0, 1.0, 0, 1, 1.0, 1.0, 1, 0, 1.0, 1.0, 0, 1.0, 171.1972303] 0.9989310466154617
[0.0, 1.0, 0.0, 1.0, 1.0, 1.0, 1.0, 0.0, 1, 1.0, 0.0, 1.0, 171.1972303] 0.9989310466154617
[0.0, 1.0, 0, 1, 1.0, 1, 0, 1.0, 1.0, 0.0, 1.0, 0, 124.7482281] 0.7739574744000002
[0, 1.0, 1, 1.0, 1.0, 1.0, 1.0, 0.0, 0.0, 0.0, 1, 0, 171.6423678] 1.0
[0, 1.0, 1, 1.0, 1.0, 1.0, 1.0, 1.0, 0, 1.0, 1.0, 0.0, 170.2567158] 0.996672494689411
[0.0, 1, 1, 1.0, 1.0, 1.0, 1, 1.0, 1, 0, 1, 1.0, 170.6282685] 0.9975647415034838
[0.0, 1, 1, 1, 1.0, 1, 1.0, 0, 0.0, 1.0, 0, 0.0, 170.2257285] 0.9965980817738227
[0.0, 1.0, 1.0, 1.0, 1.0, 1.0, 1, 1.0, 0.0, 1.0, 1, 0.0, 170.2567158] 0.996672494689411
[0, 1, 1.0, 1.0, 1.0, 1, 1.0, 0.0, 0.0, 0, 1.0, 0.0, 171.6423678] 1.0
[0.0, 1.0, 0.0, 1.0, 1, 1, 1, 0, 1.0, 1, 0.0, 1.0, 171.1972303] 0.9989310466154617
[0.0, 1.0, 1.0, 1.0, 1.0, 1.0, 1.0, 0.0, 0.0, 0, 0.0, 1.0, 171.5690527] 0.9998239410872308
[1.0, 1.0, 0, 1.0, 1.0, 1, 1.0, 1, 1.0, 1.0, 1.0, 1.0, 169.0188878] 0.9936999739961953
[0.0, 1, 1.0, 1.0, 1, 1.0, 1, 0.0, 0, 0.0, 0.0, 0, 171.3028867] 0.9991847699400033
[0, 1.0, 1.0, 1.0, 1.0, 1, 1.0, 1, 1.0, 0.0, 1.0, 1, 170.6282685] 0.9975647415034838
[0.0, 1.0, 1, 1.0, 1.0, 1.0, 1.0, 1.0, 1.0, 0.0, 0.0, 1.0, 170.5469792] 0.9973695333433946
[1, 1.0, 0, 1.0, 1.0, 1.0, 1.0, 0, 0.0, 1.0, 1.0, 0.0, 170.7705431] 0.9979063997893031
[0.0, 1.0, 0.0, 1.0, 1.0, 1.0, 1.0, 0.0, 1.0, 0, 0.0, 1.0, 170.4570768] 0.9971536416812495
[0.0, 1.0, 1.0, 1.0, 1.0, 1, 1, 1.0, 1, 1, 1.0, 1.0, 169.8049326] 0.9955875823180257
[1.0, 1.0, 0, 1.0, 1.0, 1.0, 1.0, 0.0, 0, 1, 1.0, 0, 170.7705431] 0.9979063997893031
[0.0, 1.0, 0, 1.0, 1, 1, 1.0, 0, 1.0, 1.0, 0.0, 1, 171.1972303] 0.9989310466154617
[0, 1.0, 1.0, 1.0, 1.0, 1.0, 1.0, 0, 1.0, 0.0, 1.0, 0.0, 170.2916942] 0.9967564918342612
[0, 1.0, 0, 1.0, 1, 1, 1.0, 0.0, 1.0, 0.0, 1, 0.0, 169.746213] 0.9954465730452533
[0.0, 1.0, 1.0, 1.0, 1.0, 1.0, 1.0, 0.0, 0.0, 0, 0.0, 0.0, 171.3028867] 0.9991847699400033
[1, 1, 0, 1.0, 1.0, 1, 1.0, 0.0, 0, 1.0, 1.0, 0, 170.7705431] 0.9979063997893031
[0.0, 1, 1, 1.0, 1.0, 1, 1.0, 0, 0.0, 0.0, 1.0, 0.0, 171.6423678] 1.0
[1.0, 1.0, 0, 1.0, 1.0, 1.0, 1.0, 0.0, 0, 1.0, 1.0, 0.0, 170.7705431] 0.9979063997893031
[0.0, 1, 0.0, 1.0, 1.0, 1.0, 1.0, 0, 0.0, 0, 0, 1.0, 171.4235804] 0.9994746038432522
[0, 1, 0, 1.0, 1.0, 1, 1.0, 1.0, 1, 0.0, 0.0, 0.0, 170.6651847] 0.99765339208209
[0.0, 1.0, 0.0, 1, 1.0, 1, 1.0, 0.0, 0.0, 0.0, 0.0, 1.0, 171.4235804] 0.9994746038432522
