[1.0, 0, 0, 0.0, 0, 0, 4, 0.0, 2, 8.0, 8, 0, 19707.8] 1.0
[1.0, 0, 0, 0.0, 0, 0.0, 4, 0.0, 2, 8, 8, 128, 19600.2] 1.0
[1.0, 0, 0, 0, 0, 0.0, 3, 0.0, 1.0, 8, 10.0, 0, 18899.0] 0.9899
[1, 0, 0.0, 0.0, 0.0, 0.0, 4, 0.0, 4.0, 128, 0, 8, 9875.6] 0.05837333333333336
[1, 0, 0, 0.0, 0, 1, 3, 0.0, 1.0, 8.0, 10.0, 64, 17757.4] 0.8757400000000002
[1, 0, 0, 0.0, 0.0, 0, 4, 0.0, 2, 8, 8.0, 128.0, 19600.2] 1.0
[1.0, 0, 0, 0.0, 0.0, 0.0, 3, 0.0, 1, 8.0, 10.0, 64.0, 18790.8] 0.97908
[1.0, 0, 1.0, 1, 1.0, 0, 4, 0.0, 1, 8, 10.0, 128, 14842.8] 0.5842799999999999
[1, 0.0, 0, 0.0, 0, 0, 4.0, 0, 1.0, 10.0, 10.0, 0, 17357.2] 0.83572
[1, 0.0, 0.0, 0.0, 0.0, 0.0, 3.0, 0.0, 2, 8.0, 8, 0, 19692.2] 1.0
[1, 0.0, 0.0, 0.0, 0.0, 0, 4.0, 0.0, 1, 8, 10.0, 64, 18757.6] 0.9757599999999998
[1, 0, 0.0, 0.0, 0, 0, 4, 0, 1, 8, 8, 0.0, 19332.8] 1.0
[1, 0, 0, 0, 0, 1, 4, 0.0, 1, 8, 8, 0, 17575.4] 0.8575400000000002
[1.0, 0.0, 1, 0, 0.0, 0.0, 1, 0, 2, 8, 8, 128.0, 16631.4] 0.7631400000000002
[1, 0, 1.0, 1.0, 1, 0.0, 3, 0, 1, 8.0, 10, 0, 15572.8] 0.6572799999999999
[1, 0, 0, 0.0, 0, 0.0, 4.0, 0, 2, 8, 8, 128, 19600.2] 1.0
[1.0, 0.0, 0, 0.0, 0, 0, 4, 0.0, 2, 8.0, 8, 0, 19707.8] 1.0
[1.0, 0.0, 0.0, 0.0, 0, 0.0, 3.0, 0.0, 1.0, 8, 8, 128, 19583.4] 1.0
[1, 0, 0.0, 0, 0, 0, 3, 0, 1.0, 8, 8.0, 64.0, 19555.0] 1.0
[1, 0, 0.0, 0, 0.0, 0, 3.0, 0, 1, 8, 8.0, 64, 19555.0] 1.0
[1.0, 0.0, 1.0, 1, 1.0, 0, 2.0, 0, 1.0, 8, 8, 0, 16447.8] 0.7447799999999999
[1, 0.0, 0, 0.0, 0.0, 0, 4.0, 0, 2.0, 8, 8, 128, 19600.2] 1.0
[1, 0, 0, 0, 0.0, 0.0, 3, 0, 1.0, 8, 8.0, 64, 19555.0] 1.0
[1.0, 0, 1.0, 1.0, 1, 0, 2, 0, 1.0, 8.0, 8.0, 0, 16447.8] 0.7447799999999999
[1, 0.0, 0, 0.0, 0.0, 0, 3, 0, 2, 8, 10, 64, 18690.8] 0.9690799999999999
[1.0, 0, 0, 0.0, 0.0, 0, 3, 0, 1.0, 8, 10.0, 64.0, 18790.8] 0.97908
[1, 0.0, 0.0, 0.0, 0.0, 0.0, 3, 0.0, 2, 8.0, 8, 0, 19692.2] 1.0
[1, 0, 0, 0, 0.0, 0, 4, 0.0, 2, 8.0, 8.0, 0.0, 19707.8] 1.0
[1, 0.0, 0, 0, 0.0, 0.0, 3.0, 0.0, 4, 8, 8, 0, 16479.6] 0.7479599999999998
[1, 0, 1.0, 1.0, 1, 0.0, 3, 0.0, 2, 10, 8.0, 0, 14313.6] 0.53136
