[1.0, 1, 0.0, 1.0, 1, 1.0, 1.0, 1.0, 0.0, 0.0, 1.0, 0.0, 169.9990129] 0.997706168918666
[0, 1, 0.0, 1, 1.0, 1.0, 1, 1.0, 1.0, 0.0, 0.0, 0, 170.6651847] 0.9986360262369777
[0.0, 1, 1, 1.0, 1.0, 1.0, 1.0, 0.0, 0.0, 0.0, 0.0, 1.0, 171.5690527] 0.9998976651634341
[0.0, 1.0, 0.0, 1.0, 1.0, 1.0, 1.0, 0, 0, 0.0, 0.0, 1.0, 171.4235804] 0.9996946117127078
[0.0, 1.0, 1.0, 1, 1.0, 1.0, 1.0, 1.0, 1.0, 0.0, 1.0, 1.0, 170.6282685] 0.9985844977893096
[0, 1.0, 1.0, 1, 1, 1.0, 1.0, 0.0, 0, 0.0, 1, 0.0, 171.6423678] 1.0
[0.0, 1.0, 0.0, 1.0, 1.0, 1.0, 1, 0, 0.0, 0.0, 0, 1, 171.4235804] 0.9996946117127078
[1.0, 1.0, 0.0, 1.0, 1, 1, 1.0, 0.0, 1.0, 0.0, 0.0, 1.0, 170.3206944] 0.9981551790643078
[1.0, 1.0, 0, 1.0, 1, 1, 1.0, 0.0, 1, 0.0, 1.0, 1.0, 170.3253386] 0.998161661541287
[0.0, 1, 0.0, 1.0, 1, 1.0, 1.0, 1, 1.0, 0.0, 0, 0, 170.6651847] 0.9986360262369777
[0.0, 1.0, 0, 1.0, 1, 1, 1.0, 1, 1.0, 0, 1, 0.0, 170.2122025] 0.998003743673028
[0.0, 1.0, 1.0, 1.0, 1.0, 1.0, 1, 0.0, 0.0, 0.0, 0, 1, 171.5690527] 0.9998976651634341
[0, 1.0, 0.0, 1, 1, 1.0, 1.0, 0.0, 1.0, 1, 0.0, 1.0, 171.1972303] 0.9993786672416486
[1.0, 1.0, 0, 1.0, 1, 1.0, 1.0, 0.0, 0.0, 1.0, 1.0, 0.0, 170.7705431] 0.9987830878197189
[0, 1.0, 0, 1.0, 1.0, 1, 1.0, 0, 0.0, 0.0, 0.0, 1, 171.4235804] 0.9996946117127078
[0.0, 1.0, 0, 1, 1.0, 1.0, 1.0, 0.0, 0.0, 0.0, 0.0, 1.0, 171.4235804] 0.9996946117127078
[1.0, 1.0, 0, 1.0, 1.0, 1.0, 1.0, 0.0, 0, 1.0, 1.0, 0, 170.7705431] 0.9987830878197189
[1.0, 1.0, 0.0, 1, 1.0, 1.0, 1.0, 0, 0.0, 1.0, 0, 1.0, 170.3418882] 0.9981847618386505
[0.0, 1, 0.0, 1.0, 1.0, 1.0, 1, 1.0, 0.0, 0.0, 1.0, 0.0, 170.735281] 0.9987338682013801
[0, 1.0, 1, 1.0, 1.0, 1.0, 0.0, 0, 1.0, 0, 1.0, 1.0, 125.5573218] 0.9356734744883739
[0, 1.0, 1.0, 1.0, 1.0, 1.0, 1, 0.0, 0, 0.0, 0, 0.0, 171.3028867] 0.9995261447793745
[1.0, 1.0, 0, 1.0, 1.0, 1.0, 1, 0.0, 0.0, 1.0, 0.0, 1.0, 170.3418882] 0.9981847618386505
[0.0, 1, 0.0, 1, 1.0, 1.0, 1.0, 0.0, 0.0, 0.0, 0, 1, 171.4235804] 0.9996946117127078
[0.0, 1.0, 0.0, 1.0, 1, 1.0, 1.0, 0.0, 1, 1.0, 0, 1.0, 171.1972303] 0.9993786672416486
[0, 1, 0.0, 1, 1, 1.0, 1.0, 1.0, 1.0, 0.0, 1.0, 1.0, 170.4742329] 0.9983694914952267
[0.0, 1.0, 0, 1.0, 1.0, 1.0, 1, 1, 0, 1.0, 1.0, 0, 170.5539949] 0.9984808250572645
[0.0, 1.0, 0.0, 1.0, 1, 1.0, 1.0, 0.0, 1, 1.0, 0.0, 1.0, 171.1972303] 0.9993786672416486
[1.0, 1, 1.0, 1.0, 1.0, 1.0, 1, 0.0, 1, 0.0, 1, 1.0, 169.8158512] 0.9974505077706268
[0.0, 1.0, 1, 1, 1, 1.0, 1.0, 1, 0.0, 1.0, 1.0, 0.0, 170.2567158] 0.9980658763207433
[0, 1.0, 1.0, 1.0, 1.0, 1, 0.0, 1.0, 1.0, 0, 1.0, 1.0, 125.5577307] 0.9356740452400291
