[0.0, 1, 1, 1.0, 1.0, 1.0, 1, 0.0, 0, 0, 1, 0.0, 171.6423678] 1.0
[0, 1, 1, 1.0, 1, 1.0, 1.0, 0.0, 0.0, 0.0, 0, 1.0, 171.5690527] 0.9998976651634341
[0.0, 1, 0.0, 1.0, 1.0, 1.0, 1.0, 1.0, 1.0, 0.0, 0.0, 0, 170.6651847] 0.9986360262369777
[0, 1.0, 1.0, 1.0, 1.0, 1.0, 1.0, 0.0, 0.0, 0, 1, 0, 171.6423678] 1.0
[0, 1, 1.0, 1.0, 1.0, 1.0, 1.0, 0, 0, 0.0, 1.0, 0.0, 171.6423678] 1.0
[1, 1.0, 1.0, 1.0, 1, 1.0, 1.0, 0, 0.0, 1.0, 1.0, 1.0, 170.6573937] 0.998625151387026
[0.0, 1, 1.0, 1.0, 1, 1.0, 1, 0.0, 0.0, 0.0, 1, 0.0, 171.6423678] 1.0
[0.0, 1.0, 1, 1.0, 1.0, 1.0, 1.0, 0.0, 0.0, 0.0, 1.0, 0.0, 171.6423678] 1.0
[0.0, 1, 1.0, 1.0, 1.0, 1.0, 1.0, 0, 0, 0.0, 1, 0, 171.6423678] 1.0
[0, 1.0, 1.0, 1.0, 1, 1.0, 1, 0, 0, 0, 0, 1, 171.5690527] 0.9998976651634341
[0, 1.0, 1, 1.0, 1.0, 1.0, 1, 1, 1.0, 0.0, 1.0, 1, 170.6282685] 0.9985844977893096
[0.0, 1.0, 1, 1.0, 1.0, 1.0, 1.0, 0.0, 0.0, 0.0, 1.0, 0.0, 171.6423678] 1.0
[0.0, 1, 0.0, 1.0, 1.0, 1, 1, 0.0, 1.0, 1.0, 0, 1.0, 171.1972303] 0.9993786672416486
[0.0, 1.0, 1, 1.0, 1, 1.0, 1.0, 0, 0.0, 0, 1, 0, 171.6423678] 1.0
[0, 1.0, 1, 1.0, 1.0, 1.0, 1.0, 0.0, 0, 0.0, 1, 0, 171.6423678] 1.0
[0, 1, 1.0, 1.0, 1, 1.0, 1, 0, 0.0, 0, 1, 0, 171.6423678] 1.0
[0.0, 1.0, 1, 1.0, 1, 1, 1.0, 0.0, 0.0, 0.0, 1, 0, 171.6423678] 1.0
[0.0, 1, 1, 1.0, 1, 1.0, 1, 0, 0.0, 0.0, 1.0, 0.0, 171.6423678] 1.0
[0, 1, 1, 1, 1, 1, 1, 0, 0.0, 0, 1, 0, 171.6423678] 1.0
[0, 1.0, 1, 1.0, 1.0, 1.0, 1.0, 0.0, 0, 0, 0, 1, 171.5690527] 0.9998976651634341
[0.0, 1.0, 1.0, 1.0, 1, 1.0, 1.0, 0.0, 0.0, 0.0, 1, 0, 171.6423678] 1.0
[0, 1.0, 1.0, 1.0, 1.0, 1.0, 1, 0.0, 0.0, 0, 1.0, 0.0, 171.6423678] 1.0
[0.0, 1.0, 1.0, 1.0, 1.0, 1, 1, 0.0, 0.0, 0.0, 1.0, 0.0, 171.6423678] 1.0
[0.0, 1.0, 1, 1.0, 1.0, 1.0, 1, 0, 0, 0.0, 0.0, 1, 171.5690527] 0.9998976651634341
[0.0, 1.0, 1, 1.0, 1, 1.0, 1, 0, 0.0, 0.0, 1, 0, 171.6423678] 1.0
[0, 1.0, 1, 1, 1.0, 1.0, 1, 0.0, 0.0, 0, 0, 1.0, 171.5690527] 0.9998976651634341
[0, 1, 1, 1, 1.0, 1.0, 1, 0.0, 0.0, 0.0, 1, 0, 171.6423678] 1.0
[0.0, 1.0, 1, 1, 1, 1, 1, 0, 0.0, 0, 1.0, 0, 171.6423678] 1.0
[0, 1.0, 1, 1.0, 1, 1.0, 1, 0.0, 0, 0, 1, 0, 171.6423678] 1.0
[1, 1.0, 0.0, 1.0, 1, 1, 1.0, 0, 0, 1, 1, 0.0, 170.7705431] 0.9987830878197189
