[1, 1, 0, 1.0, 1.0, 1.0, 1.0, 0.0, 1, 0.0, 1.0, 1.0, 170.3253386] 0.998161661541287
[1.0, 1.0, 0, 1.0, 1.0, 1.0, 1, 0, 0, 1, 1.0, 0, 170.7705431] 0.9987830878197189
[0, 1.0, 0, 1.0, 1, 1.0, 1, 1.0, 1, 0, 0.0, 0.0, 170.6651847] 0.9986360262369777
[0, 1.0, 1.0, 1, 1.0, 1.0, 1, 0, 1, 1, 0.0, 0, 169.801914] 0.9974310539189075
[0, 1.0, 1.0, 1.0, 1, 1.0, 1.0, 1.0, 1, 0, 1.0, 1.0, 170.6282685] 0.9985844977893096
[1.0, 1.0, 0.0, 1, 1.0, 1.0, 1, 0, 1.0, 0.0, 1.0, 1.0, 170.3253386] 0.998161661541287
[1, 1, 0, 1.0, 1, 1.0, 1.0, 0, 1, 0.0, 1, 1, 170.3253386] 0.998161661541287
[0.0, 1, 0, 1.0, 1.0, 1.0, 1.0, 0, 1.0, 1.0, 0.0, 1.0, 171.1972303] 0.9993786672416486
[1, 1, 0.0, 1.0, 1.0, 1.0, 0.0, 0.0, 0, 1.0, 0, 1, 123.9079258] 0.9333712111061745
[1.0, 1.0, 1.0, 1.0, 1.0, 1.0, 1, 0, 0.0, 1.0, 1.0, 1.0, 170.6573937] 0.998625151387026
[0.0, 1.0, 0, 1.0, 1, 1.0, 1.0, 0.0, 1.0, 1.0, 1.0, 0, 170.3049545] 0.9981332089640957
[0.0, 1, 1, 1, 1.0, 1, 1.0, 1, 0.0, 1, 0.0, 1, 170.3886647] 0.9982500535109338
[0.0, 1.0, 0.0, 1.0, 0.0, 1, 1.0, 1.0, 0, 0, 1, 0.0, 125.0754786] 0.9350009071029057
[0, 1.0, 1, 1.0, 1.0, 1, 0, 1, 0.0, 1.0, 0.0, 1.0, 125.4558222] 0.9355317991039375
[0.0, 1, 1.0, 1.0, 1.0, 1.0, 1.0, 0.0, 0, 0, 1.0, 0.0, 171.6423678] 1.0
[1, 1.0, 1.0, 1, 1.0, 1.0, 1.0, 0, 0.0, 1.0, 0.0, 0, 168.8709099] 0.996131537824466
[1.0, 1, 0, 1.0, 0.0, 1, 1, 0, 1.0, 1.0, 0, 0, 124.2938669] 0.9339099162213899
[0.0, 1.0, 1.0, 1.0, 1.0, 1.0, 1.0, 0.0, 0.0, 0.0, 0.0, 1.0, 171.5690527] 0.9998976651634341
[1.0, 1.0, 0.0, 1.0, 1, 1.0, 1, 0.0, 0, 1.0, 1.0, 0.0, 170.7705431] 0.9987830878197189
[0.0, 1.0, 1.0, 1.0, 1.0, 1.0, 1.0, 0, 0, 0.0, 0.0, 1, 171.5690527] 0.9998976651634341
[0, 1, 0.0, 1.0, 1.0, 1.0, 1.0, 0, 1, 1.0, 0.0, 1.0, 171.1972303] 0.9993786672416486
[1.0, 1.0, 0.0, 1.0, 1.0, 1.0, 1.0, 0.0, 0, 1.0, 1.0, 0.0, 170.7705431] 0.9987830878197189
[0.0, 1.0, 0.0, 1.0, 1, 1.0, 1.0, 0.0, 1.0, 1.0, 0.0, 1, 171.1972303] 0.9993786672416486
[0.0, 1.0, 0, 1, 1.0, 1.0, 1.0, 0.0, 1.0, 1.0, 0, 1.0, 171.1972303] 0.9993786672416486
[1, 1, 1, 1.0, 1.0, 1, 1, 0.0, 1, 0, 0.0, 1.0, 169.9796426] 0.9976791314259158
[0.0, 1.0, 1.0, 1, 1.0, 1.0, 1.0, 0.0, 0.0, 0.0, 1.0, 0.0, 171.6423678] 1.0
[0.0, 1.0, 1, 1.0, 1.0, 1.0, 1.0, 1, 0.0, 1.0, 0.0, 1, 170.3886647] 0.9982500535109338
[0, 1, 1.0, 1.0, 1, 1.0, 1.0, 1.0, 1, 0.0, 0.0, 1.0, 170.5469792] 0.9984710323881841
[0.0, 1.0, 0.0, 1, 1.0, 1, 1, 1.0, 1, 1, 0.0, 1.0, 170.3034718] 0.9981311393786737
[0.0, 1.0, 0.0, 1, 1.0, 1.0, 1.0, 0, 0, 0.0, 0, 1.0, 171.4235804] 0.9996946117127078
