[0.0, 1.0, 1.0, 1.0, 1.0, 1.0, 1.0, 0.0, 0.0, 1.0, 1.0, 0.0, 170.1198454] 0.9957496591842125
[0.0, 1.0, 0.0, 1.0, 0.0, 1.0, 1.0, 0.0, 0.0, 1.0, 0.0, 0.0, 124.4973402] 0.8683878574990371
[0.0, 1.0, 0, 1, 1.0, 1.0, 0.0, 1.0, 1.0, 1.0, 1.0, 1.0, 124.4216874] 0.8681766617992769
[1.0, 1.0, 0.0, 1.0, 0.0, 1.0, 1.0, 1.0, 1.0, 1.0, 1.0, 0.0, 123.7255371] 0.8662332578572313
[1.0, 1.0, 1.0, 1.0, 0.0, 1.0, 1.0, 1.0, 0.0, 0.0, 0.0, 1.0, 123.1611657] 0.864657733716054
[1, 1.0, 0.0, 1.0, 1.0, 0.0, 0.0, 1.0, 1.0, 1.0, 0.0, 0.0, 101.9878106] 0.8055492599171186
[0.0, 1.0, 0.0, 1.0, 1.0, 0.0, 0.0, 1.0, 1.0, 0.0, 0.0, 0.0, 102.0308588] 0.8056694351746426
[0.0, 1, 1.0, 1.0, 1.0, 1.0, 0.0, 0, 0.0, 0.0, 1.0, 1.0, 125.0818102] 0.8700194897801801
[1.0, 1.0, 0.0, 1.0, 0.0, 1.0, 1.0, 1.0, 1.0, 0.0, 1.0, 0.0, 124.1992936] 0.867555817439077
[1.0, 1.0, 1.0, 1, 1.0, 1.0, 1.0, 0.0, 0.0, 0.0, 1.0, 0, 169.6221395] 0.994360241398945
[1.0, 1.0, 0.0, 1, 1.0, 1.0, 1.0, 0.0, 0.0, 1.0, 1.0, 0.0, 170.7705431] 0.9975661756394378
[0.0, 1.0, 1.0, 1.0, 1, 1.0, 1.0, 0.0, 1.0, 1.0, 1.0, 0.0, 170.1067212] 0.9957130210875025
[1.0, 1.0, 1.0, 1.0, 0.0, 1, 1, 0, 0.0, 0.0, 0.0, 0.0, 123.5498013] 0.8657426660317612
[1.0, 1.0, 1.0, 1.0, 1.0, 1, 0.0, 0.0, 1.0, 0.0, 0.0, 1.0, 122.8305106] 0.8637346623264454
[1.0, 1, 1.0, 1.0, 1.0, 0.0, 0.0, 0.0, 1.0, 0.0, 0.0, 0.0, 100.7928188] 0.8022132679986604
[0.0, 1.0, 0.0, 1.0, 1.0, 1.0, 0.0, 1, 1.0, 1.0, 0.0, 1.0, 124.6115718] 0.8687067514817678
[0.0, 1.0, 1.0, 1, 1.0, 1.0, 1.0, 0.0, 1.0, 1.0, 1, 0.0, 170.1067212] 0.9957130210875025
[0.0, 1.0, 1.0, 1.0, 1, 1.0, 1.0, 0.0, 0.0, 0.0, 0.0, 0.0, 171.3028867] 0.999052289558749
[0.0, 1.0, 1.0, 1.0, 1.0, 0.0, 1.0, 1.0, 0.0, 0.0, 0.0, 1.0, 116.799988] 0.8468995889329052
[1.0, 1, 1.0, 1.0, 1.0, 0.0, 1.0, 1.0, 1.0, 1.0, 1.0, 1.0, 115.8753722] 0.8443183906046166
[0.0, 1.0, 1.0, 1, 1.0, 0.0, 0.0, 0.0, 0.0, 1, 1.0, 1, 101.4267244] 0.8039829068854422
[0.0, 1.0, 1.0, 1.0, 0, 1.0, 1.0, 1.0, 1, 1.0, 1.0, 1.0, 125.0057473] 0.8698071492271365
[1, 1.0, 0.0, 1.0, 1.0, 0.0, 1.0, 1.0, 1.0, 1.0, 1, 1, 116.6076946] 0.8463627741795547
[1.0, 1.0, 0.0, 1.0, 0.0, 1.0, 1.0, 1.0, 0.0, 1, 0, 0.0, 123.7164381] 0.8662078566867245
[0.0, 1.0, 0.0, 1.0, 0.0, 0.0, 1.0, 1.0, 0.0, 1.0, 1.0, 0.0, 69.8818059] 0.3991527304659499
[0.0, 1.0, 0, 1.0, 0.0, 1.0, 1, 1.0, 1.0, 0.0, 0.0, 1.0, 124.4764466] 0.8683295300019384
[0, 1.0, 1.0, 1.0, 1.0, 1.0, 1.0, 1.0, 1.0, 1.0, 0.0, 0.0, 169.9679244] 0.9953255498068561
[0.0, 1.0, 0.0, 1.0, 1.0, 0.0, 0.0, 0.0, 1.0, 1.0, 1.0, 0.0, 100.6852252] 0.801912904950079
[1.0, 0.0, 1.0, 1.0, 1.0, 1.0, 1.0, 1.0, 1.0, 0.0, 0.0, 0.0, 104.0518761] 0.8113113963829655
[0.0, 1.0, 1.0, 1.0, 1.0, 0.0, 1.0, 1.0, 1.0, 0.0, 1.0, 0.0, 116.5669405] 0.8462490032329725
