[0, 1.0, 0.0, 1.0, 1.0, 1.0, 0.0, 1.0, 1.0, 0, 0.0, 1.0, 124.4772973] 0.8683319048536529
[0.0, 1.0, 0.0, 1.0, 1.0, 1, 1.0, 0.0, 0.0, 0.0, 0.0, 1.0, 171.4235804] 0.9993892234254156
[1.0, 1.0, 1.0, 1.0, 1.0, 1.0, 1.0, 1.0, 0.0, 1.0, 0.0, 0.0, 170.0739989] 0.9956216720687447
[0.0, 1.0, 0.0, 1, 1.0, 1.0, 1.0, 1.0, 1.0, 0, 1, 1.0, 170.4742329] 0.9967389829904534
[1.0, 1, 0.0, 1, 1.0, 1.0, 1.0, 0.0, 1.0, 0.0, 1.0, 0.0, 169.6942849] 0.9945616456858648
[0, 1.0, 0.0, 1.0, 1, 1.0, 1.0, 0, 1.0, 0.0, 1, 1.0, 169.0331423] 0.9927159707862141
[0.0, 1.0, 1, 1.0, 0, 1.0, 1.0, 1.0, 1.0, 1.0, 1.0, 1.0, 125.0057473] 0.8698071492271365
[0.0, 1.0, 0.0, 1.0, 1.0, 1.0, 1.0, 1.0, 1.0, 0.0, 1.0, 1.0, 170.4742329] 0.9967389829904534
[0.0, 1, 1.0, 1, 1.0, 1.0, 1.0, 0.0, 0.0, 1.0, 1.0, 1.0, 169.7748573] 0.994786575158394
[0.0, 1.0, 1.0, 1.0, 1.0, 1.0, 1, 1.0, 1, 1.0, 0.0, 0.0, 169.9679244] 0.9953255498068561
[1.0, 1.0, 0.0, 1.0, 1.0, 1.0, 1.0, 0.0, 1.0, 1.0, 0.0, 0.0, 170.051348] 0.9955584388153067
[1.0, 1.0, 1.0, 1.0, 1.0, 1, 0, 0.0, 1.0, 0, 0.0, 0.0, 122.1857646] 0.8619347608999601
[0, 1.0, 1, 1.0, 1.0, 1.0, 1.0, 1.0, 1.0, 1.0, 0, 0.0, 169.9679244] 0.9953255498068561
[0.0, 1.0, 1.0, 1.0, 1, 1.0, 0.0, 0, 0.0, 1.0, 1.0, 0.0, 124.5084798] 0.868418955298683
[0.0, 1.0, 0.0, 1.0, 1.0, 1.0, 1.0, 0.0, 1.0, 0.0, 0.0, 1, 170.4570768] 0.9966910892635238
[0.0, 1.0, 1.0, 1.0, 1.0, 1.0, 1, 1, 1.0, 0.0, 0, 1.0, 170.5469792] 0.9969420647763683
[0.0, 1.0, 1.0, 1.0, 1.0, 1.0, 1.0, 0.0, 0, 1.0, 0.0, 1.0, 170.6936717] 0.9973515780420648
[1.0, 1.0, 0.0, 1.0, 1.0, 1.0, 1.0, 0.0, 1.0, 1.0, 1.0, 0.0, 169.8940532] 0.9951193277003891
[0.0, 1, 0.0, 1.0, 1.0, 1.0, 0.0, 0.0, 0.0, 1.0, 0.0, 1.0, 124.2786868] 0.8677774550047744
[1.0, 1, 1.0, 1.0, 1.0, 1.0, 1.0, 1.0, 0.0, 0.0, 0.0, 1.0, 169.4890268] 0.9939886381030528
[0.0, 1, 1.0, 1.0, 0, 1.0, 1.0, 1, 1.0, 1, 1.0, 1.0, 125.0057473] 0.8698071492271365
[1.0, 1.0, 0.0, 1.0, 1.0, 1.0, 0.0, 0.0, 1.0, 1.0, 0.0, 0.0, 123.8684065] 0.8666320983880157
[1.0, 1.0, 0.0, 1.0, 0.0, 1, 1.0, 1.0, 0.0, 1.0, 1.0, 1.0, 124.4139562] 0.8681550790396965
[0.0, 1.0, 1.0, 1, 1, 1.0, 1.0, 1.0, 1.0, 1.0, 1.0, 1.0, 169.8049326] 0.9948705346949742
[0.0, 1.0, 1.0, 1, 1.0, 1.0, 1, 0.0, 0.0, 0.0, 1.0, 1.0, 170.6176486] 0.99713934859646
[0, 1.0, 0.0, 1.0, 1.0, 1.0, 1.0, 0.0, 0.0, 0.0, 0.0, 1.0, 171.4235804] 0.9993892234254156
[0.0, 1.0, 1, 1.0, 1.0, 1.0, 0.0, 0.0, 0.0, 1.0, 0, 0.0, 125.7227893] 0.8718088753621569
[0.0, 1.0, 0.0, 1.0, 1.0, 1.0, 1.0, 1.0, 0, 0.0, 1.0, 1.0, 169.2854667] 0.9934203707320797
[0.0, 1.0, 0.0, 1.0, 0.0, 1.0, 1.0, 1.0, 1.0, 0.0, 0.0, 0.0, 124.7782342] 0.8691720136028224
[1.0, 1.0, 0.0, 1.0, 1.0, 1, 0.0, 0.0, 0.0, 1.0, 0.0, 1.0, 123.9079258] 0.8667424222123491
