[0.0, 1.0, 0.0, 1.0, 1.0, 1.0, 1, 1.0, 1.0, 0.0, 0.0, 0.0, 170.6651847] 0.9972720524739552
[1.0, 1.0, 1.0, 1.0, 1, 1, 1.0, 0.0, 0.0, 1.0, 1.0, 1.0, 170.6573937] 0.9972503027740521
[0, 1.0, 0.0, 1, 1.0, 1, 1.0, 1.0, 1, 0, 1, 1, 170.4742329] 0.9967389829904534
[0.0, 1.0, 1.0, 1.0, 1, 1.0, 1.0, 0.0, 1, 1.0, 1.0, 0.0, 170.1067212] 0.9957130210875025
[0.0, 1.0, 0.0, 1.0, 1.0, 1, 1.0, 0.0, 1, 1.0, 0.0, 1.0, 171.1972303] 0.9987573344832972
[1, 1, 0.0, 1.0, 1.0, 1.0, 1, 0.0, 1, 0.0, 0.0, 1.0, 170.3206944] 0.9963103581286157
[1.0, 1.0, 1.0, 1.0, 1.0, 1.0, 1.0, 0, 0.0, 1.0, 1.0, 0.0, 169.9866829] 0.9953779168644397
[0.0, 1.0, 0.0, 1.0, 1.0, 1.0, 1.0, 1, 1.0, 1.0, 0.0, 0.0, 169.9597268] 0.9953026650244243
[0.0, 1.0, 0, 1.0, 1.0, 1, 1, 0.0, 1, 1.0, 0.0, 1.0, 171.1972303] 0.9987573344832972
[0, 1.0, 0.0, 1.0, 1.0, 1, 1.0, 1.0, 0.0, 1.0, 0.0, 0.0, 169.3338497] 0.9935554388530414
[0.0, 1.0, 1.0, 1.0, 1.0, 1.0, 1.0, 1.0, 1.0, 1.0, 1.0, 0.0, 170.2764871] 0.9961869470763081
[1.0, 1.0, 0, 1.0, 1, 1.0, 1, 1.0, 0.0, 1.0, 0, 0, 170.4227512] 0.9965952644016325
[0.0, 1.0, 0.0, 1.0, 1.0, 1.0, 1, 1.0, 0.0, 1.0, 1, 0.0, 170.5539949] 0.9969616501145291
[0.0, 1.0, 1.0, 1.0, 1, 1.0, 1.0, 1.0, 1.0, 0, 1.0, 1.0, 170.6282685] 0.997168995578619
[0.0, 1.0, 0.0, 1.0, 1.0, 1, 1.0, 0.0, 0, 0.0, 0.0, 1.0, 171.4235804] 0.9993892234254156
[0.0, 1.0, 1.0, 1.0, 1.0, 1.0, 1.0, 0.0, 0.0, 0.0, 1.0, 1, 170.6176486] 0.99713934859646
[1.0, 1.0, 1.0, 1.0, 1.0, 1.0, 1.0, 0.0, 0.0, 1.0, 1.0, 1.0, 170.6573937] 0.9972503027740521
[0.0, 1, 0.0, 1.0, 1, 1.0, 1.0, 1.0, 0.0, 0.0, 1.0, 0.0, 170.735281] 0.9974677364027602
[0.0, 1, 1, 1.0, 1.0, 1.0, 1.0, 0.0, 0.0, 0.0, 1, 1.0, 170.6176486] 0.99713934859646
[1.0, 1.0, 0.0, 1.0, 1, 1.0, 1.0, 0.0, 1.0, 0.0, 1.0, 1.0, 170.3253386] 0.9963233230825741
[1.0, 1.0, 0.0, 1.0, 1.0, 1.0, 1.0, 0, 1, 0.0, 0.0, 0.0, 170.2000723] 0.9959736241436732
[0, 1.0, 0.0, 1.0, 0.0, 1.0, 1.0, 0.0, 0.0, 0.0, 0.0, 1.0, 124.8248966] 0.8693022784207867
[0.0, 1.0, 0.0, 1, 1.0, 1, 1.0, 0.0, 1.0, 1.0, 0.0, 1.0, 171.1972303] 0.9987573344832972
[0.0, 1.0, 1.0, 1.0, 1.0, 1.0, 0, 0.0, 0, 1.0, 0.0, 0.0, 125.7227893] 0.8718088753621569
[0, 1.0, 1, 1.0, 1.0, 1.0, 1.0, 1.0, 1.0, 0.0, 1.0, 1, 170.6282685] 0.997168995578619
[0.0, 1.0, 0, 1.0, 1.0, 1, 1.0, 0.0, 1, 1, 0, 1.0, 171.1972303] 0.9987573344832972
[0.0, 1, 0, 1.0, 1.0, 1.0, 1.0, 1, 1, 0.0, 1, 1.0, 170.4742329] 0.9967389829904534
[0, 1.0, 1, 1.0, 1.0, 1.0, 1.0, 1.0, 1.0, 1.0, 1, 0.0, 170.2764871] 0.9961869470763081
[0, 1.0, 1.0, 1.0, 1, 1.0, 1, 1.0, 0.0, 1.0, 0.0, 1.0, 170.3886647] 0.9965001070218675
[0.0, 1.0, 0.0, 1, 1.0, 1.0, 1.0, 1.0, 1.0, 0.0, 0.0, 0.0, 170.6651847] 0.9972720524739552
