[1.0, 0.0, 1.0, 1.0, 1.0, 0.0, 0.0, 0, 1, 0.0, 1.0, 0.0, 8.0, 10.0, 421033.0] 0.95055
[1.0, 0.0, 1.0, 1.0, 1.0, 0.0, 1.0, 0.0, 0.0, 0.0, 1.0, 0.0, 2048.0, 6.0, 123835.4] 0.1520619007837053
[1.0, 0.0, 0.0, 0.0, 1, 0.0, 0.0, 0, 0.0, 1.0, 0.0, 50, 16.0, 8.0, 121361.0] 0.14878068186338864
[1.0, 1.0, 1.0, 1.0, 1.0, 1.0, 0.0, 0.0, 0.0, 0.0, 0.0, 0.0, 64, 8.0, 131891.6] 0.1627449576321757
[1.0, 1.0, 0.0, 1.0, 1, 0.0, 0.0, 0.0, 1.0, 0.0, 0.0, 100.0, 32.0, 8.0, 125121.8] 0.15376775271512114
[1.0, 1, 0.0, 1.0, 1.0, 0, 0.0, 0.0, 1.0, 0.0, 1.0, 40.0, 512.0, 8.0, 124946.4] 0.15353516065295514
[1.0, 0.0, 1.0, 1.0, 1.0, 0.0, 0.0, 0.0, 1.0, 0.0, 0.0, 10, 4096.0, 8, 124381.6] 0.15278619829998277
[1.0, 0.0, 1.0, 1.0, 1.0, 0.0, 0.0, 0.0, 1.0, 0.0, 1.0, 100.0, 4.0, 8.0, 124130.6] 0.15245335561125037
[1.0, 1.0, 0.0, 1.0, 1.0, 0.0, 0.0, 0.0, 0.0, 1.0, 1.0, 70.0, 2048.0, 10.0, 301248.0] 0.435422933662203
[1, 1.0, 0, 1, 1.0, 0.0, 0.0, 0, 1, 0.0, 1.0, 100.0, 64.0, 8.0, 124984.2] 0.15358528596623836
[1.0, 0.0, 1.0, 0.0, 1.0, 0.0, 0.0, 0, 0.0, 1, 1, 90, 64.0, 10.0, 300736.6] 0.43457065004541395
[1.0, 0.0, 0.0, 1.0, 1.0, 0.0, 0.0, 0.0, 1.0, 0.0, 1.0, 80.0, 8.0, 8.0, 124849.2] 0.15340626699022689
[1.0, 0.0, 1, 1.0, 1.0, 0.0, 0.0, 0.0, 0.0, 1.0, 1.0, 100.0, 64.0, 10.0, 300261.8] 0.43377936287049923
[1.0, 0.0, 1.0, 1.0, 1.0, 0.0, 0.0, 0.0, 0.0, 1, 0.0, 90.0, 4.0, 10.0, 300050.2] 0.4334267167748548
[1.0, 1.0, 0.0, 0.0, 1.0, 0.0, 0.0, 0.0, 0.0, 1.0, 1.0, 30, 512.0, 8.0, 121908.6] 0.14950683587275068
[1.0, 1.0, 0.0, 1, 1.0, 1.0, 0.0, 0.0, 0.0, 0.0, 0.0, 80.0, 16, 8.0, 105584.8] 0.12786039172004085
[1.0, 0.0, 0.0, 0.0, 1.0, 0.0, 0, 0.0, 0.0, 1, 1.0, 10.0, 4096.0, 10.0, 301175.0] 0.43530127409234465
[1.0, 1.0, 1, 1.0, 1.0, 0.0, 0.0, 0.0, 1.0, 0, 0.0, 60.0, 2.0, 8.0, 124156.0] 0.1524870377000703
[1.0, 0.0, 1, 1.0, 1, 1, 0.0, 0.0, 0.0, 0, 0, 0.0, 512.0, 8.0, 132073.0] 0.16298550609327553
[1.0, 0.0, 1.0, 1.0, 1.0, 0.0, 0.0, 0.0, 0.0, 1.0, 1, 60.0, 2.0, 8, 121718.4] 0.14925461802654785
[1.0, 0.0, 1.0, 1.0, 1.0, 0.0, 0.0, 0.0, 1.0, 0.0, 0, 90, 8.0, 10.0, 414757.0] 0.84595
[1.0, 1.0, 0.0, 1.0, 1.0, 1, 0.0, 0.0, 0.0, 0.0, 0.0, 0, 1.0, 10.0, 131670.4] 0.1624516317248147
[1.0, 0, 1.0, 1.0, 1.0, 0, 0.0, 0.0, 1.0, 0.0, 1.0, 30.0, 1024.0, 10.0, 415870.4] 0.864506666666667
[1.0, 1.0, 1.0, 1.0, 1.0, 0.0, 0.0, 0, 1.0, 0.0, 0, 40.0, 8.0, 10.0, 415767.8] 0.8627966666666664
[1.0, 0.0, 1.0, 1.0, 1.0, 1, 0.0, 0.0, 0.0, 0.0, 1.0, 80.0, 4.0, 10, 113901.0] 0.1388882258556444
[1, 0.0, 1.0, 1.0, 1.0, 0.0, 0.0, 0, 1.0, 0.0, 1.0, 80.0, 128.0, 10, 414281.4] 0.8380233333333338
[1.0, 0.0, 0.0, 1.0, 1.0, 0.0, 0.0, 0.0, 0, 1.0, 1.0, 80.0, 4096.0, 8, 121511.0] 0.1489795918367347
[1.0, 1.0, 1.0, 1.0, 1.0, 0.0, 0.0, 0.0, 1.0, 0.0, 0.0, 80.0, 1024.0, 8.0, 124683.6] 0.15318667037965283
[1.0, 1.0, 1.0, 1.0, 1.0, 0, 0.0, 0.0, 1.0, 0, 0.0, 20.0, 16.0, 10.0, 415260.0] 0.8543333333333334
[1.0, 0.0, 1.0, 0.0, 1.0, 0.0, 0.0, 0.0, 0.0, 1.0, 0.0, 0.0, 4096.0, 10.0, 298742.4] 0.4312471772479939
