[1.0, 0.0, 0.0, 1.0, 1.0, 0.0, 0.0, 0.0, 1, 0.0, 1.0, 80.0, 1024, 8.0, 124872.6] 0.1534372969460689
[1.0, 1.0, 0.0, 1.0, 1, 0.0, 0.0, 0.0, 1.0, 0.0, 0.0, 40, 32.0, 10, 417108.0] 0.8851333333333333
[1.0, 1.0, 1, 1.0, 1.0, 0.0, 0.0, 0, 1.0, 0.0, 0.0, 10.0, 256.0, 10.0, 416164.4] 0.8694066666666671
[1, 0, 0.0, 1.0, 1.0, 0.0, 1.0, 0.0, 0.0, 0.0, 1.0, 50.0, 1.0, 10.0, 125123.0] 0.15376934399490794
[1, 0.0, 0.0, 1.0, 1.0, 0.0, 0.0, 0.0, 1.0, 0.0, 0, 0.0, 8.0, 10.0, 422061.6] 0.967693333333333
[1.0, 0.0, 1.0, 1.0, 1.0, 0.0, 0.0, 0, 1, 0.0, 1.0, 60.0, 512, 10.0, 417094.8] 0.8849133333333331
[1.0, 1.0, 1.0, 1.0, 1.0, 0.0, 1.0, 0.0, 0.0, 0.0, 0, 0.0, 32, 8.0, 131710.0] 0.16250414395777804
[1.0, 0.0, 0.0, 1.0, 1, 1.0, 0.0, 0.0, 0.0, 0.0, 1.0, 50.0, 1, 8.0, 125571.6] 0.15436421742186157
[1.0, 0.0, 1.0, 1.0, 1, 0.0, 0.0, 0.0, 1.0, 0.0, 1, 90.0, 512, 8.0, 125205.6] 0.15387887708689715
[1, 1.0, 0, 1, 1.0, 0.0, 0.0, 0, 1.0, 0.0, 0.0, 100.0, 32.0, 10.0, 416447.8] 0.8741299999999999
[1.0, 0.0, 0.0, 0.0, 1.0, 0.0, 0.0, 0.0, 0.0, 1.0, 1.0, 0.0, 16.0, 10.0, 301373.4] 0.4356319214712475
[1.0, 0.0, 0.0, 1.0, 1.0, 0.0, 0.0, 0.0, 0.0, 1.0, 0.0, 40.0, 2048.0, 10.0, 303217.6] 0.4387054088511503
[1.0, 1, 1, 1.0, 1.0, 0.0, 0.0, 0.0, 1.0, 0.0, 0.0, 10.0, 256.0, 10, 416164.4] 0.8694066666666671
[1.0, 0.0, 0.0, 0.0, 1, 0.0, 0.0, 0.0, 0.0, 1.0, 1, 10.0, 4.0, 10.0, 299128.6] 0.4318908063696284
[1.0, 0.0, 1.0, 1.0, 1, 0.0, 0.0, 0.0, 1.0, 0.0, 1.0, 40.0, 8.0, 10.0, 418370.4] 0.9061733333333337
[1.0, 1.0, 0.0, 1, 1.0, 0.0, 0, 0.0, 1.0, 0.0, 0.0, 30.0, 2, 10.0, 416738.0] 0.8789666666666667
[1, 0, 1.0, 1.0, 1.0, 0.0, 0.0, 0.0, 1.0, 0.0, 1.0, 0, 4096.0, 10.0, 421549.6] 0.9591599999999996
[1, 0.0, 1.0, 1.0, 1.0, 0.0, 0.0, 0.0, 0, 1.0, 1.0, 50, 4096, 10, 302569.2] 0.43762480521969555
[1.0, 1, 0.0, 1.0, 1.0, 0.0, 0.0, 0.0, 1.0, 0, 0.0, 70, 64, 8.0, 124996.2] 0.15360119876410605
[1.0, 1.0, 1.0, 1.0, 1.0, 0.0, 0.0, 0.0, 0.0, 1.0, 1.0, 30.0, 4096.0, 10, 300401.2] 0.4340116826518453
[1.0, 1.0, 1.0, 1.0, 1.0, 0.0, 0.0, 0.0, 1.0, 0.0, 1.0, 50.0, 16.0, 8.0, 125275.0] 0.15397090610123193
[1.0, 0.0, 0.0, 1, 1, 0, 0.0, 0, 1.0, 0.0, 0, 0, 8.0, 10.0, 422061.6] 0.967693333333333
[1.0, 0.0, 0.0, 1.0, 1.0, 0.0, 1, 0, 0.0, 0, 1.0, 70, 16.0, 8.0, 105383.6] 0.12759358714245936
[1.0, 1.0, 0.0, 1.0, 1, 0.0, 0.0, 0.0, 1.0, 0.0, 1.0, 0.0, 16.0, 10.0, 419694.6] 0.928243333333333
[1.0, 1, 0.0, 0.0, 1.0, 0.0, 0.0, 0.0, 0.0, 1.0, 0.0, 30.0, 256.0, 10.0, 302751.6] 0.4379287874873965
[1.0, 0, 0, 1, 1.0, 0.0, 0.0, 0.0, 1.0, 0.0, 1.0, 100.0, 1.0, 10.0, 419802.6] 0.9300433333333329
[1.0, 0.0, 1.0, 1.0, 1.0, 0.0, 0.0, 0, 1.0, 0.0, 1, 40.0, 32.0, 10.0, 415124.2] 0.8520700000000001
[1.0, 1.0, 1.0, 1.0, 1.0, 1.0, 0.0, 0.0, 0.0, 0.0, 1, 40.0, 1, 8.0, 125257.6] 0.1539478325443238
[1.0, 1.0, 0.0, 1.0, 1.0, 0.0, 0.0, 0.0, 1.0, 0.0, 1.0, 40.0, 4, 10.0, 415293.6] 0.8548933333333328
[1, 1.0, 1.0, 1.0, 1.0, 0.0, 0.0, 0.0, 1.0, 0.0, 0.0, 30.0, 1.0, 10.0, 419396.0] 0.9232666666666667
