[1.0, 0, 0, 1.0, 1, 0.0, 0.0, 0.0, 1, 0.0, 0.0, 0, 8, 10, 422061.6] 0.967693333333333
[1, 0, 1, 1, 1, 0.0, 0.0, 0, 1.0, 0.0, 1, 0, 1, 10, 424574.6] 1.0
[1, 0, 0, 1, 1, 0, 0, 0.0, 1.0, 0, 0, 0, 1, 10, 420952.4] 0.9492066666666671
[1, 1, 0.0, 0, 1, 0, 0, 0.0, 0.0, 1, 0, 40, 512, 10.0, 305319.4] 0.44220820452140297
[1, 0.0, 0.0, 1.0, 1, 0.0, 0, 0.0, 1, 0.0, 0, 0.0, 8.0, 10.0, 422061.6] 0.967693333333333
[1, 0, 1.0, 1.0, 1.0, 0.0, 0, 0, 1, 0, 1, 0, 1, 10.0, 424574.6] 1.0
[1, 0, 1, 1.0, 1, 0, 1.0, 0, 0.0, 0.0, 0, 0.0, 4, 8, 132074.2] 0.1629870973730623
[1.0, 0.0, 0, 1.0, 1, 1.0, 0.0, 0.0, 0, 0.0, 1.0, 0, 32, 8.0, 131658.4] 0.162435718926947
[1, 0.0, 1, 1.0, 1, 0.0, 0.0, 0.0, 1, 0.0, 1, 0, 1.0, 10, 424574.6] 1.0
[1, 0, 1, 1, 1, 0, 0.0, 0, 1.0, 0.0, 1, 0, 1024, 10.0, 422519.2] 0.9753200000000002
[1, 0.0, 1, 0.0, 1.0, 0, 0.0, 0.0, 0.0, 1.0, 0, 60, 256, 10.0, 304798.6] 0.44134025515178277
[1, 1.0, 0, 0.0, 1, 0, 0.0, 0, 0.0, 1, 0.0, 40, 512, 10.0, 305319.4] 0.44220820452140297
[1.0, 1, 1, 1.0, 1, 0.0, 0, 0, 1.0, 0.0, 0.0, 0, 64, 10, 421857.4] 0.9642900000000004
[1.0, 0.0, 0.0, 1, 1, 0, 0.0, 0.0, 1, 0, 1, 0, 2, 10.0, 421224.8] 0.9537466666666665
[1.0, 0.0, 1.0, 1.0, 1, 0.0, 0.0, 0.0, 1.0, 0, 1, 0, 1, 10.0, 424574.6] 1.0
[1, 0, 1, 1, 1, 0.0, 0, 0.0, 1.0, 0, 1, 0, 1024, 10.0, 422519.2] 0.9753200000000002
[1, 0, 1.0, 1.0, 1.0, 0.0, 0, 0.0, 1.0, 0.0, 1.0, 0, 1, 10.0, 424574.6] 1.0
[1, 0, 1, 1, 1.0, 0, 0.0, 0.0, 1, 0, 0, 100, 128, 10, 417364.0] 0.8894
[1, 0, 0.0, 1.0, 1, 0, 0, 0.0, 1, 0, 1, 0, 64, 10.0, 421875.8] 0.9645966666666664
[1.0, 1, 1.0, 0, 1, 0.0, 0, 0.0, 0.0, 1.0, 1.0, 100, 256, 10, 303902.8] 0.4398473422383694
[1, 0, 0, 1, 1, 0.0, 0.0, 0, 1, 0.0, 1.0, 0, 16.0, 10, 421936.6] 0.9656099999999996
[1.0, 0.0, 0.0, 1, 1, 0, 0.0, 0, 1.0, 0.0, 0, 0, 8.0, 10.0, 422061.6] 0.967693333333333
[1.0, 1.0, 0, 1, 1.0, 0.0, 1, 0, 0.0, 0, 1, 0, 4096, 8.0, 132000.8] 0.16288976409277162
[1, 0, 1, 1.0, 1, 0, 0.0, 0, 1, 0.0, 1, 0.0, 1, 10, 424574.6] 1.0
[1.0, 1.0, 1, 0.0, 1, 0.0, 0.0, 0, 0.0, 1.0, 0.0, 90, 256.0, 10, 303175.6] 0.43863541293424546
[1, 1.0, 1, 1, 1.0, 0.0, 0, 0.0, 1.0, 0.0, 1.0, 100.0, 1.0, 10.0, 421113.8] 0.9518966666666665
[1.0, 1, 1, 1.0, 1, 0.0, 0.0, 0, 1, 0.0, 0, 0, 64, 10.0, 421857.4] 0.9642900000000004
[1, 0, 1, 1, 1, 1.0, 0.0, 0, 0, 0.0, 1, 0, 2048, 8.0, 131839.2] 0.16267547174815347
[1, 0, 1, 1.0, 1, 0.0, 0.0, 0, 1, 0, 1.0, 0, 1, 10.0, 424574.6] 1.0
[1, 0, 0, 1.0, 1, 0.0, 0.0, 0.0, 1, 0.0, 0.0, 0, 8, 10, 422061.6] 0.967693333333333
