[1.0, 0, 0.0, 1.0, 1.0, 0.0, 0.0, 0.0, 1.0, 0.0, 0, 30, 1024, 10, 416600.4] 0.8766733333333336
[1.0, 1.0, 0.0, 1.0, 1, 0.0, 0.0, 0.0, 1.0, 0.0, 0.0, 40, 32.0, 10, 417108.0] 0.8851333333333333
[1, 0, 1, 1.0, 1.0, 0, 0.0, 0.0, 1.0, 0.0, 1, 10.0, 2, 10.0, 417432.4] 0.8905400000000003
[1, 1.0, 0.0, 0, 1.0, 0, 0, 0.0, 0, 1, 1, 90.0, 2, 10.0, 298174.0] 0.4302998991725483
[1, 0.0, 0.0, 1.0, 1.0, 0.0, 0.0, 0.0, 1.0, 0.0, 0, 0.0, 8.0, 10.0, 422061.6] 0.967693333333333
[1.0, 0.0, 1.0, 1.0, 1.0, 0.0, 0.0, 0, 1, 0, 0, 60.0, 1, 10.0, 420242.4] 0.9373733333333337
[1, 0, 1, 1.0, 1.0, 0.0, 1.0, 0, 0.0, 0.0, 0, 0.0, 512, 10, 131900.4] 0.16275662701727867
[1.0, 0.0, 0.0, 1.0, 1, 1.0, 0.0, 0.0, 0.0, 0.0, 1.0, 50.0, 1, 8.0, 125571.6] 0.15436421742186157
[1.0, 0.0, 0, 1.0, 1, 0.0, 0.0, 0.0, 1.0, 0.0, 1, 90.0, 1.0, 10, 419237.2] 0.9206200000000002
[1, 0, 1, 1, 1, 0, 0.0, 0, 1.0, 0.0, 0.0, 0, 512, 10.0, 421335.2] 0.9555866666666668
[1.0, 0.0, 0.0, 1.0, 1, 0.0, 0.0, 0.0, 0.0, 1.0, 0, 60, 64.0, 10.0, 301466.2] 0.4357865791162182
[1.0, 1.0, 1.0, 0.0, 1.0, 0, 0.0, 0, 0.0, 1, 0.0, 30.0, 64, 10.0, 303385.0] 0.43898439257709965
[1.0, 1, 1, 1.0, 1.0, 0.0, 0.0, 0.0, 1.0, 0.0, 0.0, 10.0, 1, 10, 420823.8] 0.9470633333333331
[1.0, 0.0, 0.0, 1, 1, 0.0, 0.0, 0.0, 1, 0, 1, 30, 2, 10.0, 417187.6] 0.8864599999999996
[1.0, 0.0, 1.0, 1.0, 1, 0.0, 0, 0.0, 1.0, 0.0, 1.0, 0, 1024, 10.0, 422519.2] 0.9753200000000002
[1, 1.0, 0.0, 1, 1, 0.0, 0, 0.0, 1.0, 0.0, 0.0, 100, 2, 10.0, 417491.0] 0.8915166666666666
[1, 0, 1.0, 1.0, 1.0, 0.0, 0.0, 0.0, 1.0, 0.0, 1.0, 0, 4096.0, 10.0, 421549.6] 0.9591599999999996
[1, 0.0, 1.0, 1.0, 1.0, 0.0, 0.0, 0.0, 0, 1, 0.0, 50, 4096.0, 10, 302940.6] 0.43824376911346835
[1, 0.0, 0.0, 1.0, 1.0, 0.0, 0.0, 0.0, 1, 0.0, 0, 0, 64, 10.0, 421111.4] 0.951856666666667
[1.0, 0, 1.0, 1.0, 1.0, 0.0, 0.0, 0.0, 0.0, 1.0, 1.0, 100, 4096.0, 10, 302925.2] 0.43821810394393657
[1, 0, 1.0, 1.0, 1.0, 0.0, 0.0, 0, 1.0, 0.0, 1.0, 50.0, 16.0, 10, 418607.0] 0.9101166666666667
[1.0, 0.0, 0.0, 1, 1, 0, 0.0, 0, 1.0, 0.0, 0, 0, 8.0, 10.0, 422061.6] 0.967693333333333
[1.0, 1.0, 1.0, 1.0, 1.0, 0, 1, 0, 0.0, 0, 1.0, 10.0, 1, 8.0, 125727.0] 0.15457028815424806
[1, 1.0, 0.0, 1, 1, 0, 0.0, 0.0, 1.0, 0.0, 1, 0.0, 32, 10, 422006.6] 0.9667766666666663
[1.0, 1, 0.0, 0.0, 1.0, 0.0, 0.0, 0.0, 0.0, 1.0, 0.0, 30.0, 256.0, 10.0, 302751.6] 0.4379287874873965
[1, 1.0, 1, 1, 1.0, 0.0, 0, 0.0, 1.0, 0.0, 1.0, 100.0, 1.0, 10.0, 421113.8] 0.9518966666666665
[1.0, 0.0, 1.0, 1.0, 1.0, 0.0, 0.0, 0, 1.0, 0.0, 1, 60, 8, 10.0, 417715.4] 0.895256666666667
[1.0, 0, 1.0, 1, 1, 1.0, 0.0, 0.0, 0.0, 0.0, 0, 40.0, 1, 8.0, 125477.8] 0.1542398323851958
[1.0, 0, 0.0, 1.0, 1, 0.0, 0.0, 0.0, 1, 0.0, 1.0, 80, 4, 10.0, 417282.6] 0.8880433333333329
[1, 1.0, 1, 1, 1, 0.0, 0.0, 0, 1, 0, 0.0, 0, 8, 10.0, 421580.4] 0.9596733333333337
