[1, 0, 1, 1.0, 1, 0, 0.0, 0.0, 1, 0.0, 1.0, 0, 1, 10, 424574.6] 1.0
[1.0, 1, 0.0, 1, 1.0, 0.0, 0.0, 0.0, 1, 0, 1.0, 0, 256, 10.0, 422061.4] 0.9676900000000004
[1.0, 1, 1, 1.0, 1.0, 0, 0.0, 0, 1.0, 0, 1, 100, 1, 10.0, 421113.8] 0.9518966666666665
[1, 1.0, 1, 1, 1.0, 0, 0.0, 0.0, 1, 0.0, 0, 10.0, 1, 10.0, 420823.8] 0.9470633333333331
[1.0, 0.0, 1, 1.0, 1, 0.0, 0, 0.0, 1, 0, 1.0, 0, 1.0, 10.0, 424574.6] 1.0
[1.0, 1, 0, 1, 1, 0, 0.0, 0.0, 0.0, 1, 1, 40, 2048.0, 10.0, 303936.6] 0.4399036722857833
[1.0, 0, 1, 1, 1, 0.0, 0.0, 0, 0, 1, 0.0, 100, 1024, 10, 303597.2] 0.4393380386144141
[1.0, 1, 0.0, 1.0, 1.0, 1, 0, 0.0, 0.0, 0, 0.0, 0.0, 1, 8.0, 131978.6] 0.1628603254167164
[1, 1, 1, 1, 1, 0.0, 0.0, 0.0, 1.0, 0, 0, 0.0, 128, 10.0, 422401.4] 0.9733566666666671
[1, 1.0, 1, 0, 1, 0.0, 0.0, 0.0, 0.0, 1.0, 1.0, 100.0, 256, 10.0, 303902.8] 0.4398473422383694
[1.0, 0, 1, 1.0, 1, 0.0, 0.0, 0, 1.0, 0.0, 1.0, 0, 1, 10, 424574.6] 1.0
[1, 1, 0, 1, 1, 0, 0.0, 0, 1, 0, 1, 40, 1, 10, 421557.6] 0.9592933333333329
[1, 1, 1, 0, 1, 0.0, 0.0, 0.0, 0.0, 1.0, 1.0, 100, 256, 10, 303902.8] 0.4398473422383694
[1.0, 1.0, 0, 1.0, 1.0, 0.0, 0.0, 0.0, 1, 0.0, 1, 40.0, 1, 10, 421557.6] 0.9592933333333329
[1, 1, 0, 1.0, 1, 0.0, 0, 0, 1, 0, 0, 0, 2048, 10, 421753.6] 0.9625599999999996
[1.0, 1, 0, 1, 1, 0.0, 0, 0.0, 0.0, 1.0, 0, 60, 128.0, 10.0, 304211.0] 0.440360978942895
[1, 0, 1, 1, 1.0, 0, 0.0, 0.0, 1, 0, 1.0, 0, 1, 10, 424574.6] 1.0
[1, 1, 0, 1, 1.0, 1.0, 0, 0, 0, 0.0, 0, 0, 1, 8.0, 131978.6] 0.1628603254167164
[1, 0.0, 1.0, 1, 1.0, 0.0, 0.0, 0, 1, 0, 1, 0, 1, 10.0, 424574.6] 1.0
[1.0, 1, 0, 1, 1, 0.0, 0.0, 0, 1.0, 0.0, 1, 40.0, 1, 10.0, 421557.6] 0.9592933333333329
[1.0, 1, 1, 1, 1, 0.0, 0.0, 0.0, 1, 0.0, 0, 0, 128, 10, 422401.4] 0.9733566666666671
[1, 0, 1.0, 0, 1, 0.0, 0, 0.0, 0.0, 1.0, 0, 60, 256, 10, 304798.6] 0.44134025515178277
[1, 0, 1, 1, 1, 0, 0.0, 0.0, 1, 0.0, 0.0, 0, 2048.0, 10.0, 422252.6] 0.9708766666666663
[1.0, 1.0, 0.0, 0, 1, 0.0, 0.0, 0, 0.0, 1.0, 0, 40, 512, 10.0, 305319.4] 0.44220820452140297
[1, 0, 0.0, 1, 1.0, 0.0, 0.0, 0, 0.0, 1.0, 1.0, 100, 128.0, 10.0, 303803.8] 0.439682351862808
[1, 1, 0, 1, 1, 0.0, 0, 0.0, 1, 0.0, 0, 0, 16, 10, 421525.0] 0.95875
[1, 1.0, 0, 0.0, 1.0, 0.0, 0.0, 0.0, 0, 1.0, 0.0, 40, 512, 10, 305319.4] 0.44220820452140297
[1.0, 1.0, 1.0, 1.0, 1.0, 0.0, 0.0, 0.0, 1, 0, 0.0, 0.0, 128.0, 10.0, 422401.4] 0.9733566666666671
[1.0, 1.0, 1, 1, 1.0, 0.0, 0.0, 0.0, 1, 0, 0, 80, 1, 10.0, 420028.0] 0.9338
[1.0, 0.0, 0, 1, 1, 0, 0.0, 0.0, 0.0, 1, 1, 60, 4096, 10.0, 304407.4] 0.4406882931828977
