[1, 0.0, 1, 1.0, 1.0, 0.0, 0.0, 0.0, 1.0, 0.0, 1, 0, 1, 10.0, 424574.6] 1.0
[1, 0, 1, 1.0, 1.0, 0.0, 0.0, 0.0, 1.0, 0.0, 1.0, 0, 1, 10, 424574.6] 1.0
[1, 0, 1, 1, 1, 0, 1, 0, 0, 0.0, 0, 0, 512, 8.0, 132003.4] 0.16289321186564296
[1, 1, 1, 1, 1.0, 0, 0.0, 0, 1, 0, 0, 0, 128, 10, 422401.4] 0.9733566666666671
[1.0, 1, 1.0, 1.0, 1.0, 0, 0.0, 0.0, 0.0, 1, 0.0, 100, 512.0, 10.0, 303810.0] 0.4396926845933987
[1.0, 0, 1, 1.0, 1, 0.0, 0, 0, 1, 0, 0, 0, 2048.0, 10, 422252.6] 0.9708766666666663
[1.0, 0, 1, 1, 1.0, 0, 0, 0.0, 1, 0, 1, 0, 1, 10.0, 424574.6] 1.0
[1, 0.0, 1.0, 1.0, 1, 0.0, 0, 0.0, 1, 0.0, 1, 0, 1.0, 10.0, 424574.6] 1.0
[1.0, 1.0, 1.0, 1, 1, 0.0, 0, 0.0, 0.0, 1.0, 1.0, 50, 1024, 10.0, 304187.8] 0.44032231453165227
[1, 0, 0.0, 1, 1, 0, 0, 0, 1, 0, 0, 0, 8, 10, 422061.6] 0.967693333333333
[1.0, 1, 0, 1.0, 1, 0, 0.0, 0, 1, 0, 1, 90, 2, 10.0, 421820.2] 0.9636700000000002
[1, 0, 1.0, 0.0, 1, 0, 0.0, 0.0, 0.0, 1, 1, 40, 1024.0, 10, 303744.6] 0.4395836909513611
[1, 1, 0, 1, 1.0, 0, 0, 0.0, 1, 0.0, 1.0, 0, 256, 10, 422061.4] 0.9676900000000004
[1.0, 0, 1, 1.0, 1, 0, 0.0, 0, 1.0, 0.0, 0, 0, 2048, 10, 422252.6] 0.9708766666666663
[1.0, 0, 1.0, 1, 1, 0, 0.0, 0, 1, 0.0, 1.0, 0.0, 1, 10, 424574.6] 1.0
[1, 0, 0, 1, 1.0, 0, 0, 0, 1, 0, 0, 0, 8, 10.0, 422061.6] 0.967693333333333
[1, 0, 0, 1.0, 1, 0, 0.0, 0, 1, 0, 1.0, 0, 64, 10, 421875.8] 0.9645966666666664
[1.0, 0.0, 0, 1.0, 1, 0.0, 0.0, 0.0, 1.0, 0.0, 1, 0, 16.0, 10.0, 421936.6] 0.9656099999999996
[1, 0, 1, 1.0, 1.0, 0.0, 0.0, 0.0, 1, 0.0, 1.0, 0, 1, 10.0, 424574.6] 1.0
[1, 0.0, 0.0, 1, 1, 0.0, 0.0, 0.0, 1, 0, 0, 0, 8, 10.0, 422061.6] 0.967693333333333
[1, 1, 1, 1, 1, 0.0, 0, 0, 1.0, 0.0, 0, 0, 128.0, 10, 422401.4] 0.9733566666666671
[1.0, 0, 1, 1, 1, 0, 0, 0, 1, 0.0, 1, 0, 1, 10.0, 424574.6] 1.0
[1.0, 0, 1, 1.0, 1, 0, 0, 0.0, 1, 0, 1, 0, 1, 10, 424574.6] 1.0
[1, 0, 0, 1.0, 1, 0.0, 0, 0, 1, 0.0, 0.0, 0, 8, 10, 422061.6] 0.967693333333333
[1.0, 0, 1, 0, 1, 0.0, 0, 0, 0.0, 1.0, 1, 40, 1024, 10.0, 303744.6] 0.4395836909513611
[1, 1.0, 1.0, 1, 1.0, 1.0, 0.0, 0.0, 0, 0, 1.0, 0, 8.0, 8.0, 132275.8] 0.16325443237723938
[1, 0, 1, 1, 1.0, 0.0, 0.0, 0, 1, 0.0, 0, 0, 2048, 10, 422252.6] 0.9708766666666663
[1.0, 0, 0.0, 1.0, 1, 0, 0, 0, 1, 0, 0, 0, 512, 10, 421739.6] 0.9623266666666663
[1, 0, 1, 1, 1, 0.0, 0.0, 0, 1, 0.0, 1, 0, 1, 10, 424574.6] 1.0
[1.0, 0.0, 1.0, 0, 1.0, 0.0, 0.0, 0.0, 0, 1.0, 1, 100, 4096.0, 10.0, 303869.6] 0.43979201213262553
