[1, 0, 1, 1.0, 1.0, 0.0, 0, 0, 1, 0, 1, 50, 16, 10.0, 418607.0] 0.831642
[1, 1, 1, 1, 1, 0.0, 0, 0.0, 1.0, 0.0, 0.0, 0.0, 128, 10, 422401.4] 0.8544084000000001
[1, 0, 1, 1, 1, 0, 0, 0, 1, 0, 0, 0, 2048, 10.0, 422252.6] 0.8535155999999999
[1.0, 1, 1, 1.0, 1.0, 0, 0.0, 0.0, 1, 0, 0, 0, 128, 10.0, 422401.4] 0.8544084000000001
[1.0, 0, 1, 1, 1.0, 0, 0.0, 0, 1, 0.0, 0, 0, 4, 10, 421755.4] 0.8505324000000002
[1, 0, 1, 1.0, 1, 0, 0.0, 0.0, 1.0, 0.0, 1, 0, 1, 10.0, 424574.6] 0.8674475999999999
[1, 1, 1, 1, 1, 1.0, 0.0, 0.0, 0, 0, 1, 0.0, 8, 8, 132275.8] 0
[1, 0, 0.0, 1, 1, 0.0, 0, 0, 0.0, 1, 0, 40, 256, 10, 302608.8] 0.1356527999999999
[1.0, 0, 1, 1, 1, 0, 1, 0, 0.0, 0, 0, 0, 2, 10, 131689.6] 0
[1, 0, 0, 1, 1.0, 0.0, 0, 0.0, 0, 1, 1, 60, 4096, 10, 304407.4] 0.14644440000000014
[1.0, 0.0, 0.0, 1.0, 1, 0.0, 0, 0.0, 1.0, 0.0, 0.0, 0, 8, 10, 422061.6] 0.8523695999999998
[1.0, 0, 0, 1, 1.0, 0.0, 0, 0, 1, 0.0, 0.0, 0, 2, 10.0, 420711.8] 0.8442707999999999
[1, 1, 1, 1, 1, 1, 0.0, 0.0, 0.0, 0.0, 1, 0, 8, 8, 132275.8] 0
[1, 0.0, 1, 1, 1, 0.0, 0.0, 0.0, 1, 0.0, 1, 0.0, 1, 10.0, 424574.6] 0.8674475999999999
[1, 0, 1, 1, 1, 0, 0.0, 0, 1.0, 0.0, 0.0, 0, 2048, 10.0, 422252.6] 0.8535155999999999
[1, 1.0, 0.0, 1.0, 1.0, 0, 0.0, 0, 1.0, 0.0, 1.0, 90, 2, 10.0, 421820.2] 0.8509212000000002
[1.0, 1.0, 0, 1.0, 1.0, 0, 1, 0, 0.0, 0.0, 1.0, 0, 4096, 8.0, 132000.8] 0
[1, 1, 0.0, 1, 1.0, 0.0, 0, 0, 1, 0.0, 1, 0.0, 256, 10, 422061.4] 0.8523684000000001
[1, 1, 0.0, 1.0, 1, 0, 0, 0, 1.0, 0.0, 1, 0, 256, 10.0, 422061.4] 0.8523684000000001
[1, 1, 1.0, 1.0, 1, 0.0, 0, 0.0, 1, 0, 0, 0, 512.0, 10.0, 421840.6] 0.8510435999999999
[1, 1, 1, 1.0, 1, 0.0, 0.0, 0, 1.0, 0.0, 0, 0, 64, 10.0, 421857.4] 0.8511444000000001
[1, 0, 0.0, 1.0, 1, 0, 0, 0, 1, 0.0, 0.0, 0, 8, 10, 422061.6] 0.8523695999999998
[1.0, 0, 1.0, 1, 1, 0, 0.0, 0, 1, 0, 1, 0, 4096, 10, 421549.6] 0.8492975999999999
[1, 1, 0, 0, 1, 0, 0, 0.0, 0.0, 1, 0.0, 40, 64, 10, 304643.2] 0.14785920000000008
[1, 1, 0, 1.0, 1, 0, 0, 0.0, 1, 0, 1, 0, 1, 10.0, 420997.4] 0.8459844000000002
[1, 0, 1, 0, 1.0, 0.0, 0, 0.0, 0, 1.0, 1.0, 40.0, 1024, 10.0, 303744.6] 0.14246759999999986
[1.0, 0, 1.0, 1.0, 1.0, 0.0, 0, 0.0, 1, 0.0, 1.0, 0, 1, 10.0, 424574.6] 0.8674475999999999
[1.0, 0, 1, 1, 1, 0.0, 0, 0, 1, 0, 1, 0, 1, 10, 424574.6] 0.8674475999999999
[1, 1, 1, 1, 1, 0, 1, 0.0, 0, 0, 0, 0, 32, 8, 131710.0] 0
[1, 0, 1.0, 1.0, 1.0, 0.0, 0.0, 0.0, 1.0, 0, 1.0, 0, 1, 10.0, 424574.6] 0.8674475999999999
