[0.0, 1.0, 1.0, 1.0, 1.0, 1.0, 1.0, 1.0, 1.0, 0.0, 1.0, 1.0, 170.6282685] 0.9943379911572381
[0, 1.0, 1.0, 1.0, 1.0, 1, 1.0, 0.0, 0.0, 0.0, 1.0, 0.0, 171.6423678] 1.0
[0.0, 1.0, 1.0, 1.0, 1, 1.0, 1.0, 0.0, 0, 1.0, 0, 1.0, 170.6936717] 0.9947031560841294
[0.0, 1.0, 0.0, 1, 1.0, 1.0, 1.0, 1.0, 0.0, 0.0, 1, 0.0, 170.735281] 0.9949354728055205
[0.0, 1, 0.0, 1.0, 1, 1.0, 1.0, 0.0, 1.0, 1, 1.0, 0.0, 170.3049545] 0.9925328358563829
[0.0, 1.0, 0.0, 1, 1, 1.0, 1.0, 0, 0.0, 0.0, 0, 1.0, 171.4235804] 0.9987784468508312
[0, 1.0, 0.0, 1.0, 1, 1.0, 1.0, 0, 0, 0.0, 0.0, 1.0, 171.4235804] 0.9987784468508312
[0.0, 1.0, 1.0, 1, 1, 1, 1, 0.0, 0, 1.0, 0.0, 0.0, 170.2257285] 0.9920904942508056
[0.0, 1.0, 1.0, 1.0, 1, 1.0, 1.0, 0.0, 0.0, 0, 0.0, 1.0, 171.5690527] 0.9995906606537368
[0.0, 1.0, 0.0, 1.0, 1, 1.0, 1.0, 1.0, 1.0, 0.0, 0, 0.0, 170.6651847] 0.9945441049479105
[0.0, 1.0, 0.0, 1.0, 1.0, 1, 1.0, 0.0, 1, 1.0, 0.0, 1.0, 171.1972303] 0.9975146689665945
[0.0, 1.0, 1.0, 1, 1.0, 1.0, 1.0, 0.0, 0.0, 0.0, 0.0, 1.0, 171.5690527] 0.9995906606537368
[1, 1.0, 1.0, 1.0, 1.0, 1.0, 1.0, 0.0, 0.0, 1.0, 1.0, 1.0, 170.6573937] 0.9945006055481043
[1, 1.0, 0.0, 1.0, 1, 1, 1, 0, 1.0, 0, 1.0, 1.0, 170.3253386] 0.9926466461651482
[0.0, 1.0, 0.0, 1, 1.0, 1.0, 1, 1, 0.0, 0.0, 0, 0, 170.2016315] 0.9919559537505962
[0.0, 1.0, 1.0, 1.0, 1.0, 1.0, 1.0, 1, 1.0, 0.0, 1.0, 1.0, 170.6282685] 0.9943379911572381
[1, 1.0, 0.0, 1.0, 1, 1, 1.0, 0, 0, 1.0, 1, 0, 170.7705431] 0.9951323512788756
[0.0, 1.0, 1.0, 1.0, 1.0, 1.0, 1.0, 1.0, 1.0, 0.0, 0.0, 1.0, 170.5469792] 0.9938841295527366
[0.0, 1.0, 1, 1, 1.0, 1, 1.0, 0.0, 0.0, 0, 1.0, 0.0, 171.6423678] 1.0
[0, 1, 1.0, 1.0, 1, 1, 1.0, 1, 0.0, 1.0, 0, 1, 170.3886647] 0.9930002140437352
[0.0, 1.0, 0, 1.0, 1.0, 1.0, 1, 0.0, 0.0, 1.0, 1.0, 0, 170.5559134] 0.9939340117678245
[0.0, 1.0, 0.0, 1.0, 1.0, 1, 1, 1.0, 1, 0, 0.0, 0, 170.6651847] 0.9945441049479105
[0, 1.0, 1.0, 1.0, 1, 1, 1, 0, 0.0, 1.0, 0, 1.0, 170.6936717] 0.9947031560841294
[0.0, 1.0, 1.0, 1.0, 1.0, 1, 0.0, 1, 1.0, 0.0, 1, 1.0, 125.5577307] 0.7426961809601161
[0.0, 1.0, 1, 1.0, 1, 1, 1.0, 1, 1, 1, 1.0, 1.0, 169.8049326] 0.9897410693899484
[0.0, 1.0, 0, 1.0, 1.0, 1.0, 1.0, 0, 0.0, 0.0, 0.0, 1.0, 171.4235804] 0.9987784468508312
[1.0, 1.0, 0.0, 1.0, 1.0, 1.0, 1.0, 0.0, 1, 0.0, 0.0, 1.0, 170.3206944] 0.9926207162572314
[0, 1.0, 0, 1, 1, 1.0, 1.0, 1, 0, 1.0, 1.0, 0.0, 170.5539949] 0.9939233002290581
[1.0, 1.0, 1, 1.0, 1, 1, 1.0, 0.0, 0.0, 1.0, 0, 1.0, 169.3840685] 0.9873912637488234
[0.0, 1.0, 1.0, 1.0, 1.0, 1.0, 1, 1.0, 1.0, 0.0, 1.0, 1, 170.6282685] 0.9943379911572381
