[0.0, 1.0, 1, 1.0, 1.0, 1.0, 1.0, 1.0, 1.0, 0.0, 0.0, 0.0, 169.9536264] 0.9905712697563858
[0.0, 1.0, 1, 1, 0.0, 1.0, 1, 0.0, 0.0, 0.0, 0.0, 0, 124.4943442] 0.7367589874660732
[0.0, 1.0, 1.0, 1, 0, 1.0, 1.0, 1.0, 0.0, 1.0, 0.0, 0.0, 124.5612121] 0.7371323302354617
[0.0, 1.0, 1.0, 1.0, 1.0, 1.0, 1.0, 1.0, 0.0, 0.0, 0.0, 0.0, 169.4107442] 0.9875402018747907
[0.0, 1.0, 0.0, 1.0, 1.0, 1.0, 1.0, 1, 1.0, 1, 1.0, 1.0, 169.8953624] 0.9902459650419316
[0.0, 1.0, 1.0, 1.0, 1.0, 1.0, 1.0, 1.0, 1.0, 0.0, 0.0, 1.0, 170.5469792] 0.9938841295527366
[1.0, 1.0, 0.0, 1.0, 1.0, 1.0, 0, 0.0, 0, 1.0, 0.0, 1.0, 123.9079258] 0.7334848444246981
[1.0, 1.0, 0.0, 1.0, 0, 1.0, 1.0, 1, 0.0, 1.0, 0.0, 0.0, 123.7164381] 0.7324157133734489
[0.0, 1.0, 0.0, 1.0, 1, 0.0, 1, 0.0, 0, 0.0, 0.0, 1.0, 116.9622543] 0.6947051574138509
[0.0, 1.0, 1.0, 1, 1.0, 1.0, 1.0, 1.0, 0.0, 1.0, 0.0, 1, 170.3886647] 0.9930002140437352
[0.0, 1.0, 1.0, 1.0, 0.0, 1.0, 1.0, 1.0, 1.0, 1.0, 1.0, 0.0, 124.3637526] 0.7360298569026358
[1.0, 1.0, 1.0, 1.0, 0.0, 1.0, 1, 1.0, 1.0, 1.0, 1.0, 1.0, 123.3425362] 0.7303281112381101
[0.0, 1, 0.0, 1, 1.0, 1.0, 1.0, 0.0, 0.0, 1.0, 0, 1.0, 170.313175] 0.9925787332785504
[1, 1.0, 0.0, 1.0, 1.0, 1.0, 1.0, 1.0, 1.0, 1.0, 0, 0.0, 169.8147054] 0.9897956337506758
[0, 1, 1.0, 1.0, 1.0, 1.0, 1.0, 1.0, 1.0, 0.0, 1, 1.0, 170.6282685] 0.9943379911572381
[0.0, 1.0, 1.0, 1.0, 1.0, 1.0, 1.0, 1.0, 0.0, 1.0, 0.0, 1.0, 170.3886647] 0.9930002140437352
[0.0, 1, 0.0, 1.0, 1.0, 1.0, 1.0, 0.0, 0.0, 1, 0.0, 1.0, 170.313175] 0.9925787332785504
[0.0, 1.0, 0.0, 1.0, 1.0, 1.0, 1.0, 0.0, 0.0, 0.0, 0, 1.0, 171.4235804] 0.9987784468508312
[1.0, 1.0, 1.0, 1.0, 1.0, 1.0, 1.0, 0.0, 1.0, 0.0, 0.0, 0.0, 169.4888957] 0.9879765442369983
[0, 1.0, 1, 1, 1.0, 1.0, 1.0, 1.0, 1.0, 0, 1.0, 1.0, 170.6282685] 0.9943379911572381
[0.0, 1.0, 0.0, 1.0, 1.0, 1, 1.0, 1.0, 0.0, 0.0, 1.0, 1.0, 169.2854667] 0.9868407414641592
[0.0, 1.0, 1, 1.0, 1, 1.0, 0.0, 1.0, 1.0, 1, 1, 0.0, 125.1536291] 0.7404399651905419
[0, 1.0, 0.0, 1.0, 1, 1.0, 1.0, 1.0, 0.0, 0, 1, 0.0, 170.735281] 0.9949354728055205
[0.0, 1.0, 1.0, 1.0, 1.0, 1.0, 1.0, 1.0, 1.0, 1.0, 1.0, 1.0, 169.8049326] 0.9897410693899484
[1.0, 1.0, 1.0, 1.0, 1.0, 1.0, 1.0, 0.0, 0.0, 1.0, 1.0, 0.0, 169.9866829] 0.9907558337288792
[0, 1.0, 1.0, 1.0, 1, 1.0, 1.0, 1, 1.0, 1.0, 0.0, 1.0, 170.2653241] 0.9923115679043762
[1.0, 1, 0.0, 1.0, 1.0, 1.0, 1, 0, 0, 1.0, 0.0, 1.0, 170.3418882] 0.9927390473546018
[1.0, 1, 0.0, 1.0, 1.0, 1.0, 1.0, 0.0, 0.0, 1.0, 0, 0.0, 170.1990225] 0.9919413869512003
[0, 1.0, 1.0, 1.0, 1.0, 1.0, 1, 0.0, 0.0, 0, 1.0, 0, 171.6423678] 1.0
[1.0, 1.0, 0.0, 1.0, 1, 1, 1.0, 0.0, 1.0, 1.0, 0.0, 0.0, 170.051348] 0.9911168776306134
