[0, 1.0, 0.0, 1.0, 1.0, 1.0, 1.0, 0, 1.0, 1, 0.0, 1, 171.1972303] 0.9975146689665945
[0.0, 1.0, 0.0, 1.0, 0.0, 1, 1, 0.0, 0, 0.0, 0.0, 1, 124.8248966] 0.7386045568415733
[0.0, 1.0, 1, 1, 1, 1.0, 1.0, 0, 0.0, 1.0, 0.0, 1.0, 170.6936717] 0.9947031560841294
[0.0, 1.0, 1.0, 1.0, 1.0, 1.0, 1.0, 0.0, 0.0, 0.0, 0.0, 0.0, 171.3028867] 0.9981045791174981
[0.0, 1, 0, 1.0, 1, 1.0, 1.0, 1, 1.0, 0, 0, 0.0, 170.6651847] 0.9945441049479105
[0.0, 1.0, 1.0, 1.0, 1.0, 1.0, 1.0, 0, 0, 0.0, 0.0, 1.0, 171.5690527] 0.9995906606537368
[1.0, 1.0, 0, 1, 1.0, 1, 1.0, 0.0, 1.0, 0, 0.0, 0.0, 170.2000723] 0.9919472482873465
[1.0, 1, 0.0, 1.0, 1, 1.0, 1, 1, 0.0, 1.0, 0.0, 0.0, 170.4227512] 0.993190528803265
[0.0, 1.0, 1, 1, 1, 1, 1, 0, 0.0, 0, 0, 1.0, 171.5690527] 0.9995906606537368
[0.0, 1, 1.0, 1, 1.0, 1.0, 1.0, 0.0, 0.0, 0, 0.0, 1, 171.5690527] 0.9995906606537368
[0, 1.0, 1, 1.0, 1, 1.0, 1, 1.0, 1, 1, 1.0, 0.0, 170.2764871] 0.9923738941526162
[1.0, 1.0, 1.0, 1.0, 1, 1.0, 1, 1.0, 0, 1.0, 0.0, 0.0, 170.0739989] 0.9912433441374896
[0.0, 1, 1, 1, 1.0, 1.0, 1, 0, 0.0, 0.0, 1.0, 0, 171.6423678] 1.0
[0, 1.0, 0.0, 1.0, 1.0, 1, 1.0, 1.0, 1.0, 0.0, 0, 0.0, 170.6651847] 0.9945441049479105
[0, 1, 0, 1.0, 1.0, 1.0, 1.0, 1.0, 0, 0.0, 1, 0, 170.735281] 0.9949354728055205
[0, 1.0, 1, 1.0, 1.0, 1, 1.0, 0.0, 0.0, 0, 1.0, 0, 171.6423678] 1.0
[0.0, 1, 0, 1.0, 1.0, 1.0, 1.0, 0.0, 1, 1, 0.0, 1.0, 171.1972303] 0.9975146689665945
[0.0, 1.0, 1, 1, 1.0, 1.0, 1.0, 0, 0.0, 0.0, 0.0, 1, 171.5690527] 0.9995906606537368
[0, 1.0, 1.0, 1.0, 1, 1.0, 1, 0.0, 1, 1, 1, 0.0, 170.1067212] 0.9914260421750049
[0, 1.0, 1, 1, 1.0, 1.0, 1.0, 1.0, 1.0, 0, 1.0, 1.0, 170.6282685] 0.9943379911572381
[0, 1.0, 0.0, 1.0, 1.0, 1, 1.0, 0, 0.0, 0.0, 0, 1.0, 171.4235804] 0.9987784468508312
[0.0, 1.0, 1, 1.0, 1, 1, 1.0, 0, 1.0, 0.0, 1, 0.0, 170.2916942] 0.9924587997774132
[0, 1.0, 0.0, 1.0, 1, 1.0, 1.0, 1.0, 0.0, 0, 1, 0.0, 170.735281] 0.9949354728055205
[0.0, 1, 1.0, 1.0, 1.0, 1, 1.0, 1, 1.0, 0, 1.0, 1.0, 170.6282685] 0.9943379911572381
[0, 1, 1.0, 1.0, 1, 1.0, 1, 0, 0.0, 0, 1.0, 0.0, 171.6423678] 1.0
[0, 1, 1.0, 1.0, 1, 1, 1.0, 0, 0.0, 0, 0.0, 1.0, 171.5690527] 0.9995906606537368
[0.0, 1, 0.0, 1.0, 1.0, 1.0, 1, 0, 1.0, 1.0, 0.0, 1.0, 171.1972303] 0.9975146689665945
[1, 1, 0.0, 1.0, 1.0, 1.0, 1.0, 1.0, 0, 1.0, 0, 0.0, 170.4227512] 0.993190528803265
[0, 1.0, 1.0, 1.0, 1.0, 1.0, 1, 0.0, 0.0, 0, 1.0, 0, 171.6423678] 1.0
[1.0, 1.0, 0, 1, 1.0, 1, 1, 0.0, 1.0, 0.0, 0.0, 0.0, 170.2000723] 0.9919472482873465
