[0.0, 1.0, 0.0, 1.0, 1, 1.0, 1.0, 1, 1.0, 0.0, 0.0, 0.0, 170.6651847] 0.9945441049479105
[0.0, 1.0, 1.0, 1, 0.0, 1.0, 1, 0.0, 1.0, 0.0, 0.0, 0, 124.5356865] 0.7369898134494656
[0.0, 1.0, 1.0, 1, 0, 1.0, 1.0, 1.0, 0.0, 1.0, 0.0, 0.0, 124.5612121] 0.7371323302354617
[0, 1.0, 1.0, 1.0, 1.0, 1.0, 1, 1.0, 0.0, 0, 0.0, 1, 169.8334525] 0.9899003042163551
[0.0, 1.0, 0.0, 1.0, 1.0, 1, 1.0, 1.0, 1.0, 0.0, 1.0, 1, 170.4742329] 0.9934779659809068
[0.0, 1.0, 1.0, 1.0, 1.0, 1.0, 1.0, 1.0, 1.0, 0.0, 1, 1.0, 170.6282685] 0.9943379911572381
[1.0, 1.0, 0, 1.0, 1.0, 1, 1, 0.0, 1.0, 1.0, 0.0, 0.0, 170.051348] 0.9911168776306134
[1.0, 1, 0.0, 1.0, 0, 1.0, 1.0, 1, 0.0, 0, 0.0, 0.0, 124.0737309] 0.7344105821136749
[0.0, 1.0, 1, 1, 1, 1, 1, 0, 0.0, 1, 0, 1.0, 170.6936717] 0.9947031560841294
[0.0, 1, 1.0, 1, 1.0, 1.0, 1.0, 0.0, 0.0, 0, 0.0, 1, 171.5690527] 0.9995906606537368
[0.0, 1, 1.0, 1.0, 1, 1.0, 1.0, 1.0, 1.0, 1, 1.0, 1, 169.8049326] 0.9897410693899484
[1.0, 1.0, 1.0, 1.0, 1, 1.0, 1.0, 1.0, 1.0, 1.0, 0.0, 0.0, 169.639502] 0.9888174226424716
[0.0, 1, 0.0, 1, 1.0, 1.0, 1.0, 0.0, 0.0, 1.0, 0, 1.0, 170.313175] 0.9925787332785504
[1, 1.0, 0.0, 1.0, 1.0, 1.0, 1.0, 1.0, 1.0, 1.0, 0, 0.0, 169.8147054] 0.9897956337506758
[0, 1, 1.0, 1.0, 1.0, 1.0, 1.0, 1.0, 1.0, 0.0, 1, 1.0, 170.6282685] 0.9943379911572381
[0.0, 1.0, 0.0, 1.0, 1.0, 1, 1.0, 0.0, 1, 1.0, 0, 1.0, 171.1972303] 0.9975146689665945
[0.0, 1, 0.0, 1.0, 1.0, 1.0, 1.0, 0.0, 0.0, 1, 0.0, 1.0, 170.313175] 0.9925787332785504
[0.0, 1.0, 0.0, 1.0, 1.0, 1.0, 1.0, 0.0, 0.0, 0.0, 0, 1.0, 171.4235804] 0.9987784468508312
[1.0, 1.0, 1.0, 1.0, 1.0, 1.0, 1.0, 0.0, 1.0, 0.0, 0.0, 1, 169.9796426] 0.9907165257036634
[0, 1.0, 1, 1, 1.0, 1.0, 1.0, 1.0, 1.0, 0, 1.0, 1.0, 170.6282685] 0.9943379911572381
[0.0, 1.0, 0.0, 1.0, 1.0, 1, 1.0, 1.0, 0.0, 0.0, 1.0, 1.0, 169.2854667] 0.9868407414641592
[0.0, 1.0, 1.0, 1.0, 1, 1, 1.0, 1.0, 1.0, 1, 1, 0.0, 170.2764871] 0.9923738941526162
[0, 1.0, 0.0, 1.0, 1, 1.0, 1.0, 1.0, 0.0, 0, 1, 0.0, 170.735281] 0.9949354728055205
[1, 1.0, 1.0, 1.0, 1.0, 1.0, 1.0, 1, 0.0, 0, 1.0, 1.0, 170.0389183] 0.9910474790309765
[1.0, 1.0, 1.0, 1.0, 1.0, 1.0, 1.0, 0.0, 0.0, 1.0, 1.0, 0.0, 169.9866829] 0.9907558337288792
[0, 1.0, 1.0, 1.0, 1, 1, 1.0, 0.0, 0.0, 0, 0.0, 0.0, 171.3028867] 0.9981045791174981
[0.0, 1, 0.0, 1.0, 1.0, 1.0, 1, 0, 1.0, 1.0, 0.0, 1.0, 171.1972303] 0.9975146689665945
[1, 1, 0.0, 1.0, 1.0, 1.0, 1.0, 1.0, 0, 1.0, 0, 0.0, 170.4227512] 0.993190528803265
[0, 1.0, 1.0, 1.0, 1.0, 1.0, 1, 0.0, 0.0, 0, 1.0, 0, 171.6423678] 1.0
[1.0, 1.0, 0.0, 1.0, 1, 1, 1.0, 0.0, 1.0, 1.0, 0.0, 0.0, 170.051348] 0.9911168776306134
