[0.0, 1, 1.0, 1.0, 1.0, 1.0, 0.0, 0.0, 1, 0.0, 0.0, 0.0, 125.0410345] 0.8699056585340833
[1.0, 1.0, 0.0, 1.0, 1.0, 1, 1.0, 0.0, 1.0, 0.0, 0.0, 1.0, 170.3206944] 0.9963103581286157
[0.0, 1.0, 1.0, 1.0, 0.0, 1.0, 1.0, 0.0, 0.0, 1.0, 1.0, 1.0, 124.4672244] 0.868303784900867
[0.0, 1.0, 0.0, 1.0, 1.0, 1, 1.0, 0.0, 0.0, 1.0, 1.0, 0.0, 170.5559134] 0.9969670058839122
[0.0, 1.0, 0.0, 1, 0, 1.0, 1.0, 0.0, 0.0, 1.0, 1.0, 1.0, 124.1873269] 0.8675224106705195
[0, 1.0, 1.0, 1, 1.0, 0.0, 1.0, 1.0, 1.0, 0.0, 1.0, 1.0, 116.9171627] 0.8472266990036587
[0.0, 1.0, 1.0, 1.0, 1.0, 1.0, 1.0, 0.0, 1.0, 0.0, 0.0, 1.0, 169.3875732] 0.9937054157498129
[0.0, 1.0, 0.0, 1.0, 1.0, 1.0, 1.0, 0.0, 1.0, 1.0, 1.0, 1.0, 170.0842576] 0.9956503107090215
[1, 1.0, 1.0, 1.0, 1.0, 1.0, 1, 1.0, 1, 1.0, 0, 1.0, 168.5880525] 0.9914734384309392
[0.0, 1.0, 0.0, 1.0, 1.0, 1.0, 1.0, 1.0, 0.0, 0.0, 1.0, 1.0, 169.2854667] 0.9934203707320797
[0.0, 1.0, 0.0, 1.0, 1.0, 1.0, 1, 0.0, 1.0, 1.0, 1.0, 1.0, 170.0842576] 0.9956503107090215
[1, 1.0, 0.0, 1.0, 1.0, 1.0, 1.0, 1, 0, 0, 0.0, 1.0, 169.7842262] 0.9948127297936683
[0, 1.0, 1.0, 1.0, 1.0, 1.0, 1.0, 0.0, 0.0, 1.0, 0.0, 1.0, 170.6936717] 0.9973515780420648
[1.0, 1.0, 0.0, 1.0, 1.0, 1, 1.0, 1.0, 0, 0.0, 0.0, 1, 169.7842262] 0.9948127297936683
[1.0, 1.0, 0.0, 1, 1.0, 1, 1.0, 0.0, 1.0, 1.0, 1.0, 0.0, 169.8940532] 0.9951193277003891
[0.0, 1.0, 1.0, 1, 1.0, 1.0, 1.0, 1.0, 1, 0.0, 1.0, 1.0, 170.6282685] 0.997168995578619
[0.0, 1.0, 1.0, 1.0, 1.0, 1.0, 1, 1.0, 0.0, 1.0, 0.0, 1.0, 170.3886647] 0.9965001070218675
[0.0, 1.0, 0.0, 1.0, 1.0, 1.0, 1, 0, 1.0, 1.0, 1.0, 1.0, 170.0842576] 0.9956503107090215
[1.0, 1, 0.0, 1.0, 1.0, 1.0, 0.0, 1, 0, 1.0, 1.0, 1.0, 123.3091505] 0.8650708546235403
[0.0, 1.0, 1.0, 1.0, 1.0, 1.0, 1.0, 0.0, 0.0, 0.0, 1, 0.0, 171.6423678] 1.0
[1.0, 1.0, 0.0, 1.0, 1.0, 1.0, 1.0, 1, 0.0, 0.0, 1.0, 1.0, 168.3990679] 0.9909458606698927
[0.0, 1.0, 0.0, 1.0, 0.0, 1.0, 1, 1, 0.0, 1.0, 1.0, 0.0, 123.5682514] 0.8657941721462757
[1.0, 1.0, 0.0, 1.0, 0.0, 1.0, 1.0, 0.0, 0.0, 0.0, 1.0, 0.0, 123.8864739] 0.8666825361402978
[0.0, 1, 1.0, 1.0, 1, 0.0, 1.0, 1.0, 0.0, 0.0, 1, 1.0, 116.6385932] 0.8464490320767986
[1.0, 1, 1.0, 1.0, 1.0, 1.0, 1.0, 0, 0, 0.0, 1.0, 0.0, 169.6221395] 0.994360241398945
[0.0, 1.0, 0.0, 1.0, 1.0, 1.0, 1.0, 1.0, 1.0, 1.0, 1.0, 0.0, 169.8665786] 0.9950426283928601
[1.0, 1.0, 1.0, 1.0, 1.0, 1.0, 1.0, 1.0, 0.0, 1.0, 1.0, 0.0, 169.1205559] 0.9929599984549925
[0, 1, 1, 1.0, 0.0, 1, 1.0, 0.0, 1.0, 0.0, 1.0, 0, 124.1115963] 0.8673109977808411
[0.0, 1, 1.0, 1.0, 1.0, 1.0, 0.0, 0.0, 0.0, 0.0, 0.0, 0.0, 125.8634958] 0.8722016778457174
[1.0, 1.0, 0.0, 1.0, 1.0, 1.0, 1.0, 0.0, 1.0, 0.0, 1.0, 1.0, 170.3253386] 0.9963233230825741
