[1.0, 1, 1, 1, 1, 0, 0.0, 0, 1.0, 0.0, 0, 0, 128, 10.0, 422401.4] 0.9896056000000001
[1.0, 0.0, 1.0, 1.0, 1.0, 0, 0, 0.0, 1.0, 0, 0.0, 60, 1.0, 10.0, 420242.4] 0.9809696000000001
[1, 0.0, 1, 1.0, 1.0, 0, 0, 0, 1.0, 0, 1.0, 0, 1, 10.0, 424574.6] 0.9982983999999999
[1, 1.0, 0.0, 0, 1.0, 0.0, 0.0, 0.0, 0, 1.0, 0.0, 20.0, 4.0, 10.0, 302388.6] 0.5095543999999999
[1, 0.0, 1, 1, 1.0, 0, 0.0, 0, 1, 0, 1, 0, 1, 10.0, 424574.6] 0.9982983999999999
[1.0, 0.0, 0.0, 1.0, 1.0, 0, 0, 0, 0, 1, 1.0, 50, 1024, 8.0, 122442.2] 0.2019592110784725
[1.0, 0, 0.0, 1, 1.0, 0.0, 0, 0.0, 1.0, 0, 0.0, 0, 8, 10.0, 422061.6] 0.9882464
[1.0, 0.0, 1, 0.0, 1.0, 0, 0.0, 0.0, 0.0, 1.0, 0.0, 30, 4096.0, 10.0, 303097.4] 0.5123896000000001
[1.0, 1.0, 0, 1.0, 1.0, 1.0, 0.0, 0.0, 0.0, 0.0, 0.0, 10, 1, 8.0, 125755.2] 0.20752026856903064
[1, 1, 1, 1, 1, 0.0, 0, 0.0, 1, 0, 0, 0, 128, 10.0, 422401.4] 0.9896056000000001
[1, 0.0, 1, 1, 1, 0, 0.0, 0.0, 1.0, 0.0, 1, 0, 1, 10.0, 424574.6] 0.9982983999999999
[1.0, 1, 0.0, 1.0, 1.0, 0.0, 0.0, 0.0, 1, 0.0, 1.0, 90, 2, 10.0, 421820.2] 0.9872808000000001
[1, 1, 0.0, 1.0, 1.0, 0, 0.0, 0.0, 1, 0.0, 1, 0.0, 256, 10, 422061.4] 0.9882456000000002
[1, 1, 1, 1.0, 1.0, 0.0, 0.0, 0.0, 1.0, 0.0, 0.0, 10, 1.0, 10.0, 420823.8] 0.9832951999999999
[1, 0, 0, 1, 1.0, 0.0, 0.0, 0.0, 1, 0, 1.0, 20, 2.0, 10.0, 417287.0] 0.969148
[1.0, 0.0, 0.0, 1, 1, 0, 0.0, 0, 0.0, 1, 0.0, 90, 64, 10.0, 301919.0] 0.507676
[1, 0, 1, 1, 1, 0, 1, 0, 0.0, 0.0, 0, 0, 4, 8.0, 132074.2] 0.21812706672261858
[1, 0, 0.0, 1.0, 1, 0, 0, 0.0, 0.0, 1, 1, 40, 256, 10, 302876.6] 0.5115063999999999
[1.0, 1.0, 0, 0, 1, 0, 0.0, 0.0, 0.0, 1.0, 0, 40, 2048.0, 10.0, 303271.8] 0.5130872
[1, 0, 0, 1, 1, 0, 0, 0.0, 1.0, 0, 0, 80.0, 1, 10.0, 420688.8] 0.9827551999999999
[1, 1, 1.0, 1.0, 1, 0.0, 0.0, 0.0, 1, 0.0, 0, 0.0, 128.0, 10.0, 422401.4] 0.9896056000000001
[1.0, 1.0, 0, 1, 1.0, 1.0, 0.0, 0.0, 0.0, 0, 0.0, 0, 1.0, 8.0, 131978.6] 0.21796659672681495
[1.0, 1, 0.0, 1, 1, 0.0, 0, 0.0, 1, 0, 1, 20.0, 2048, 10.0, 415233.6] 0.9609344
[1, 0, 0, 1.0, 1.0, 0.0, 0.0, 0.0, 1, 0, 1, 0, 64, 10.0, 421875.8] 0.9875031999999999
[1, 1, 1.0, 1, 1, 0, 0.0, 0, 1, 0.0, 0, 20, 2, 10.0, 419684.4] 0.9787376000000001
[1, 1.0, 0, 1, 1, 0, 0, 0.0, 1, 0, 0, 60, 512.0, 10, 415449.8] 0.9617992
[1, 1, 0, 1.0, 1, 0.0, 0.0, 0, 1, 0, 1, 40.0, 1, 10, 421557.6] 0.9862304
[1.0, 1.0, 1.0, 0.0, 1.0, 0.0, 0.0, 0.0, 0, 1.0, 0, 30.0, 64, 10, 303385.0] 0.51354
[1.0, 1, 1.0, 1.0, 1, 0.0, 0, 0.0, 1.0, 0.0, 0.0, 20.0, 32, 10, 416268.4] 0.9650736000000001
[1, 1, 1.0, 1.0, 1, 0, 0.0, 0.0, 1, 0.0, 0.0, 0, 128, 10.0, 422401.4] 0.9896056000000001
