[1.0, 1.0, 1.0, 1.0, 1.0, 1.0, 1.0, 0.0, 1.0, 0.0, 0.0, 1.0, 1.0, 0.0, 1.0, 1.0, 0.0, 0.0, 1.0, 0.0, 0.0, 1.0, 0.0, 0.0, 0.0, 1.0, 0.0, 0.0, 0.0, 0.0, 0.0, 2364.682] 0
[1.0, 1.0, 1.0, 0.0, 0.0, 0.0, 0.0, 1.0, 1.0, 0.0, 0.0, 1.0, 1.0, 0.0, 1.0, 0.0, 0.0, 0.0, 0.0, 0.0, 0.0, 0.0, 1.0, 1.0, 0.0, 0.0, 0.0, 1.0, 0.0, 0.0, 0.0, 4009.482] 0
[1.0, 0.0, 1.0, 1.0, 1.0, 0.0, 0.0, 1.0, 1.0, 0.0, 0.0, 1.0, 1.0, 0.0, 0.0, 0.0, 0.0, 1.0, 1.0, 0.0, 0.0, 1.0, 0.0, 1.0, 0.0, 0.0, 0.0, 0.0, 0.0, 0.0, 0.0, 4150.95] 0.01953776969750776
[1, 0.0, 0.0, 0.0, 0.0, 0, 1.0, 0.0, 0.0, 0.0, 0.0, 0, 1.0, 0.0, 0.0, 1, 0.0, 1.0, 0.0, 1.0, 0.0, 0.0, 1.0, 0, 0.0, 0.0, 0.0, 0.0, 0, 0.0, 0, 335.336] 0
[1, 0.0, 1, 1.0, 0.0, 0.0, 0, 0, 0, 0.0, 0, 1.0, 1.0, 0.0, 0.0, 0.0, 0.0, 0.0, 0.0, 0, 1.0, 0.0, 0.0, 1.0, 0.0, 0.0, 0.0, 0.0, 0.0, 0.0, 0.0, 3598.716] 0
[1.0, 0.0, 0.0, 1.0, 1.0, 1.0, 0.0, 0.0, 1.0, 0.0, 0.0, 1.0, 1.0, 0.0, 1.0, 0.0, 0.0, 0.0, 1.0, 0.0, 0.0, 1.0, 0.0, 0.0, 0.0, 0.0, 1.0, 0.0, 0.0, 0.0, 0.0, 307.974] 0
[1.0, 0.0, 1.0, 0.0, 0, 0.0, 0.0, 1, 1.0, 0.0, 0.0, 1.0, 1, 1, 0.0, 0.0, 0.0, 0.0, 0.0, 0.0, 0.0, 0.0, 1, 1.0, 0.0, 1.0, 0.0, 1.0, 0.0, 0.0, 0, 4043.884] 0
[1, 1, 1, 0.0, 0, 0, 0, 1.0, 1.0, 0, 0.0, 1.0, 1.0, 1.0, 0.0, 0.0, 0.0, 0, 0.0, 0, 1.0, 0.0, 0.0, 1.0, 0, 0, 0.0, 1, 0.0, 0.0, 0.0, 4728.254] 0.7352751697962444
[1.0, 1.0, 1.0, 1.0, 0.0, 1, 0, 0.0, 1.0, 0.0, 1, 1.0, 1.0, 0, 1, 1.0, 0.0, 0.0, 1.0, 0.0, 0.0, 1.0, 0.0, 1.0, 0.0, 0, 0.0, 1.0, 0.0, 0.0, 0, 4940.288] 1.0
[1.0, 0, 0.0, 0.0, 0.0, 0.0, 1.0, 0.0, 1, 0.0, 1.0, 1, 1, 0.0, 0.0, 0, 0.0, 0.0, 0.0, 0, 1.0, 0.0, 0.0, 0.0, 0.0, 0.0, 0.0, 0.0, 0.0, 0.0, 0.0, 1106.376] 0
[1, 0, 1.0, 0.0, 1.0, 0, 0, 1, 1, 0, 0.0, 1, 1, 1, 0.0, 0.0, 0.0, 0, 0.0, 0, 0.0, 0.0, 1.0, 1.0, 0, 1, 0.0, 0.0, 0.0, 0.0, 0, 3266.118] 0
[1.0, 1.0, 1.0, 1.0, 0.0, 1.0, 1.0, 1.0, 0.0, 0.0, 1.0, 1.0, 1.0, 1.0, 1.0, 1.0, 0.0, 0.0, 0.0, 0.0, 0.0, 0.0, 1.0, 0.0, 0.0, 1.0, 0.0, 0.0, 0.0, 0.0, 0.0, 1847.124] 0
[1.0, 0.0, 0.0, 0.0, 1.0, 0.0, 0, 1, 1, 0.0, 0, 1.0, 1, 0, 0, 0.0, 0.0, 1.0, 1, 0, 0, 0, 1.0, 0.0, 0.0, 0.0, 0, 0, 0.0, 1, 0.0, 530.646] 0
[1.0, 0.0, 1.0, 1.0, 0.0, 1.0, 0.0, 0.0, 1.0, 0.0, 1.0, 1.0, 1.0, 0.0, 1.0, 1.0, 0.0, 0.0, 1.0, 0.0, 0.0, 1.0, 0.0, 1.0, 0.0, 1.0, 0.0, 1.0, 0.0, 0.0, 0.0, 4904.618] 0.9554659408709558
[1, 1, 1, 0, 1, 0, 0.0, 1.0, 0.0, 0.0, 0.0, 1, 1.0, 0, 1.0, 0.0, 0.0, 0.0, 0, 0.0, 0.0, 0.0, 1.0, 1.0, 0.0, 0, 0.0, 1.0, 0.0, 0.0, 0.0, 4080.452] 0
[1, 1.0, 1, 1, 0.0, 0.0, 0.0, 1.0, 0.0, 0.0, 0, 1.0, 1.0, 1, 0, 0.0, 0.0, 1.0, 1.0, 0.0, 0.0, 1.0, 0.0, 1.0, 0.0, 0.0, 0.0, 0.0, 0.0, 0.0, 0.0, 4318.426] 0.2230325000000005
[1.0, 1.0, 1.0, 0.0, 0.0, 0.0, 0.0, 1.0, 0.0, 0.0, 0.0, 1.0, 1.0, 1.0, 1.0, 0.0, 0.0, 0.0, 0.0, 0.0, 0.0, 0.0, 1.0, 1.0, 0.0, 0.0, 0.0, 1.0, 0.0, 0.0, 0.0, 4044.804] 0
[1.0, 0, 1, 0.0, 0, 0.0, 1, 0.0, 0.0, 0.0, 0.0, 1.0, 1, 0.0, 0, 0, 0, 0.0, 0.0, 0, 0.0, 0.0, 1.0, 0.0, 0, 0.0, 0.0, 0.0, 0, 0, 0, 1804.0] 0
[1.0, 0.0, 0, 0.0, 0.0, 0.0, 0.0, 0, 0.0, 0, 0, 1.0, 1.0, 0.0, 0.0, 0.0, 0.0, 0.0, 1, 0.0, 0.0, 1.0, 0.0, 0.0, 0.0, 0, 0.0, 0.0, 0.0, 1.0, 0.0, 738.542] 0
[1.0, 1.0, 1.0, 1.0, 1.0, 1.0, 0.0, 1.0, 0.0, 0.0, 0.0, 1.0, 1.0, 1.0, 0.0, 1.0, 1.0, 1.0, 0.0, 0.0, 1.0, 0.0, 0.0, 0.0, 0.0, 1.0, 0.0, 0.0, 0.0, 0.0, 0.0, 997.298] 0
[1.0, 1.0, 1.0, 0.0, 1.0, 0.0, 0.0, 1.0, 0.0, 0.0, 1.0, 1.0, 1.0, 0.0, 0.0, 0.0, 0.0, 0.0, 0.0, 0.0, 0.0, 0.0, 1.0, 1.0, 0.0, 0.0, 0.0, 1.0, 0.0, 0.0, 0.0, 4054.508] 0
[1.0, 1.0, 1.0, 0.0, 0.0, 0.0, 0.0, 1.0, 0.0, 1.0, 0.0, 0.0, 1.0, 0.0, 0.0, 0.0, 0.0, 0.0, 1.0, 0.0, 0.0, 1.0, 0.0, 1.0, 0.0, 0.0, 0.0, 1.0, 0.0, 0.0, 0.0, 350.022] 0
[1.0, 0, 0.0, 0.0, 0.0, 0.0, 0.0, 0.0, 0.0, 0.0, 0.0, 1.0, 1.0, 0.0, 1.0, 0.0, 0.0, 0.0, 0.0, 0.0, 1, 0.0, 0.0, 1.0, 0, 0.0, 0.0, 0, 0.0, 0.0, 0.0, 2728.81] 0
[1, 1.0, 0.0, 0.0, 0, 1.0, 0.0, 0, 1, 0.0, 0.0, 1.0, 1.0, 1.0, 1.0, 1, 0, 1.0, 0.0, 0.0, 0.0, 1, 0, 0.0, 0.0, 0.0, 0.0, 1, 0.0, 1.0, 0.0, 1073.688] 0
[1.0, 0.0, 0.0, 0, 0, 1.0, 0, 1.0, 1.0, 1.0, 1.0, 0.0, 1, 1, 0.0, 0.0, 0.0, 1, 1, 0.0, 0.0, 1.0, 0.0, 1.0, 0.0, 0.0, 0.0, 1, 0.0, 0.0, 0, 387.428] 0
[1, 0.0, 1, 0.0, 0, 0.0, 0, 0, 0.0, 0.0, 0, 1.0, 1.0, 0, 0.0, 0.0, 0.0, 0, 0, 0.0, 0, 1.0, 0.0, 0.0, 0.0, 0, 0.0, 0.0, 0.0, 1.0, 0.0, 1436.668] 0
[1.0, 1, 1.0, 0.0, 1, 0.0, 0.0, 1.0, 0.0, 0.0, 0.0, 1.0, 1.0, 0, 1.0, 0.0, 0.0, 0.0, 0.0, 0.0, 0, 0.0, 1.0, 1.0, 0.0, 0, 0.0, 1.0, 0.0, 0.0, 0.0, 4080.452] 0
[1, 0.0, 1.0, 0.0, 1.0, 0.0, 0.0, 0.0, 0.0, 0.0, 0.0, 1.0, 1.0, 0.0, 0, 0, 0, 0.0, 0.0, 0.0, 0.0, 0.0, 1.0, 1.0, 0.0, 0, 0.0, 1, 0.0, 0.0, 0.0, 4018.112] 0
[1.0, 0.0, 1.0, 1.0, 0.0, 0.0, 0.0, 1.0, 1.0, 0.0, 0.0, 1.0, 1.0, 1.0, 0.0, 0.0, 0.0, 1.0, 1.0, 0.0, 0.0, 1.0, 0.0, 1.0, 0.0, 0.0, 0.0, 0.0, 0.0, 0.0, 0.0, 4275.798] 0.1706974377874475
[1.0, 1.0, 0.0, 0.0, 1.0, 0.0, 0.0, 1.0, 1.0, 0.0, 0.0, 1.0, 1.0, 0.0, 0.0, 0.0, 0.0, 0.0, 0.0, 0.0, 0.0, 0.0, 1.0, 1.0, 0.0, 1.0, 0.0, 1.0, 0.0, 0.0, 0.0, 2884.448] 0
