[1, 1.0, 1.0, 0.0, 1.0, 0.0, 0.0, 0.0, 0.0, 1.0, 1.0, 100.0, 256, 10.0, 303902.8] 0.13658742857142853
[1.0, 0.0, 0.0, 1, 1, 0, 0.0, 0.0, 1, 0, 0.0, 50, 1, 10.0, 419790.0] 0.89895
[1, 0, 0, 1.0, 1, 0, 0, 0, 1, 0, 1.0, 60, 1, 10, 420217.6] 0.9010879999999999
[1.0, 1.0, 0.0, 1, 1, 0.0, 0, 0.0, 1.0, 0, 1, 0.0, 256, 10, 422061.4] 0.9103070000000001
[1.0, 0.0, 1.0, 0.0, 1.0, 0.0, 1.0, 0.0, 0.0, 0.0, 0.0, 80.0, 512.0, 10.0, 101497.4] 0
[1.0, 0, 1, 1, 1, 0.0, 0.0, 0.0, 1, 0, 1, 0, 1024, 10.0, 422519.2] 0.9125960000000001
[1, 0, 0, 1, 1, 0.0, 0, 0, 1, 0.0, 1.0, 0, 16, 10.0, 421936.6] 0.9096829999999999
[1, 1, 1, 1, 1.0, 0.0, 0, 0, 0.0, 1.0, 1, 40, 4096.0, 10, 303945.8] 0.1368331428571428
[1, 0, 1, 1.0, 1, 0.0, 0, 0, 1.0, 0.0, 0.0, 0, 4096, 10.0, 421396.8] 0.906984
[1.0, 0.0, 1, 1.0, 1.0, 0.0, 0.0, 0, 1, 0.0, 1.0, 0, 1, 10, 424574.6] 0.9228729999999998
[1, 0, 1, 1, 1.0, 0.0, 0, 0, 1, 0, 1, 0, 1, 10.0, 424574.6] 0.9228729999999998
[1, 0, 1.0, 0, 1, 0.0, 0.0, 0.0, 0, 1.0, 0, 20, 32, 10, 302208.0] 0.12690285714285715
[1.0, 0, 0.0, 1.0, 1.0, 0.0, 0.0, 0.0, 1, 0.0, 0.0, 0.0, 8.0, 10.0, 422061.6] 0.9103079999999999
[1.0, 1, 1, 1.0, 1, 0, 0, 0, 1, 0, 0.0, 0, 128.0, 10.0, 422401.4] 0.9120070000000001
[1.0, 1.0, 1.0, 1.0, 1.0, 1.0, 0.0, 0.0, 0.0, 0.0, 1.0, 30.0, 1.0, 6.0, 116204.8] 0
[1.0, 0, 1, 0.0, 1.0, 0.0, 0.0, 0, 0, 1.0, 1.0, 100, 4096, 10, 303869.6] 0.13639771428571415
[1.0, 0, 1, 0.0, 1, 0.0, 0.0, 0.0, 0, 1, 1, 40, 1024, 10, 303744.6] 0.13568342857142843
[1, 0, 0, 1, 1, 0, 0, 0, 1.0, 0, 0, 0, 1024, 10.0, 421959.2] 0.909796
[1, 0, 1.0, 0, 1, 0, 0, 0.0, 0.0, 1, 0.0, 60, 256, 10, 304798.6] 0.1417062857142856
[1, 1, 1, 1, 1, 0, 0.0, 0.0, 0.0, 1, 0, 60, 4096, 10.0, 304027.8] 0.13730171428571422
[1, 0.0, 1.0, 1.0, 1, 0.0, 0, 0, 1, 0.0, 1, 0, 1.0, 10.0, 424574.6] 0.9228729999999998
[1, 0, 0, 1, 1.0, 0, 0.0, 0.0, 1, 0.0, 0, 0, 1024, 10, 421959.2] 0.909796
[1, 0, 1.0, 0.0, 1, 0, 0, 0.0, 0.0, 1, 1, 40, 1024, 10.0, 303744.6] 0.13568342857142843
[1, 0, 1, 1.0, 1, 0, 0.0, 0, 1, 0.0, 1.0, 0, 1, 10.0, 424574.6] 0.9228729999999998
[1, 1.0, 0, 1, 1.0, 0.0, 0.0, 0.0, 1.0, 0.0, 1.0, 90, 2, 10.0, 421820.2] 0.909101
[1, 0.0, 1.0, 1.0, 1.0, 0.0, 0.0, 0.0, 1, 0.0, 1.0, 40, 2.0, 10, 418187.0] 0.890935
[1.0, 0, 0, 1, 1, 0.0, 0, 0.0, 1, 0, 0, 0, 8, 10.0, 422061.6] 0.9103079999999999
[1.0, 1.0, 1.0, 1.0, 1, 1.0, 0.0, 0.0, 0.0, 0.0, 1.0, 0, 8, 8, 132275.8] 0
[1.0, 1.0, 1.0, 1.0, 1.0, 0.0, 0.0, 0.0, 1, 0, 0, 0, 128, 10.0, 422401.4] 0.9120070000000001
[1.0, 0.0, 1.0, 1, 1, 0.0, 0.0, 0.0, 1, 0, 1, 50, 1, 10.0, 420763.0] 0.903815
