[1.0, 1, 1.0, 1, 1, 0, 0.0, 0, 1, 0.0, 0, 0.0, 128, 10.0, 422401.4] 0.7800175000000003
[1, 0.0, 1, 1, 1, 0.0, 0.0, 0.0, 1.0, 0.0, 0.0, 0, 2048, 10.0, 422252.6] 0.7781574999999997
[1, 0.0, 1.0, 1.0, 1.0, 0.0, 0, 0.0, 1, 0.0, 1.0, 0, 1.0, 10.0, 424574.6] 0.8071824999999997
[1, 0, 0, 1.0, 1, 0, 0, 0.0, 1, 0, 0, 0, 8, 10.0, 422061.6] 0.7757699999999996
[1.0, 0, 1.0, 0, 1.0, 0.0, 0.0, 0, 0.0, 1, 0.0, 50, 2.0, 10, 299379.6] 0.5
[1.0, 1, 0.0, 1, 1, 0, 0, 0, 1.0, 0.0, 1, 0.0, 256, 10.0, 422061.4] 0.7757675000000003
[1.0, 0.0, 1.0, 1, 1, 0.0, 0.0, 0.0, 1.0, 0.0, 0, 0, 2048, 10, 422252.6] 0.7781574999999997
[1.0, 1.0, 0.0, 0.0, 1.0, 0.0, 0.0, 0.0, 0.0, 1.0, 0.0, 10.0, 64.0, 10.0, 300274.8] 0.5
[1.0, 1.0, 1.0, 1.0, 1.0, 0.0, 0, 0.0, 1.0, 0.0, 0, 10, 1, 10.0, 420823.8] 0.7602974999999998
[1, 0, 0, 1, 1, 0.0, 0, 0.0, 0, 1, 1, 0, 1.0, 10, 301039.2] 0.5
[1, 1, 1.0, 1.0, 1, 0.0, 0.0, 0.0, 1, 0.0, 1.0, 100.0, 1, 10, 421113.8] 0.7639224999999998
[1.0, 0, 0, 1, 1, 0, 0.0, 0.0, 1, 0.0, 0, 0, 8, 10.0, 422061.6] 0.7757699999999996
[1, 0, 0, 1.0, 1, 0, 0.0, 0.0, 1, 0, 0.0, 0, 8, 10.0, 422061.6] 0.7757699999999996
[1.0, 0, 0, 1.0, 1.0, 0.0, 0.0, 0.0, 1.0, 0.0, 0, 0.0, 8, 10.0, 422061.6] 0.7757699999999996
[1.0, 0, 0, 1.0, 1, 0.0, 0, 0.0, 1, 0.0, 0, 0, 8, 10, 422061.6] 0.7757699999999996
[1.0, 1.0, 1, 1.0, 1, 0, 0.0, 0, 1, 0, 0.0, 0.0, 128, 10.0, 422401.4] 0.7800175000000003
[1, 0.0, 0, 1.0, 1, 0, 0, 0, 1, 0.0, 0, 0, 8, 10.0, 422061.6] 0.7757699999999996
[1.0, 0.0, 0.0, 1, 1.0, 0.0, 0, 0.0, 1, 0, 0, 0, 8, 10.0, 422061.6] 0.7757699999999996
[1, 0, 1.0, 1.0, 1, 0.0, 0, 0, 1, 0, 1, 0, 1, 10.0, 424574.6] 0.8071824999999997
[1.0, 0, 1.0, 1, 1, 0, 0, 0.0, 1, 0, 1, 0.0, 1, 10.0, 424574.6] 0.8071824999999997
[1.0, 1.0, 0.0, 0.0, 1, 0.0, 0.0, 0.0, 0.0, 1, 1, 80.0, 4.0, 10.0, 300190.0] 0.5
[1.0, 1.0, 0, 1.0, 1, 0.0, 0, 0.0, 1, 0.0, 0, 0, 2048, 10, 421753.6] 0.7719199999999997
[1.0, 0, 1, 1, 1.0, 0, 0.0, 0, 1.0, 0.0, 0, 0, 2048.0, 10, 422252.6] 0.7781574999999997
[1, 1.0, 1, 1.0, 1, 0.0, 0, 0.0, 1.0, 0.0, 1, 100.0, 1, 10.0, 421113.8] 0.7639224999999998
[1.0, 1, 0, 1.0, 1.0, 0, 0, 0.0, 1.0, 0, 1, 90, 2, 10, 421820.2] 0.7727525000000002
[1.0, 1.0, 0.0, 1, 1, 0.0, 1, 0.0, 0, 0.0, 1, 0.0, 4096, 8, 132000.8] 0.3140578512396693
[1, 1, 0, 1, 1, 0.0, 0, 0, 1, 0.0, 1, 0, 256, 10.0, 422061.4] 0.7757675000000003
[1, 1, 0, 1.0, 1, 0, 0, 0.0, 1, 0.0, 1, 40, 1, 10, 421557.6] 0.7694699999999997
[1.0, 0, 1.0, 1, 1, 0.0, 0, 0.0, 1, 0, 0.0, 0, 2048, 10, 422252.6] 0.7781574999999997
[1.0, 0, 1, 1.0, 1.0, 0.0, 0.0, 0.0, 1, 0.0, 1.0, 0, 1, 10.0, 424574.6] 0.8071824999999997
