[1, 0, 0, 0.0, 0, 0, 2, 0, 1.0, 8.0, 8, 0.0, 17050.2] 0.3769538461538463
[1.0, 0.0, 0.0, 0.0, 0.0, 1, 4.0, 0.0, 2.0, 10, 8.0, 8, 15790.4] 0.19339759036144577
[1.0, 0, 0.0, 0.0, 0.0, 0.0, 4, 0.0, 2, 8, 8.0, 64, 19505.4] 0.894014285714286
[1, 0.0, 1.0, 0.0, 0, 0, 2, 0.0, 1.0, 8, 8.0, 0.0, 16782.8] 0.3358153846153845
[1, 0, 1.0, 0, 0, 0, 2.0, 0.0, 1.0, 8.0, 8.0, 128.0, 16579.2] 0.30449230769230784
[1, 0.0, 0, 0.0, 0.0, 0.0, 3, 0, 1.0, 8.0, 8, 0.0, 19673.8] 0.9300999999999998
[1.0, 0.0, 0.0, 0, 0, 0, 2, 0.0, 1.0, 8, 10.0, 10, 15491.6] 0.1753975903614458
[1, 0.0, 0.0, 0.0, 0.0, 0.0, 3.0, 0.0, 1, 8.0, 8.0, 64.0, 19555.0] 0.9046428571428572
[1, 0.0, 1.0, 1, 1, 0, 3, 0.0, 2.0, 8, 8, 8, 15505.0] 0.17620481927710843
[1.0, 0.0, 0, 0.0, 0.0, 0, 3, 0, 1, 8.0, 10.0, 32.0, 18370.0] 0.6507142857142858
[1, 0, 0, 0, 0.0, 0, 3, 0.0, 2, 8, 8.0, 64, 19541.8] 0.9018142857142856
[1.0, 0.0, 1.0, 1, 1.0, 1.0, 2, 0.0, 1, 10, 8.0, 64.0, 14566.4] 0.11966265060240962
[1, 0.0, 0.0, 0.0, 0.0, 0.0, 3.0, 0.0, 1.0, 10.0, 10.0, 64.0, 15373.8] 0.16830120481927707
[1.0, 0.0, 0.0, 0.0, 0.0, 0, 3.0, 0.0, 1, 10, 8, 64.0, 15974.4] 0.2114461538461538
[1, 0.0, 0, 0.0, 0.0, 0, 4.0, 0, 1, 8, 8.0, 8.0, 18350.6] 0.6465571428571426
[1.0, 0.0, 0.0, 0.0, 0, 0.0, 3.0, 0.0, 1.0, 8, 8, 8.0, 18527.6] 0.6844857142857139
[1.0, 0.0, 0.0, 0.0, 0.0, 1, 4, 0, 2.0, 8, 16.0, 64.0, 13275.2] 0.04187951807228921
[1.0, 0.0, 0.0, 0.0, 0, 1.0, 3.0, 0.0, 2.0, 8.0, 8.0, 128.0, 18600.0] 0.7
[1.0, 0, 1.0, 0.0, 0.0, 0.0, 2, 0.0, 2.0, 8, 10, 128, 15493.2] 0.1754939759036145
[1.0, 0.0, 0.0, 0.0, 0, 0.0, 4, 0, 2.0, 10.0, 8, 64, 17750.6] 0.517985714285714
[1, 0.0, 0, 0.0, 0.0, 0, 4.0, 0.0, 2.0, 8, 8, 0.0, 19707.8] 0.9373857142857142
[1.0, 0, 0.0, 0.0, 0.0, 0.0, 3.0, 0, 1, 8.0, 8, 128, 19583.4] 0.9107285714285718
[1.0, 0.0, 0, 0.0, 0.0, 1.0, 4, 0, 2.0, 10.0, 8.0, 16.0, 15477.4] 0.1745421686746988
[1.0, 0.0, 0, 0.0, 0.0, 0, 4, 0.0, 1.0, 8.0, 10, 16.0, 17982.6] 0.5676999999999996
[1, 0, 0, 0.0, 0.0, 0.0, 4, 0.0, 1.0, 8.0, 10, 0, 18857.4] 0.7551571428571431
[1, 0.0, 1.0, 1.0, 1, 1.0, 2, 0, 1, 10.0, 8.0, 0, 14975.2] 0.14428915662650607
[1.0, 0.0, 0, 0.0, 0, 0, 4.0, 0.0, 2.0, 8, 8.0, 128.0, 19600.2] 0.9143285714285716
[1, 1, 0.0, 0.0, 0.0, 1, 3, 0, 3.0, 10, 8, 0, 13631.6] 0.06334939759036147
[1.0, 0.0, 0.0, 0.0, 0.0, 0, 4.0, 0.0, 2.0, 10, 10.0, 0, 17325.0] 0.4267857142857143
[1.0, 1.0, 1.0, 0.0, 0.0, 1.0, 2.0, 0.0, 3.0, 32.0, 64.0, 10.0, 5750.2] 0
