[1.0, 0.0, 0.0, 0.0, 0.0, 0, 4.0, 0.0, 1.0, 10.0, 8.0, 64, 17355.2] 0.433257142857143
[1, 0, 1.0, 1.0, 1.0, 0, 3, 0.0, 1, 10.0, 8.0, 0, 14733.6] 0.12973493975903616
[1.0, 0, 1.0, 1, 1.0, 1.0, 4, 0.0, 2.0, 8.0, 8.0, 0, 16300.6] 0.26163076923076933
[1, 0, 0, 0.0, 0.0, 0.0, 3, 0.0, 1.0, 8.0, 10.0, 64, 18790.8] 0.7408857142857141
[1, 0.0, 0.0, 0.0, 0.0, 0.0, 3, 0.0, 1, 8.0, 8.0, 0, 19673.8] 0.9300999999999998
[1.0, 0.0, 0.0, 0.0, 0, 0, 3.0, 0.0, 2, 8.0, 10, 32.0, 18314.8] 0.6388857142857142
[1.0, 0, 0, 0, 0.0, 0, 3, 0.0, 4.0, 8, 8, 0, 16479.6] 0.28916923076923057
[1.0, 0.0, 0.0, 0.0, 0, 0.0, 4, 0.0, 2.0, 8, 8, 0, 19707.8] 0.9373857142857142
[1.0, 0.0, 0.0, 0.0, 0.0, 0.0, 4, 0, 2, 8.0, 8, 0, 19707.8] 0.9373857142857142
[1, 0.0, 0.0, 0.0, 0.0, 0, 3, 0.0, 1.0, 8.0, 8.0, 0, 19673.8] 0.9300999999999998
[1, 0, 1.0, 1.0, 1.0, 1.0, 3.0, 0, 2, 10.0, 8, 0, 14485.2] 0.11477108433734945
[1.0, 0.0, 0, 0.0, 0.0, 0, 4, 0, 2, 8.0, 10.0, 0, 18759.8] 0.734242857142857
[1, 0.0, 0, 0, 0, 0, 3.0, 0.0, 2.0, 8.0, 10.0, 0.0, 18819.2] 0.7469714285714287
[1.0, 0, 0.0, 0, 0, 0.0, 4, 0, 1.0, 8, 8.0, 64.0, 19121.2] 0.8116857142857145
[1.0, 0.0, 0, 0.0, 0.0, 0.0, 4.0, 0.0, 2.0, 8.0, 8.0, 0, 19707.8] 0.9373857142857142
[1, 0.0, 0, 0, 0, 0, 3.0, 0, 2, 8.0, 8.0, 0, 19692.2] 0.9340428571428573
[1.0, 0, 0.0, 0.0, 0.0, 0.0, 4, 0.0, 2, 8, 8.0, 0.0, 19707.8] 0.9373857142857142
[1, 0.0, 0.0, 0.0, 0.0, 0, 3, 0.0, 1, 8.0, 8.0, 64.0, 19555.0] 0.9046428571428572
[1.0, 0.0, 0.0, 0, 0.0, 0, 3.0, 0.0, 1.0, 8.0, 8, 128, 19583.4] 0.9107285714285718
[1, 0, 1, 0, 0, 0.0, 1.0, 0, 2, 8.0, 8.0, 128, 16631.4] 0.3125230769230772
[1.0, 0.0, 0.0, 0.0, 0.0, 0, 3, 0.0, 2, 8.0, 8, 64.0, 19541.8] 0.9018142857142856
[1, 0.0, 0, 0.0, 0.0, 0.0, 4.0, 0.0, 2.0, 8, 8.0, 64, 19505.4] 0.894014285714286
[1, 0, 0, 0, 0, 0.0, 2.0, 0.0, 1.0, 8.0, 8, 0, 17050.2] 0.3769538461538463
[1.0, 0, 1.0, 1, 1.0, 0, 1, 0, 2, 8.0, 8, 0, 16509.6] 0.2937846153846152
[1.0, 0, 0.0, 0.0, 0.0, 0.0, 4.0, 0.0, 2.0, 10.0, 8.0, 64.0, 17750.6] 0.517985714285714
[1, 0, 0.0, 0.0, 0.0, 0.0, 4, 0.0, 1, 8, 8.0, 128, 19149.2] 0.8176857142857145
[1.0, 0.0, 0.0, 0.0, 0.0, 0, 4, 0, 1.0, 8.0, 8, 8, 18350.6] 0.6465571428571426
[1, 0.0, 0, 0.0, 0, 0.0, 4, 0.0, 2.0, 8.0, 10, 64.0, 18618.2] 0.7039000000000002
[1, 0.0, 0, 0.0, 0.0, 0, 3.0, 0.0, 1, 8.0, 8, 128, 19583.4] 0.9107285714285718
[1.0, 0.0, 0.0, 0, 0.0, 0, 4.0, 0.0, 2.0, 8, 8.0, 0.0, 19707.8] 0.9373857142857142
