[1, 0.0, 0.0, 0.0, 0.0, 0, 4, 0.0, 2, 8, 8.0, 64, 19505.4] 0.894014285714286
[1, 0.0, 1, 1.0, 1.0, 0.0, 1, 0.0, 1, 8, 8.0, 0, 16523.4] 0.29590769230769254
[1.0, 0, 1.0, 1, 1.0, 0, 1, 0.0, 1, 8.0, 8, 0, 16523.4] 0.29590769230769254
[1, 0, 0, 0, 0, 0.0, 3, 0.0, 1.0, 8, 10.0, 0, 18899.0] 0.7640714285714285
[1.0, 0.0, 0.0, 0.0, 0, 0.0, 3, 0.0, 2, 8.0, 8.0, 0, 19692.2] 0.9340428571428573
[1, 0.0, 0, 0.0, 0, 0, 3.0, 0.0, 2, 8.0, 10, 128, 18761.2] 0.7345428571428574
[1, 0, 0, 0, 0.0, 0, 3, 0.0, 1, 8, 8, 0, 19673.8] 0.9300999999999998
[1.0, 0.0, 0.0, 0.0, 0, 0.0, 4, 0.0, 2.0, 8, 8, 0, 19707.8] 0.9373857142857142
[1.0, 0.0, 0.0, 0.0, 0.0, 0.0, 4, 0, 2, 8.0, 8, 0, 19707.8] 0.9373857142857142
[1, 0.0, 0.0, 0.0, 0.0, 0, 3, 0.0, 1.0, 8.0, 8.0, 0, 19673.8] 0.9300999999999998
[1, 0, 1.0, 1.0, 1.0, 0, 1, 0, 1, 8, 8, 0, 16523.4] 0.29590769230769254
[1.0, 0.0, 0, 0.0, 0.0, 0, 4, 0, 2, 8.0, 8, 0, 19707.8] 0.9373857142857142
[1, 0, 0, 0, 0, 0, 3.0, 0.0, 2.0, 8.0, 8, 0.0, 19692.2] 0.9340428571428573
[1.0, 0, 0, 0, 0, 0.0, 4, 0, 2, 8, 8.0, 64.0, 19505.4] 0.894014285714286
[1.0, 0.0, 0, 0.0, 0.0, 0.0, 4.0, 0.0, 2.0, 8.0, 8.0, 0, 19707.8] 0.9373857142857142
[1, 0.0, 0, 0, 0, 0, 4, 0, 2, 8.0, 8.0, 0, 19707.8] 0.9373857142857142
[1.0, 0, 0.0, 0.0, 0.0, 0.0, 4, 0.0, 2, 8, 8.0, 0.0, 19707.8] 0.9373857142857142
[1, 0.0, 0.0, 0.0, 0.0, 0, 3, 0.0, 1, 8.0, 8.0, 0, 19673.8] 0.9300999999999998
[1.0, 0.0, 0.0, 0, 0.0, 0, 4, 0.0, 2, 8.0, 8, 0, 19707.8] 0.9373857142857142
[1, 0, 0, 0, 0, 0.0, 4, 0, 1, 8.0, 8.0, 0, 19332.8] 0.8570285714285713
[1, 0.0, 0.0, 0.0, 0.0, 0, 4, 0.0, 2, 8, 8, 128, 19600.2] 0.9143285714285716
[1, 0, 0, 0.0, 0, 0, 4.0, 0.0, 2, 8, 8.0, 128, 19600.2] 0.9143285714285716
[1, 0, 0, 0, 0, 0.0, 4, 0.0, 1.0, 8.0, 8.0, 0, 19332.8] 0.8570285714285713
[1, 0, 0, 0, 0, 0, 3, 0, 2, 8.0, 8, 0, 19692.2] 0.9340428571428573
[1.0, 0, 0.0, 0.0, 0.0, 0.0, 4.0, 0.0, 2.0, 10.0, 8.0, 0, 17862.4] 0.5419428571428575
[1, 0, 0, 0.0, 0, 0.0, 4, 0.0, 2, 8, 8.0, 0, 19707.8] 0.9373857142857142
[1.0, 0, 0, 0.0, 0.0, 0, 3, 0, 1.0, 8.0, 8, 0, 19673.8] 0.9300999999999998
[1, 0.0, 0, 0, 0, 0.0, 4.0, 0.0, 2.0, 8.0, 8, 0, 19707.8] 0.9373857142857142
[1, 0.0, 0, 0.0, 0.0, 0, 3.0, 0.0, 1, 8.0, 8, 0, 19673.8] 0.9300999999999998
[1.0, 0.0, 0.0, 0, 0.0, 0, 4.0, 0.0, 2.0, 8, 8.0, 0.0, 19707.8] 0.9373857142857142
