[1.0, 0.0, 1.0, 1.0, 1.0, 1.0, 2.0, 0.0, 4.0, 0.0, 16.0, 128.0, 5256.2] 0
[1.0, 1.0, 1.0, 0.0, 0, 1, 4, 0.0, 4.0, 8.0, 10, 0.0, 13713.8] 0.06830120481927707
[1, 0.0, 0, 0, 0.0, 0.0, 1, 0.0, 1.0, 8, 8.0, 0.0, 16846.2] 0.34556923076923085
[1.0, 1.0, 1.0, 0.0, 0.0, 0.0, 3.0, 0.0, 3.0, 10.0, 8, 128.0, 13070.0] 0.02951807228915663
[1.0, 0.0, 1.0, 1.0, 1.0, 0.0, 2.0, 0.0, 1.0, 8, 8, 0.0, 16447.8] 0.284276923076923
[1.0, 0, 1.0, 1.0, 1.0, 0.0, 4.0, 0.0, 1.0, 8.0, 8.0, 0.0, 16275.6] 0.25778461538461545
[1, 0.0, 1.0, 0, 0.0, 0, 1.0, 0.0, 2, 8.0, 8.0, 64, 16577.6] 0.30424615384615367
[1.0, 0.0, 1.0, 0.0, 0.0, 0.0, 1.0, 0.0, 1, 8.0, 8.0, 0.0, 16629.0] 0.31215384615384617
[1.0, 0.0, 1.0, 0.0, 0.0, 0.0, 1.0, 0.0, 1.0, 10.0, 8.0, 20, 14419.8] 0.11083132530120479
[1.0, 0.0, 0.0, 0.0, 0.0, 1.0, 4.0, 0.0, 3.0, 10.0, 10.0, 64.0, 13077.4] 0
[1.0, 0.0, 1.0, 0.0, 0.0, 0, 2.0, 0.0, 4, 8, 8, 0, 15600.4] 0.18195180722891566
[1.0, 1.0, 1.0, 0.0, 0.0, 1.0, 4.0, 0.0, 3.0, 16.0, 64.0, 0.0, 6215.4] 0
[1.0, 0.0, 0.0, 0.0, 0.0, 1.0, 4.0, 0.0, 1.0, 10, 8.0, 64, 16347.8] 0.2688923076923076
[1, 0, 0, 0.0, 0.0, 0, 2, 0.0, 1.0, 8.0, 8.0, 64.0, 16651.4] 0.3156000000000002
[1, 1, 0.0, 0.0, 0.0, 0.0, 3.0, 0.0, 2, 8.0, 8, 32.0, 15603.0] 0.1821084337349398
[1.0, 0.0, 1.0, 1.0, 1.0, 1.0, 3, 0.0, 4.0, 8.0, 8.0, 32.0, 14427.8] 0.11131325301204816
[1, 0, 1, 1.0, 1.0, 0.0, 4.0, 0.0, 2, 8.0, 10.0, 16.0, 14536.0] 0.11783132530120483
[1, 0, 0, 0.0, 0.0, 0, 2.0, 0.0, 3.0, 8, 10, 0, 14299.8] 0.10360240963855419
[1, 0, 0.0, 0.0, 0.0, 0, 3.0, 0.0, 2.0, 8.0, 8.0, 32, 18826.2] 0.7484714285714287
[1, 0.0, 1.0, 0.0, 0.0, 1.0, 2.0, 0.0, 1.0, 10.0, 8.0, 32.0, 14717.4] 0.1287590361445783
[1.0, 0.0, 1.0, 1, 1, 1.0, 4, 0.0, 3, 8.0, 10, 128.0, 13709.4] 0.06803614457831324
[1.0, 1.0, 1.0, 1.0, 1.0, 0.0, 1.0, 0.0, 3.0, 0.0, 20.0, 10.0, 5095.6] 0
[1.0, 1.0, 1.0, 1.0, 1.0, 1.0, 2.0, 0.0, 4.0, 20.0, 10.0, 0.0, 8781.4] 0
[1.0, 0.0, 1.0, 0.0, 0.0, 0, 4.0, 0.0, 3.0, 8.0, 10, 16.0, 13140.2] 0.03374698795180727
[1.0, 0.0, 1.0, 1.0, 1.0, 0.0, 1.0, 0.0, 2.0, 10.0, 8.0, 64.0, 14426.2] 0.11121686746987956
[1.0, 0, 0.0, 0.0, 0.0, 0.0, 4.0, 0.0, 1.0, 10.0, 8.0, 128, 17484.4] 0.4609428571428575
[1.0, 1.0, 1.0, 0.0, 0.0, 0.0, 1.0, 0.0, 1.0, 10.0, 16.0, 64.0, 9543.2] 0
[1.0, 0.0, 0.0, 0, 0.0, 0.0, 4, 0.0, 1.0, 8.0, 8, 128, 19149.2] 0.8176857142857145
[1.0, 1, 0.0, 0, 0.0, 0.0, 4.0, 0.0, 3.0, 10.0, 8.0, 20.0, 13473.0] 0.05379518072289157
[1.0, 0.0, 1.0, 1.0, 1.0, 1.0, 3, 0.0, 4.0, 8.0, 10.0, 64.0, 13389.0] 0.048734939759036144
