[1.0, 0.0, 1.0, 0.0, 0.0, 0.0, 2.0, 0.0, 4.0, 0.0, 8.0, 20.0, 5258.0] 0
[1.0, 0, 1.0, 0.0, 0, 0.0, 1.0, 0.0, 2, 8.0, 10, 128.0, 15305.6] 0.16419277108433739
[1, 0, 0.0, 0, 0, 0, 4, 0.0, 2, 8, 8.0, 0, 19707.8] 0.9373857142857142
[1.0, 0, 1, 1, 1.0, 1, 3, 0.0, 2, 8, 8, 0, 16305.0] 0.26230769230769235
[1.0, 0, 0, 0, 0.0, 0, 4.0, 0, 2.0, 8.0, 8.0, 0, 19707.8] 0.9373857142857142
[1.0, 0.0, 0, 0, 0, 0.0, 4, 0.0, 2, 8.0, 8, 0, 19707.8] 0.9373857142857142
[1, 0, 0.0, 0.0, 0, 0, 4, 0, 2, 8, 8.0, 0, 19707.8] 0.9373857142857142
[1.0, 0.0, 0, 0.0, 0, 0, 4, 0.0, 2, 8.0, 8, 0, 19707.8] 0.9373857142857142
[1, 0.0, 0, 0, 0, 0, 4, 0.0, 2, 8.0, 8, 0, 19707.8] 0.9373857142857142
[1, 0.0, 0, 0, 0, 0, 4, 0.0, 2, 8, 8, 0, 19707.8] 0.9373857142857142
[1.0, 0, 0.0, 0.0, 0.0, 0.0, 4, 0.0, 2.0, 8, 8, 0, 19707.8] 0.9373857142857142
[1.0, 0.0, 0, 0, 0.0, 0.0, 4.0, 0.0, 2.0, 8, 8.0, 0, 19707.8] 0.9373857142857142
[1, 0, 0, 0.0, 0.0, 0, 4, 0.0, 2, 8.0, 8, 0, 19707.8] 0.9373857142857142
[1, 0, 0, 0, 0, 0, 4, 0, 2, 8, 8, 0.0, 19707.8] 0.9373857142857142
[1, 0, 0, 0, 0, 0, 4, 0.0, 2, 8, 8, 0, 19707.8] 0.9373857142857142
[1, 0.0, 0, 0, 0, 0.0, 4, 0, 2, 8.0, 8.0, 0, 19707.8] 0.9373857142857142
[1.0, 0, 0, 0.0, 0.0, 0.0, 4.0, 0, 2, 8.0, 8.0, 0, 19707.8] 0.9373857142857142
[1.0, 0, 0, 0, 0, 0, 4, 0, 2, 8.0, 8.0, 0, 19707.8] 0.9373857142857142
[1, 0, 0, 0, 0.0, 0.0, 4.0, 0.0, 2, 8.0, 8.0, 0, 19707.8] 0.9373857142857142
[1.0, 0.0, 0, 0, 0, 0.0, 4, 0.0, 2.0, 8, 8, 0, 19707.8] 0.9373857142857142
[1.0, 0, 0, 0.0, 0.0, 0, 4, 0, 2, 8, 8, 0, 19707.8] 0.9373857142857142
[1, 0, 0, 0.0, 0, 0, 4, 0, 2, 8.0, 8.0, 0, 19707.8] 0.9373857142857142
[1, 0, 0, 0.0, 0.0, 0, 4.0, 0, 2.0, 8, 8, 0, 19707.8] 0.9373857142857142
[1, 0.0, 0.0, 0, 0, 0, 4, 0, 2, 8.0, 8, 0, 19707.8] 0.9373857142857142
[1.0, 0, 0, 0.0, 0.0, 0, 4, 0, 2, 8, 8, 0, 19707.8] 0.9373857142857142
[1, 0, 0, 0, 0, 0, 3, 0.0, 1, 8, 8, 0, 19673.8] 0.9300999999999998
[1.0, 0.0, 0, 0, 0, 0.0, 4, 0.0, 2.0, 8.0, 8.0, 0, 19707.8] 0.9373857142857142
[1.0, 0, 0, 0, 0, 0.0, 4.0, 0, 2.0, 8.0, 8, 0, 19707.8] 0.9373857142857142
[1, 0, 0, 0.0, 0, 0.0, 4, 0, 2, 8.0, 8.0, 0.0, 19707.8] 0.9373857142857142
[1.0, 0, 0, 0, 0.0, 0, 4, 0.0, 2, 8.0, 8, 0, 19707.8] 0.9373857142857142
