[1.0, 1, 0.0, 1.0, 1.0, 1.0, 1.0, 0.0, 1.0, 0.0, 0.0, 1, 170.3206944] 0.9981551790643078
[1.0, 1.0, 1.0, 1.0, 1, 1.0, 1.0, 1.0, 1, 1.0, 1.0, 0.0, 169.7782757] 0.9973980590574506
[1.0, 1, 0.0, 1.0, 0.0, 1.0, 1, 0, 1.0, 1.0, 1, 1, 123.4421377] 0.9327210537840431
[1, 1.0, 0.0, 1.0, 1.0, 1, 1.0, 1.0, 0.0, 0.0, 1.0, 1.0, 168.3990679] 0.9954729303349463
[1, 1.0, 0.0, 1.0, 0.0, 1.0, 1, 1.0, 1.0, 1.0, 0, 0.0, 124.3476832] 0.9339850342020661
[0.0, 1.0, 1.0, 1.0, 1.0, 1.0, 0.0, 0.0, 1, 1.0, 0, 1.0, 125.2666435] 0.9352677392943454
[1, 1.0, 1.0, 1.0, 1.0, 1, 1.0, 1.0, 0.0, 1.0, 0.0, 0.0, 170.0739989] 0.9978108360343724
[1.0, 0.0, 0.0, 1.0, 0.0, 1, 1.0, 1.0, 1.0, 0.0, 0.0, 0.0, 98.79517531] 0.88192762965
[1.0, 1.0, 1.0, 1.0, 1.0, 1.0, 1.0, 1.0, 0.0, 0.0, 1, 0.0, 169.9594309] 0.9976509194884539
[0.0, 1.0, 0.0, 1, 1.0, 1.0, 0.0, 0.0, 0.0, 1.0, 1.0, 0.0, 124.5543885] 0.9342735580272097
[0.0, 1.0, 1.0, 1.0, 0.0, 1, 0.0, 1.0, 1.0, 0.0, 0.0, 0, 77.44076371] 0.56161145565
[1.0, 1.0, 1, 1.0, 0.0, 1.0, 1.0, 1.0, 0.0, 1, 1.0, 0.0, 123.7908206] 0.9332077530804336
[1.0, 0.0, 1.0, 1.0, 0.0, 1, 1.0, 1.0, 0.0, 1.0, 0.0, 1.0, 99.03058767] 0.88545881505
[0.0, 1.0, 1.0, 1.0, 0.0, 1.0, 1.0, 1.0, 1.0, 1.0, 0.0, 1.0, 123.4365306] 0.9327132272699675
[1.0, 1.0, 1.0, 1.0, 1.0, 1.0, 1.0, 0.0, 1.0, 1.0, 0.0, 0.0, 169.9702196] 0.9976659785943033
[0.0, 1.0, 0.0, 1.0, 1.0, 1.0, 0, 1.0, 0.0, 1.0, 1.0, 1.0, 123.9414647] 0.9334180254438771
[0.0, 1.0, 1.0, 1.0, 0, 1.0, 1, 1.0, 0.0, 0.0, 0, 1.0, 124.2578611] 0.9338596585301582
[0.0, 1.0, 1, 1.0, 1, 0.0, 1.0, 0.0, 1.0, 0.0, 1.0, 0.0, 116.3215351] 0.9227819593366371
[0.0, 1.0, 0.0, 1.0, 1.0, 1.0, 1.0, 0.0, 0.0, 0.0, 1.0, 0.0, 170.2039185] 0.9979921806827831
[0.0, 1.0, 0.0, 1.0, 1, 1.0, 0.0, 0.0, 1.0, 1.0, 0.0, 1.0, 124.6350284] 0.9343861169814658
[1.0, 0.0, 0.0, 1.0, 1.0, 0, 1.0, 0.0, 1.0, 0.0, 1.0, 0.0, 51.75311303] 0.24598108971615726
[0.0, 1.0, 0.0, 1.0, 1, 0, 0.0, 0.0, 0.0, 0.0, 1, 0.0, 101.3473845] 0.9018807090571901
[0, 1.0, 0.0, 1.0, 1.0, 1.0, 1.0, 0.0, 1.0, 0.0, 0.0, 0.0, 169.5498407] 0.997079204436903
[0.0, 1.0, 0.0, 1.0, 1.0, 1.0, 0.0, 1.0, 1.0, 0.0, 1.0, 1.0, 124.4644518] 0.9341480223940896
[1.0, 1.0, 0.0, 1.0, 1.0, 0.0, 1.0, 1.0, 0.0, 0.0, 1.0, 0.0, 116.223151] 0.9226446326359414
[0.0, 0.0, 1.0, 1.0, 1.0, 1.0, 1.0, 1.0, 1.0, 0.0, 1.0, 0.0, 104.7794642] 0.9066712817384017
[1.0, 1.0, 1.0, 0.0, 0.0, 1.0, 1, 1.0, 1.0, 0.0, 0.0, 0.0, 50.25588322] 0.23617390755458517
[1.0, 1.0, 0.0, 1.0, 1.0, 0.0, 1.0, 1.0, 1.0, 1.0, 1.0, 1.0, 116.6076946] 0.9231813870897774
[1.0, 1, 1.0, 1.0, 0.0, 0.0, 1.0, 1.0, 1.0, 0.0, 0.0, 1.0, 70.78564262] 0.4617846393000001
[0.0, 1.0, 1.0, 1.0, 1.0, 1.0, 1.0, 1.0, 1.0, 0.0, 1.0, 1.0, 170.6282685] 0.9985844977893096
