[1, 1, 0, 1, 0, 1, 1, 1, 0, 0, 1, 1, 0, 1, 1024, 5] 0.7501999999999998
[1, 1, 1, 0, 0, 0, 0, 1, 0, 0, 1, 1, 1, 0, 1024, 5] 0.6582615384615358
[1, 1, 1, 0, 0, 0, 1, 1, 0, 0, 0, 1, 1, 0, 4096, 5] 0.7708769230769204
[1, 1, 1, 0, 0, 0, 1, 1, 0, 0, 0, 1, 1, 0, 2048, 9] 1.0
[1, 1, 0, 1, 0, 1, 1, 1, 0, 0, 0, 1, 0, 1, 4096, 9] 0.8644800000000032
[1, 1, 0, 1, 0, 0, 1, 1, 0, 0, 0, 1, 0, 1, 1024, 1] 0.6471846153846121
[1, 1, 1, 0, 0, 0, 0, 1, 0, 0, 0, 1, 1, 0, 1024, 5] 0.6941692307692329
[1, 1, 1, 0, 0, 0, 0, 1, 0, 0, 0, 1, 0, 1, 1024, 9] 0.9887200000000007
[1, 1, 0, 1, 1, 0, 1, 0, 1, 0, 1, 1, 0, 1, 512, 0] 0.7499692307692294
[1, 1, 0, 1, 1, 0, 0, 1, 0, 0, 1, 1, 0, 1, 2048, 1] 0.8758400000000052
[1, 1, 0, 1, 0, 1, 1, 1, 0, 0, 1, 1, 0, 1, 4096, 5] 0.5998769230769234
[1, 1, 0, 1, 0, 1, 1, 1, 0, 0, 1, 1, 0, 1, 2048, 5] 0.6967538461538489
[1, 1, 0, 1, 0, 0, 0, 1, 0, 0, 1, 1, 0, 1, 2048, 1] 0.7963076923076944
[1, 1, 1, 0, 0, 0, 0, 1, 0, 0, 0, 1, 0, 1, 2048, 5] 1.0
[1, 1, 0, 1, 0, 0, 1, 0, 1, 0, 1, 1, 0, 1, 2048, 0] 0.6408153846153863
[1, 1, 0, 1, 0, 1, 1, 0, 1, 0, 1, 1, 0, 1, 4096, 0] 0.7345538461538446
[1, 1, 0, 1, 0, 1, 1, 0, 1, 0, 1, 1, 0, 1, 4096, 0] 0.7345538461538446
[1, 1, 0, 1, 1, 0, 1, 1, 0, 0, 1, 1, 1, 0, 2048, 1] 0.6929230769230771
[1, 1, 1, 0, 0, 0, 0, 1, 0, 0, 0, 1, 0, 1, 2048, 5] 1.0
[1, 1, 1, 0, 0, 0, 0, 1, 0, 0, 0, 1, 0, 1, 2048, 5] 1.0
[1, 1, 0, 1, 0, 1, 0, 1, 0, 0, 1, 1, 0, 1, 4096, 5] 0.7602615384615377
[1, 1, 1, 0, 0, 0, 1, 1, 0, 0, 1, 1, 0, 1, 1024, 1] 1.0
[1, 1, 0, 1, 1, 0, 0, 0, 1, 0, 0, 1, 1, 0, 1024, 0] 0.6983230769230793
[1, 1, 0, 1, 1, 0, 0, 0, 1, 0, 0, 1, 0, 1, 2048, 0] 0.7776615384615382
[1, 1, 1, 0, 0, 0, 0, 1, 0, 0, 0, 1, 1, 0, 512, 9] 0.7496461538461547
[1, 1, 1, 0, 0, 0, 0, 1, 0, 0, 1, 1, 1, 0, 1024, 5] 0.6582615384615358
[1, 1, 1, 0, 0, 0, 1, 1, 0, 0, 1, 1, 0, 1, 512, 9] 0.9868799999999964
[1, 1, 0, 1, 0, 1, 1, 1, 0, 0, 1, 1, 0, 1, 1024, 1] 0.6959692307692337
[1, 1, 0, 1, 0, 1, 0, 1, 0, 0, 1, 1, 0, 1, 4096, 1] 0.6746461538461506
[1, 1, 1, 0, 0, 0, 1, 1, 0, 0, 0, 1, 1, 0, 1024, 1] 0.7724923076923063
[1, 1, 0, 1, 0, 1, 1, 1, 0, 0, 1, 1, 0, 1, 1024, 5] 0.7501999999999998
[1, 1, 1, 0, 0, 0, 0, 1, 0, 0, 0, 1, 1, 0, 512, 9] 0.7496461538461547
[1, 1, 0, 1, 1, 0, 0, 0, 1, 0, 0, 1, 1, 0, 1024, 0] 0.6983230769230793
[1, 1, 0, 1, 0, 1, 1, 1, 0, 0, 0, 1, 0, 1, 4096, 9] 0.8644800000000032
[1, 1, 1, 0, 0, 0, 1, 1, 0, 0, 1, 1, 0, 1, 1024, 1] 1.0
[1, 1, 0, 1, 1, 0, 0, 1, 0, 0, 1, 1, 0, 1, 2048, 1] 0.8758400000000052
[1, 1, 1, 0, 0, 0, 0, 1, 0, 0, 1, 1, 1, 0, 1024, 5] 0.6582615384615358
[1, 1, 0, 1, 1, 0, 1, 0, 1, 0, 1, 1, 0, 1, 512, 0] 0.7499692307692294
[1, 1, 1, 0, 0, 0, 1, 1, 0, 0, 0, 1, 1, 0, 2048, 9] 1.0
[1, 1, 1, 0, 0, 0, 1, 1, 0, 0, 0, 1, 1, 0, 4096, 5] 0.7708769230769204
[1, 1, 1, 0, 0, 0, 0, 1, 0, 0, 1, 1, 1, 0, 1024, 5] 0.6582615384615358
[1, 1, 1, 0, 0, 0, 1, 1, 0, 0, 0, 1, 1, 0, 1024, 1] 0.7724923076923063
[1, 1, 0, 1, 1, 0, 0, 0, 1, 0, 0, 1, 0, 1, 2048, 0] 0.7776615384615382
[1, 1, 1, 0, 0, 0, 0, 1, 0, 0, 0, 1, 1, 0, 1024, 5] 0.6941692307692329
[1, 1, 1, 0, 0, 0, 0, 1, 0, 0, 0, 1, 0, 1, 2048, 5] 1.0
[1, 1, 0, 1, 1, 0, 1, 1, 0, 0, 1, 1, 1, 0, 2048, 1] 0.6929230769230771
[1, 1, 1, 0, 0, 0, 0, 1, 0, 0, 0, 1, 0, 1, 1024, 9] 0.9887200000000007
[1, 1, 0, 1, 0, 1, 1, 1, 0, 0, 1, 1, 0, 1, 1024, 1] 0.6959692307692337
[1, 1, 0, 1, 0, 0, 1, 1, 0, 0, 0, 1, 0, 1, 1024, 1] 0.6471846153846121
[1, 1, 0, 1, 0, 1, 1, 1, 0, 0, 1, 1, 0, 1, 2048, 5] 0.6967538461538489
[1, 1, 0, 1, 0, 1, 0, 1, 0, 0, 1, 1, 0, 1, 4096, 1] 0.6746461538461506
[1, 1, 0, 1, 0, 1, 0, 1, 0, 0, 1, 1, 0, 1, 4096, 5] 0.7602615384615377
[1, 1, 0, 1, 0, 1, 1, 0, 1, 0, 1, 1, 0, 1, 4096, 0] 0.7345538461538446
[1, 1, 0, 1, 0, 0, 1, 0, 1, 0, 1, 1, 0, 1, 2048, 0] 0.6408153846153863
[1, 1, 1, 0, 0, 0, 0, 1, 0, 0, 0, 1, 0, 1, 2048, 5] 1.0
[1, 1, 0, 1, 0, 1, 1, 0, 1, 0, 1, 1, 0, 1, 4096, 0] 0.7345538461538446
[1, 1, 1, 0, 0, 0, 1, 1, 0, 0, 1, 1, 0, 1, 512, 9] 0.9868799999999964
[1, 1, 0, 1, 0, 0, 0, 1, 0, 0, 1, 1, 0, 1, 2048, 1] 0.7963076923076944
[1, 1, 0, 1, 0, 1, 1, 1, 0, 0, 1, 1, 0, 1, 4096, 5] 0.5998769230769234
[1, 1, 1, 0, 0, 0, 0, 1, 0, 0, 0, 1, 0, 1, 2048, 5] 1.0
