[1, 0, 1, 1, 1.0, 0, 1, 0.0, 1, 8, 8.0, 0, 16523.4] 0.7516714285714287
[1.0, 0, 0, 0.0, 0, 0, 3, 0.0, 2, 8, 8.0, 64, 19541.8] 0.9672714285714286
[1.0, 0, 0, 0.0, 0, 0.0, 3, 0, 1, 8.0, 8.0, 0, 19673.8] 0.9766999999999999
[1, 0.0, 0.0, 0.0, 0.0, 1, 3.0, 0.0, 2.0, 64, 0.0, 8, 11351.6] 0.23516000000000004
[1.0, 0, 1, 1.0, 1, 0, 1, 0.0, 1.0, 8.0, 8, 0, 16523.4] 0.7516714285714287
[1.0, 0.0, 0, 0.0, 0.0, 0.0, 3.0, 0.0, 1.0, 8.0, 8.0, 10.0, 18828.6] 0.9163285714285714
[1.0, 0.0, 0, 0, 0, 0, 3.0, 0.0, 1, 8.0, 8, 128, 19583.4] 0.9702428571428572
[1.0, 0.0, 0.0, 0, 0.0, 0.0, 3.0, 0.0, 2.0, 8, 8, 0, 19692.2] 0.9780142857142857
[1, 0, 0, 0, 0.0, 0, 3, 0, 1.0, 8, 8.0, 0, 19673.8] 0.9766999999999999
[1.0, 0.0, 0, 0, 0, 0.0, 3, 0, 1.0, 8.0, 8.0, 64.0, 19555.0] 0.9682142857142857
[1, 0.0, 1.0, 0.0, 0.0, 0, 2.0, 0.0, 2.0, 8.0, 8.0, 0, 16868.0] 0.7762857142857142
[1, 0.0, 0, 0.0, 0.0, 0, 4, 0.0, 2, 8, 8, 0.0, 19707.8] 0.9791285714285713
[1.0, 0, 0.0, 0, 0.0, 0.0, 3, 0.0, 1, 8.0, 10, 0, 18899.0] 0.9213571428571429
[1, 0.0, 0.0, 0.0, 0.0, 0, 3.0, 0.0, 1, 8.0, 10.0, 0, 18899.0] 0.9213571428571429
[1.0, 0, 0, 0.0, 0.0, 0.0, 3.0, 0.0, 2.0, 8.0, 8.0, 0.0, 19692.2] 0.9780142857142857
[1.0, 0, 0.0, 0.0, 0.0, 0, 4.0, 0, 2, 8.0, 16.0, 128.0, 14543.2] 0.5677052631578947
[1, 0.0, 1, 1.0, 1, 0.0, 1, 0.0, 1, 8.0, 8.0, 0.0, 16523.4] 0.7516714285714287
[1, 0, 1, 1, 1, 0, 2, 0, 1, 8, 8, 0.0, 16447.8] 0.7462714285714285
[1, 0, 1.0, 0.0, 0.0, 0, 1, 0, 2, 8, 8, 0.0, 16772.6] 0.7694714285714285
[1.0, 0, 0.0, 0, 0.0, 0.0, 3, 0, 2, 8.0, 8, 0.0, 19692.2] 0.9780142857142857
[1.0, 0.0, 0, 0.0, 0.0, 0.0, 3, 0.0, 2.0, 8.0, 8, 0, 19692.2] 0.9780142857142857
[1.0, 0, 0, 0.0, 0.0, 0.0, 4, 0, 2, 8.0, 8.0, 0, 19707.8] 0.9791285714285713
[1.0, 0, 0.0, 0, 0.0, 0.0, 4.0, 0.0, 2.0, 8, 8, 0.0, 19707.8] 0.9791285714285713
[1.0, 0.0, 1.0, 0, 0.0, 0, 2.0, 0.0, 2, 8.0, 8.0, 0, 16868.0] 0.7762857142857142
[1.0, 0, 0, 0.0, 0.0, 0.0, 2, 0, 2.0, 8.0, 10.0, 0, 15771.8] 0.6970315789473683
[1, 0.0, 1, 0, 0, 0.0, 1, 0.0, 1, 8, 8, 0, 16629.0] 0.7592142857142856
[1.0, 0.0, 0, 0.0, 0, 0.0, 2.0, 0, 1.0, 8, 8.0, 128.0, 16768.6] 0.7691857142857141
[1, 0.0, 0.0, 0, 0.0, 0, 3.0, 0.0, 1.0, 8.0, 10.0, 0, 18899.0] 0.9213571428571429
[1, 0, 0, 0.0, 0, 0.0, 4, 0.0, 2, 8.0, 8.0, 0.0, 19707.8] 0.9791285714285713
[1.0, 0.0, 1.0, 1, 1, 0, 1, 0.0, 1.0, 8.0, 8.0, 0, 16523.4] 0.7516714285714287
