[1.0, 0.0, 0.0, 0.0, 0.0, 0.0, 2.0, 0.0, 2.0, 8.0, 10.0, 0.0, 15771.8] 0.6970315789473683
[1.0, 0, 1.0, 0, 0, 0.0, 1, 0.0, 1.0, 8, 8.0, 20.0, 15530.8] 0.6716631578947367
[1, 0.0, 1.0, 0.0, 0.0, 0.0, 2.0, 0.0, 1.0, 8, 8.0, 64, 16525.2] 0.7518
[1, 0, 0.0, 0, 0.0, 0.0, 3.0, 0.0, 1.0, 8, 8.0, 64.0, 19555.0] 0.9682142857142857
[1, 1.0, 0.0, 0.0, 0.0, 0.0, 2, 0.0, 4.0, 8.0, 8, 128.0, 14639.6] 0.5778526315789474
[1.0, 0.0, 0, 0.0, 0.0, 0, 4.0, 0, 2.0, 128.0, 0.0, 10.0, 10150.0] 0.115
[1.0, 0, 0.0, 0.0, 0.0, 0, 4.0, 0.0, 2.0, 8.0, 8.0, 8.0, 18511.4] 0.8936714285714287
[1.0, 0, 1.0, 0.0, 0, 1.0, 2, 0, 1.0, 10.0, 10.0, 64, 14268.4] 0.538778947368421
[1.0, 0.0, 0, 0.0, 0.0, 0.0, 4.0, 0.0, 1, 8.0, 8.0, 128.0, 19149.2] 0.9392285714285715
[1.0, 0, 0.0, 0, 0.0, 0.0, 3.0, 0.0, 2.0, 8.0, 10, 128.0, 18761.2] 0.9115142857142857
[1.0, 0.0, 1, 1.0, 1.0, 1.0, 4, 0.0, 1.0, 8.0, 20.0, 8.0, 10373.4] 0.13733999999999996
[1.0, 0.0, 0.0, 0, 0.0, 0.0, 3.0, 0, 1.0, 16.0, 8, 32.0, 12042.2] 0.30444210526315796
[1, 0.0, 0.0, 0.0, 0.0, 0, 4.0, 0.0, 1.0, 8.0, 8.0, 16.0, 18102.8] 0.8644857142857142
[1.0, 0.0, 0, 0, 0.0, 1, 3.0, 0.0, 2.0, 8, 8, 128, 18600.0] 0.8999999999999999
[1, 0.0, 1.0, 0.0, 0, 0.0, 3, 0.0, 2.0, 8.0, 8.0, 128.0, 15615.4] 0.6805684210526315
[1, 1.0, 1.0, 0.0, 0.0, 0.0, 1, 0, 3.0, 10.0, 8.0, 0, 13315.6] 0.4384842105263158
[1.0, 0.0, 0.0, 0.0, 0.0, 0, 2.0, 0, 1.0, 8, 8, 8.0, 16534.8] 0.7524857142857142
[1, 0.0, 0.0, 0.0, 0.0, 1, 3.0, 0.0, 2, 8, 8.0, 128, 18600.0] 0.8999999999999999
[1, 0, 0.0, 0.0, 0.0, 1.0, 2.0, 0.0, 1.0, 8.0, 8.0, 0.0, 17116.2] 0.7940142857142858
[1.0, 0.0, 0.0, 0.0, 0.0, 0.0, 4.0, 0.0, 2.0, 8.0, 8.0, 128.0, 19600.2] 0.9714428571428572
[1, 0.0, 0, 0.0, 0.0, 1, 4, 0.0, 2, 8.0, 10.0, 20.0, 16486.4] 0.7490285714285715
[1.0, 0.0, 0.0, 0.0, 0.0, 0.0, 4.0, 0.0, 1.0, 10.0, 10.0, 20, 16531.4] 0.7522428571428572
[1.0, 0.0, 1.0, 1.0, 1, 0.0, 1, 0.0, 1.0, 8.0, 8.0, 64.0, 16202.6] 0.7287571428571429
[1.0, 0.0, 0.0, 0.0, 0, 0, 3.0, 0.0, 2, 8.0, 10.0, 10.0, 17822.6] 0.8444714285714284
[1, 0, 1.0, 0.0, 0.0, 0, 4, 0.0, 4.0, 8.0, 8.0, 0, 15042.2] 0.6202315789473685
[1, 0.0, 0.0, 0.0, 0.0, 0.0, 4, 0.0, 2, 8, 8.0, 0.0, 19707.8] 0.9791285714285713
[1.0, 0.0, 0, 0, 0, 0.0, 3.0, 0.0, 2.0, 8.0, 10.0, 64.0, 18690.8] 0.9064857142857142
[1.0, 0.0, 0.0, 0.0, 0.0, 0.0, 4.0, 0.0, 1, 10.0, 8.0, 10, 16279.6] 0.7342571428571428
[1.0, 0, 1.0, 0.0, 0.0, 1.0, 4.0, 0.0, 3.0, 8.0, 8, 128.0, 14837.8] 0.5987157894736841
[1.0, 0, 1.0, 0, 0.0, 0.0, 2.0, 0.0, 3.0, 8.0, 8, 20.0, 14795.4] 0.5942526315789474
