[1. 1. 0. 0. 0. 0. 1. 0. 0. 0. 1. 0. 0. 0. 0. 0. 0. 1. 0. 1. 0. 0. 1. 1.
 0. 0. 0. 0. 1. 0. 1. 0. 1. 0. 1. 0. 0.] [0.04865105]
[1. 1. 0. 0. 0. 0. 1. 1. 0. 0. 1. 0. 0. 0. 0. 0. 0. 0. 0. 1. 0. 0. 1. 1.
 0. 1. 0. 0. 1. 1. 0. 0. 0. 0. 1. 0. 0.] [0.04712126]
[1. 1. 0. 0. 0. 0. 1. 1. 0. 1. 0. 0. 0. 1. 0. 0. 1. 0. 0. 1. 0. 1. 0. 0.
 0. 0. 1. 0. 1. 0. 0. 0. 1. 0. 1. 0. 0.] [0.01536911]
[1. 1. 1. 1. 0. 0. 1. 0. 1. 0. 1. 1. 0. 1. 0. 0. 0. 0. 0. 1. 1. 0. 0. 0.
 0. 0. 0. 0. 1. 0. 0. 0. 1. 0. 1. 0. 0.] [0.05562407]
[1. 1. 1. 1. 0. 0. 1. 0. 0. 0. 1. 0. 0. 1. 0. 1. 0. 0. 0. 1. 1. 1. 0. 0.
 0. 0. 0. 1. 1. 0. 0. 0. 0. 0. 1. 0. 0.] [0.05347169]
[1. 1. 0. 1. 0. 0. 1. 1. 1. 0. 1. 1. 0. 0. 0. 0. 0. 0. 0. 1. 0. 0. 1. 0.
 1. 0. 0. 0. 1. 1. 0. 0. 0. 0. 1. 0. 0.] [0.05827453]
[1. 1. 1. 0. 0. 0. 0. 0. 1. 1. 0. 0. 0. 0. 0. 0. 0. 0. 0. 1. 0. 0. 1. 0.
 0. 0. 0. 1. 1. 0. 0. 0. 0. 0. 1. 0. 0.] [0.02522384]
[1. 1. 0. 0. 0. 0. 1. 0. 0. 0. 0. 0. 0. 0. 0. 0. 0. 0. 0. 1. 0. 0. 1. 1.
 0. 0. 0. 1. 1. 0. 1. 0. 0. 0. 1. 1. 0.] [0.04710347]
[1. 0. 0. 0. 0. 0. 1. 1. 0. 0. 0. 0. 0. 0. 0. 0. 1. 0. 0. 0. 0. 0. 0. 0.
 0. 1. 0. 0. 0. 0. 0. 0. 0. 0. 1. 0. 0.] [0.04374148]
[1. 1. 0. 1. 0. 0. 1. 0. 0. 0. 1. 0. 0. 0. 0. 0. 0. 0. 0. 1. 0. 0. 1. 1.
 0. 0. 0. 0. 1. 0. 1. 0. 1. 0. 1. 0. 0.] [0.93207757]
[1. 0. 0. 0. 0. 0. 0. 0. 0. 0. 0. 0. 0. 0. 0. 0. 0. 0. 0. 0. 1. 1. 0. 1.
 0. 1. 0. 0. 0. 0. 1. 0. 0. 0. 1. 0. 0.] [0.03888527]
[1. 0. 0. 0. 0. 0. 0. 0. 0. 1. 0. 0. 0. 0. 0. 0. 0. 0. 0. 0. 0. 0. 0. 1.
 0. 0. 0. 0. 1. 0. 1. 0. 0. 0. 1. 0. 0.] [0.04749481]
[1. 1. 0. 0. 0. 1. 0. 0. 0. 0. 0. 0. 0. 0. 0. 0. 1. 0. 0. 1. 0. 0. 1. 0.
 0. 0. 0. 0. 1. 1. 1. 0. 0. 0. 1. 0. 0.] [0.05158613]
[1. 1. 0. 0. 0. 1. 1. 1. 0. 0. 0. 0. 0. 0. 0. 0. 0. 0. 0. 1. 0. 1. 1. 1.
 1. 0. 0. 0. 1. 0. 0. 0. 1. 0. 1. 0. 0.] [0.03029351]
[1. 0. 1. 0. 1. 0. 0. 0. 0. 0. 0. 0. 0. 0. 0. 0. 0. 0. 0. 0. 0. 0. 0. 1.
 0. 0. 0. 0. 1. 0. 0. 0. 0. 0. 1. 0. 0.] [0.03257041]
[1. 1. 0. 0. 0. 0. 1. 0. 0. 0. 0. 0. 0. 0. 0. 1. 0. 1. 1. 1. 0. 0. 0. 0.
 0. 0. 0. 0. 1. 0. 1. 0. 0. 0. 0. 0. 0.] [0.02018974]
[1. 0. 0. 0. 0. 0. 1. 0. 1. 0. 0. 0. 0. 0. 0. 0. 0. 0. 0. 1. 0. 0. 1. 0.
 0. 0. 0. 0. 1. 1. 1. 0. 0. 0. 1. 1. 0.] [0.05462793]
[1. 0. 0. 0. 0. 0. 1. 0. 0. 0. 0. 0. 0. 0. 0. 0. 1. 0. 0. 1. 0. 0. 1. 0.
 0. 0. 0. 0. 1. 1. 1. 0. 0. 0. 1. 1. 0.] [0.04701453]
[1. 0. 0. 0. 0. 0. 0. 1. 1. 0. 0. 0. 0. 0. 0. 0. 0. 0. 0. 0. 0. 0. 0. 0.
 0. 1. 0. 0. 0. 0. 0. 0. 0. 0. 1. 0. 0.] [0.05416543]
[1. 0. 1. 0. 0. 0. 0. 0. 0. 0. 0. 0. 0. 0. 0. 0. 0. 0. 0. 0. 0. 0. 0. 1.
 0. 1. 0. 0. 0. 0. 0. 0. 0. 0. 1. 0. 0.] [0.05366736]
[1. 1. 0. 1. 0. 0. 1. 0. 0. 0. 1. 0. 0. 1. 0. 0. 0. 0. 0. 1. 0. 0. 0. 1.
 0. 0. 0. 0. 1. 1. 1. 0. 0. 1. 0. 0. 0.] [0.97092967]
[1. 0. 0. 1. 0. 0. 0. 1. 1. 0. 0. 0. 0. 0. 0. 0. 0. 0. 0. 0. 0. 0. 0. 0.
 0. 0. 0. 0. 1. 0. 0. 0. 0. 0. 1. 0. 0.] [0.04238956]
[1. 0. 0. 1. 0. 0. 0. 1. 0. 0. 0. 0. 0. 1. 0. 0. 0. 0. 0. 0. 0. 0. 0. 1.
 0. 0. 0. 0. 0. 0. 0. 0. 1. 1. 0. 0. 0.] [0.03673288]
[1. 1. 1. 1. 0. 0. 1. 0. 1. 0. 1. 1. 0. 0. 0. 0. 0. 0. 0. 1. 0. 0. 0. 0.
 1. 0. 0. 0. 1. 0. 0. 0. 0. 1. 0. 0. 0.] [0.0816306]
[1. 1. 0. 1. 0. 0. 1. 1. 0. 0. 1. 0. 0. 0. 0. 0. 0. 0. 0. 1. 0. 1. 0. 1.
 0. 0. 1. 0. 1. 0. 0. 0. 0. 0. 1. 0. 0.] [0.05574859]
[1. 1. 1. 0. 1. 0. 1. 0. 0. 0. 0. 0. 0. 0. 0. 1. 0. 0. 0. 1. 0. 0. 0. 0.
 0. 0. 0. 0. 1. 0. 0. 0. 0. 0. 1. 0. 0.] [0.02865698]
[1. 0. 1. 0. 0. 0. 0. 0. 0. 0. 0. 0. 0. 0. 0. 1. 0. 0. 0. 1. 0. 0. 0. 0.
 0. 0. 0. 0. 0. 0. 0. 1. 0. 0. 1. 0. 0.] [0.02974207]
[1. 0. 1. 0. 0. 0. 1. 0. 0. 0. 0. 0. 0. 0. 0. 1. 0. 0. 0. 0. 0. 0. 0. 0.
 0. 0. 0. 0. 0. 0. 0. 0. 0. 1. 0. 0. 1.] [0.03057812]
[1. 1. 0. 0. 0. 0. 1. 0. 1. 0. 1. 1. 0. 0. 0. 0. 0. 0. 0. 1. 0. 0. 0. 0.
 1. 1. 0. 0. 1. 0. 1. 0. 0. 1. 0. 0. 0.] [0.02509932]
[1. 0. 0. 0. 0. 0. 0. 0. 0. 1. 0. 1. 0. 1. 0. 0. 0. 0. 0. 0. 1. 0. 0. 1.
 0. 0. 0. 0. 0. 0. 1. 0. 1. 1. 0. 0. 0.] [0.01544026]
