[1.0, 0.0, 1.0, 0.0, 0.0, 0.0, 0.0, 0.0, 1, 0.0, 0.0, 1.0, 1.0, 0.0, 0, 0, 0.0, 0.0, 0.0, 0.0, 1.0, 0.0, 0.0, 0.0, 0.0, 0.0, 0.0, 0.0, 0.0, 1.0, 0.0, 1315.634] 0.4776794285714286
[1.0, 0.0, 1.0, 0.0, 0.0, 0.0, 1.0, 0, 0.0, 0.0, 0, 1.0, 1.0, 0, 0.0, 0.0, 0.0, 0.0, 0.0, 0.0, 0.0, 0, 1.0, 0.0, 0.0, 0.0, 0.0, 0.0, 0.0, 0.0, 0.0, 1804.0] 0.5241904761904762
[1, 0, 0.0, 0.0, 1, 0, 1.0, 1, 1, 0.0, 0.0, 1.0, 1.0, 1, 0, 0.0, 0, 0, 0, 0, 1, 0, 0, 0, 0, 0, 0.0, 0.0, 0.0, 0.0, 0.0, 1202.086] 0.46686533333333335
[1.0, 1.0, 0.0, 0.0, 1.0, 0.0, 0.0, 1, 0.0, 0.0, 0.0, 1.0, 1, 1.0, 1.0, 0.0, 0.0, 1.0, 0.0, 0.0, 0.0, 1.0, 0.0, 1.0, 0.0, 0.0, 0.0, 0.0, 0.0, 0.0, 0.0, 3028.538] 0.6408131428571429
[1.0, 0.0, 0, 0.0, 0, 0, 0.0, 1.0, 0.0, 0.0, 0.0, 1.0, 1.0, 0.0, 0.0, 0.0, 0, 0.0, 0.0, 0.0, 0.0, 1.0, 0.0, 1.0, 0.0, 0.0, 0.0, 0.0, 0.0, 0.0, 0.0, 2948.452] 0.6331859047619048
[1, 1.0, 1.0, 0.0, 0, 0, 0.0, 1.0, 1.0, 0.0, 0.0, 1.0, 1, 1, 0.0, 0.0, 0.0, 0, 0.0, 0.0, 1.0, 0.0, 0.0, 1.0, 0, 0.0, 0.0, 1, 0.0, 0.0, 0.0, 4728.254] 0.823516779864163
[1.0, 0, 1, 0.0, 0.0, 0.0, 0.0, 1.0, 0, 0.0, 1, 1, 1, 0, 1, 0.0, 0.0, 0, 0, 0.0, 0.0, 0.0, 1.0, 1.0, 0.0, 1.0, 0, 1, 0.0, 0, 0.0, 4047.816] 0.7378872380952382
[1.0, 0, 1.0, 1.0, 1.0, 0.0, 0.0, 1.0, 1, 0, 0, 1.0, 1.0, 0.0, 0, 0.0, 0, 1.0, 1.0, 0, 0.0, 1.0, 0.0, 1, 0.0, 0.0, 0.0, 0, 0.0, 0.0, 0.0, 4150.95] 0.7477095238095238
[1, 0, 1, 0.0, 1, 0, 0.0, 1, 0.0, 0.0, 0, 1.0, 1.0, 1.0, 0.0, 0, 0.0, 0.0, 0.0, 0.0, 0, 0.0, 1.0, 1.0, 0, 1.0, 0, 1.0, 0.0, 0.0, 0.0, 4065.202] 0.7395430476190477
[1.0, 1.0, 0.0, 0.0, 1.0, 0.0, 0.0, 1.0, 0.0, 0.0, 0.0, 1.0, 1.0, 1.0, 1.0, 1.0, 0.0, 1.0, 0.0, 0.0, 0.0, 1.0, 0.0, 0.0, 0.0, 0.0, 0.0, 1.0, 0.0, 1.0, 0.0, 1452.788] 0.49074171428571434
[1.0, 1.0, 1.0, 1.0, 0.0, 1.0, 0.0, 0.0, 1.0, 0.0, 0.0, 1, 1.0, 1.0, 1.0, 1.0, 0, 1.0, 1, 0.0, 0.0, 0.0, 1.0, 0.0, 0.0, 0.0, 0.0, 0.0, 1.0, 0.0, 0, 885.23] 0.4366885714285714
[1.0, 1.0, 1.0, 1.0, 0.0, 1.0, 0.0, 1.0, 0.0, 0.0, 1.0, 1.0, 1.0, 0.0, 1.0, 1.0, 0.0, 0.0, 1.0, 0.0, 0.0, 1.0, 0.0, 0.0, 0.0, 0.0, 0.0, 1.0, 0.0, 1.0, 0.0, 3044.18] 0.6423028571428572
[1, 0, 1.0, 1, 0.0, 0.0, 0, 1, 1.0, 1.0, 0.0, 0, 1.0, 1.0, 0.0, 0.0, 0.0, 1.0, 1.0, 0, 0.0, 1, 0, 1.0, 0.0, 0.0, 0.0, 0, 0.0, 0, 0.0, 377.99] 0.2811635279851564
[1, 0, 1, 0.0, 0, 0.0, 0.0, 1.0, 0.0, 0, 1, 1, 1, 0, 1.0, 0.0, 0.0, 0.0, 0.0, 0.0, 0.0, 0, 1, 1.0, 0.0, 1, 0, 1.0, 0, 0.0, 0.0, 4047.816] 0.7378872380952382
[1, 1, 0.0, 0.0, 0, 0, 0.0, 1.0, 1.0, 0.0, 0.0, 1, 1, 1.0, 0, 0.0, 0.0, 0.0, 0.0, 0.0, 0.0, 0.0, 1, 1.0, 0.0, 1.0, 0.0, 1.0, 0.0, 0.0, 0.0, 2874.854] 0.6261765714285714
[1.0, 0, 1, 0, 1, 0.0, 0.0, 0, 1.0, 0.0, 0.0, 1.0, 1, 0, 0.0, 0.0, 0.0, 0, 0, 0.0, 0.0, 0.0, 1.0, 1, 0.0, 0.0, 0.0, 0.0, 0.0, 0, 0.0, 3231.044] 0.6600994285714286
[1.0, 0.0, 0.0, 1.0, 0.0, 1.0, 0.0, 1.0, 1.0, 0.0, 0.0, 1.0, 1.0, 0.0, 1.0, 0.0, 0.0, 1.0, 1.0, 0.0, 0.0, 1.0, 0.0, 0.0, 1.0, 0.0, 0.0, 0.0, 0.0, 0.0, 0.0, 530.172] 0.40287352380952385
[1.0, 0, 1, 0.0, 1.0, 0.0, 0.0, 1.0, 1.0, 0.0, 1.0, 1.0, 1, 0.0, 0.0, 0.0, 0.0, 0.0, 0.0, 0, 1.0, 0, 0.0, 1, 0.0, 0.0, 0.0, 1.0, 0.0, 0.0, 0.0, 4670.028] 0.7971455238095239
[1, 0, 0.0, 1, 0.0, 0, 1, 0, 0.0, 0, 0.0, 1.0, 1, 0.0, 0.0, 0, 0, 0, 0, 0, 0, 1.0, 0.0, 0, 0, 0, 0, 0.0, 0, 0, 0, 1338.554] 0.47986228571428574
[1.0, 0.0, 1.0, 0.0, 0, 0.0, 0.0, 1, 0.0, 0, 0.0, 1.0, 1, 0, 1.0, 0.0, 0, 0, 0, 0.0, 0, 0.0, 1.0, 1, 0.0, 0.0, 0, 0.0, 0, 0.0, 0.0, 3207.7] 0.6578761904761905
[1.0, 0.0, 1.0, 1.0, 1.0, 1.0, 0.0, 1.0, 0.0, 0.0, 1.0, 1.0, 1.0, 1.0, 0.0, 1.0, 1.0, 0.0, 1.0, 0.0, 0.0, 1.0, 0.0, 0.0, 0.0, 0.0, 0.0, 1.0, 0.0, 0.0, 0.0, 2617.878] 0.6017026666666667
[1.0, 1.0, 1.0, 0.0, 1.0, 1.0, 1.0, 1.0, 1.0, 0.0, 0.0, 1.0, 1.0, 0.0, 0.0, 1.0, 0.0, 1.0, 0.0, 0.0, 1.0, 0.0, 0.0, 0.0, 0.0, 1.0, 0.0, 1.0, 0.0, 0.0, 0.0, 3084.696] 0.6461615238095239
[1.0, 1.0, 0.0, 1.0, 1.0, 1.0, 0.0, 1.0, 1.0, 0.0, 0.0, 1.0, 1.0, 0.0, 0.0, 1.0, 0.0, 1.0, 0.0, 0.0, 0.0, 0.0, 1.0, 0.0, 0.0, 1.0, 0.0, 1.0, 1.0, 0.0, 0.0, 526.008] 0.4024769523809524
[1.0, 0, 1.0, 0, 1, 0, 0, 1, 1, 0, 0.0, 1.0, 1, 0, 0, 0.0, 0.0, 0, 0.0, 0, 0.0, 0.0, 1, 1.0, 0.0, 1, 0.0, 1, 0, 0.0, 0.0, 4014.67] 0.7347304761904763
[1.0, 0, 1, 0.0, 0, 0.0, 0.0, 1.0, 0.0, 0.0, 1.0, 1.0, 1, 0, 1.0, 0, 0.0, 0, 0.0, 0.0, 0.0, 0.0, 1.0, 1.0, 0.0, 1.0, 0.0, 1.0, 0.0, 0, 0.0, 4047.816] 0.7378872380952382
[1, 0, 1, 0.0, 1.0, 0.0, 0.0, 1, 0.0, 0.0, 0.0, 1, 1.0, 1.0, 1.0, 0.0, 0.0, 0.0, 0.0, 0.0, 1.0, 0.0, 0.0, 1.0, 0.0, 0.0, 0.0, 1.0, 0.0, 0.0, 0.0, 4698.032] 0.7998125714285715
[1.0, 1.0, 0.0, 0.0, 1.0, 1.0, 1.0, 1.0, 1.0, 0.0, 0.0, 1.0, 1.0, 1.0, 0.0, 1.0, 0.0, 1.0, 0.0, 0.0, 1.0, 0.0, 0.0, 0.0, 0.0, 0.0, 0.0, 0.0, 0.0, 0.0, 0.0, 1215.216] 0.46811580952380955
[1.0, 0.0, 0, 0, 0.0, 0, 0.0, 0.0, 0.0, 0.0, 0.0, 1.0, 1.0, 0.0, 0.0, 0, 0.0, 0, 0.0, 0.0, 0, 0.0, 1.0, 1.0, 0.0, 0, 0.0, 1, 0.0, 0.0, 0.0, 2755.222] 0.6147830476190477
[1.0, 1.0, 1.0, 0.0, 0.0, 0, 0, 1.0, 0.0, 0.0, 1.0, 1.0, 1.0, 0.0, 1.0, 0.0, 0.0, 0.0, 0.0, 0.0, 1.0, 0.0, 0.0, 1.0, 0.0, 0.0, 0.0, 1.0, 0.0, 0.0, 0.0, 4685.064] 0.7985775238095238
[1.0, 1.0, 1.0, 1.0, 0.0, 0.0, 0.0, 1.0, 0.0, 0.0, 1.0, 1.0, 1.0, 0.0, 0.0, 0.0, 0.0, 1.0, 1.0, 0.0, 0.0, 1.0, 0.0, 1.0, 0.0, 0.0, 0.0, 0.0, 0.0, 0.0, 0.0, 4217.906] 0.7540862857142858
