[1.0, 0.0, 0.0, 0.0, 0.0, 0.0, 3.0, 0.0, 2.0, 8.0, 32.0, 64.0] 0.30735095413061514
[1.0, 1.0, 1.0, 0.0, 0.0, 0.0, 3.0, 0.0, 4.0, 0.0, 0.0, 0.0] 0.10691003911342895
[1.0, 0.0, 1.0, 1.0, 1.0, 0.0, 3.0, 0.0, 2.0, 16.0, 16.0, 128.0] 0.18010193196633872
[1, 0, 1, 1, 1, 0, 2, 0, 1, 16, 10, 64] 0.25654616569870814
[1.0, 0.0, 0.0, 0.0, 0.0, 1.0, 3.0, 0.0, 1.0, 10.0, 16.0, 16.0] 0.27162261467346216
[1.0, 0.0, 0.0, 0.0, 0.0, 0.0, 2.0, 0.0, 1.0, 16.0, 20.0, 0.0] 0.2469408557544151
[1, 0, 1, 1, 1, 0, 1, 0, 3, 10, 10, 64] 0.3271210145786417
[1, 1, 1, 0, 0, 1, 4, 0, 2, 8, 8, 32] 0.45313000000000014
[1.0, 1.0, 0.0, 0.0, 0.0, 0.0, 2.0, 0.0, 4.0, 8.0, 10.0, 10.0] 0.35301647505037337
[1, 0, 0, 0, 0, 0, 4, 0, 3, 10, 8, 128] 0.48285999999999996
[1, 1, 1, 1, 1, 0, 1, 0, 2, 8, 10, 32] 0.3378167595116748
[1.0, 0.0, 0.0, 0.0, 0.0, 0.0, 3.0, 0.0, 3.0, 10.0, 8.0, 0.0] 0.43411
[1.0, 1.0, 0.0, 0.0, 0.0, 0.0, 4.0, 0.0, 2.0, 10.0, 16.0, 0.0] 0.23761052506815217
[1.0, 1.0, 1.0, 1.0, 1.0, 1.0, 2.0, 0.0, 2.0, 16.0, 8.0, 128.0] 0.21134526490458694
[1, 0, 1, 1, 1, 0, 3, 0, 1, 8, 8, 128] 0.66469
[1.0, 1.0, 1.0, 1.0, 1.0, 0.0, 1.0, 0.0, 2.0, 10.0, 8.0, 64.0] 0.331293113665995
[1, 0, 0, 0, 0, 1, 2, 0, 3, 10, 8, 64] 0.35938840820196755
[1.0, 0.0, 1.0, 1.0, 1.0, 0.0, 4.0, 0.0, 1.0, 16.0, 8.0, 16.0] 0.2488277823871044
[1.0, 1.0, 1.0, 1.0, 1.0, 0.0, 3.0, 0.0, 1.0, 16.0, 10.0, 0.0] 0.2008296787957805
[1.0, 0.0, 0.0, 0.0, 0.0, 1.0, 2.0, 0.0, 1.0, 10.0, 8.0, 20.0] 0.42921999999999993
[1.0, 0.0, 1.0, 1.0, 1.0, 0.0, 3.0, 0.0, 2.0, 16.0, 8.0, 20.0] 0.2699822211686619
[1.0, 0.0, 0.0, 0.0, 0.0, 1.0, 4.0, 0.0, 1.0, 8.0, 8.0, 32.0] 0.8733299999999999
[1.0, 0.0, 1.0, 1.0, 1.0, 0.0, 3.0, 0.0, 3.0, 16.0, 10.0, 0.0] 0.24365058670143422
[1.0, 1.0, 1.0, 0.0, 0.0, 1.0, 3.0, 0.0, 2.0, 8.0, 10.0, 128.0] 0.3604978072774683
[1.0, 1.0, 1.0, 1.0, 1.0, 0.0, 3.0, 0.0, 3.0, 8.0, 20.0, 0.0] 0.2417731421121252
[1.0, 0.0, 0.0, 0.0, 0.0, 0.0, 3.0, 0.0, 4.0, 8.0, 8.0, 8.0] 0.6319300000000001
[1.0, 1.0, 0.0, 0.0, 0.0, 0.0, 3.0, 0.0, 4.0, 8.0, 20.0, 32.0] 0.2245916795069338
[1.0, 0.0, 0.0, 0.0, 0.0, 0.0, 1.0, 0.0, 2.0, 16.0, 8.0, 10.0] 0.2798435462842243
[1, 0, 0, 0, 0, 1, 3, 0, 1, 8, 10, 16] 0.8298100000000002
[1, 1, 0, 0, 0, 0, 3, 0, 2, 10, 10, 64] 0.29896882778238715
