[1.0, 1.0, 0.0, 1.0, 1.0, 1.0, 1.0, 0.0, 0.0, 1.0, 1.0, 1.0] 0.9511917532789164
[0.0, 1.0, 0.0, 1.0, 1.0, 1.0, 1.0, 1.0, 0.0, 0.0, 1.0, 1.0] 0.9392674804518719
[0, 1, 1, 1, 1, 1, 1, 1, 0, 1, 1, 1] 0.9387857743164582
[0, 1, 1, 1, 0, 1, 1, 0, 0, 1, 0, 0] 0.015600513176113514
[] 0
[1.0, 1.0, 1.0, 1.0, 1.0, 1.0, 1.0, 1.0, 0.0, 0.0, 1.0, 1.0] 0.9586823867564126
[0, 1, 1, 1, 1, 1, 1, 1, 1, 1, 1, 1] 0.952653053960381
[1, 1, 0, 1, 1, 1, 1, 1, 0, 1, 1, 1] 0.9510774285966128
[0, 1, 0, 1, 0, 1, 1, 0, 0, 1, 0, 1] 0.00615329112956672
[0, 1, 1, 1, 1, 1, 1, 0, 1, 0, 1, 0] 0.9651959045650491
[1, 1, 1, 1, 1, 1, 1, 1, 0, 0, 1, 0] 0.9566341590754419
[1, 1, 1, 1, 1, 1, 1, 0, 0, 1, 1, 1] 0.9746192325241609
[1, 1, 1, 1, 1, 1, 1, 1, 0, 0, 0, 1] 0.9445128077812491
[1, 1, 1, 1, 1, 1, 1, 1, 0, 0, 0, 1] 0.9445128077812491
[0.0, 1.0, 0.0, 1.0, 1.0, 1.0, 1.0, 0.0, 1.0, 0.0, 1.0, 1.0] 0.9327655968745469
[0.0, 1.0, 1.0, 1.0, 1.0, 1.0, 1.0, 0.0, 1.0, 0.0, 1.0, 1.0] 0.9549647718568041
[] 0
[0.0, 1.0, 0.0, 1.0, 1.0, 1.0, 0.0, 0.0, 0.0, 0.0, 1.0, 1.0] 0.004831545205377581
[1, 1, 1, 1, 1, 1, 1, 0, 1, 1, 0, 1] 0.9164481197716499
[1, 1, 0, 1, 1, 1, 1, 1, 1, 1, 0, 0] 0.9529048790229773
[0.0, 1.0, 1.0, 1.0, 1.0, 1.0, 0.0, 0.0, 0.0, 0.0, 1.0, 0.0] 0.031568576403537746
[0, 1, 1, 1, 1, 1, 0, 1, 0, 1, 0, 0] 0.02551028744154679
[0, 1, 1, 1, 1, 1, 0, 0, 0, 0, 0, 0] 0.047827163750573325
[0, 1, 0, 1, 1, 1, 0, 1, 1, 0, 0, 1] 0.0034879623128022345
[0, 1, 0, 1, 0, 1, 1, 1, 1, 0, 0, 0] 0.013113785619607351
[1, 1, 1, 1, 1, 1, 1, 1, 1, 0, 0, 1] 0.9572365906529772
[1, 1, 1, 1, 1, 1, 1, 1, 1, 1, 0, 1] 0.9212965433028154
[1, 1, 1, 1, 1, 1, 1, 0, 0, 0, 0, 1] 0.9186991515591872
[1, 1, 0, 1, 1, 1, 1, 1, 1, 1, 1, 1] 0.9323982875717085
[0, 1, 0, 1, 0, 1, 1, 1, 1, 0, 0, 0] 0.013113785619607351
