[1.0, 1.0, 0.0, 1.0, 1.0, 0.0, 1.0, 0.0, 0.0, 0.0, 1.0, 1.0] 0.5185551780000001
[0, 1, 0, 1, 0, 1, 1, 1, 1, 1, 0, 1] 0.6830996659999999
[0.0, 1.0, 0.0, 1.0, 1.0, 0.0, 1.0, 0.0, 0.0, 0.0, 1.0, 1.0] 0.547277618
[1.0, 1.0, 0.0, 1.0, 0.0, 1.0, 1.0, 1.0, 0.0, 1.0, 0.0, 1.0] 0.672985844
[1.0, 1.0, 1.0, 1.0, 0.0, 1.0, 1.0, 1.0, 0.0, 0.0, 0.0, 0.0] 0.667010216
[0.0, 1.0, 0.0, 1.0, 0.0, 1.0, 1.0, 1.0, 0.0, 1.0, 0.0, 0.0] 0.6892767580000001
[1, 1, 1, 1, 1, 0, 0, 0, 1, 0, 1, 1] 0.07960328713120896
[0.0, 1.0, 0.0, 1.0, 0.0, 1.0, 1.0, 0.0, 0.0, 0.0, 1.0, 0.0] 0.6823964979999999
[1, 1, 1, 1, 0, 1, 1, 0, 1, 0, 1, 0] 0.6802108279999999
[1, 1, 0, 1, 1, 1, 1, 1, 1, 0, 0, 1] 0.500180168
[1, 1, 1, 1, 1, 0, 1, 0, 1, 0, 0, 1] 0.4991423839999999
[1.0, 0.0, 0.0, 1.0, 1.0, 1.0, 1.0, 1.0, 0.0, 1.0, 0.0, 1.0] 0.1849070543510797
[0, 1, 0, 1, 0, 1, 1, 0, 1, 1, 0, 1] 0.6867518480000001
[0.0, 1.0, 0.0, 1.0, 0.0, 1.0, 1.0, 0.0, 1.0, 0.0, 0.0, 1.0] 0.662419162
[1, 0, 0, 1, 1, 1, 1, 0, 0, 1, 0, 1] 0.17013132048662727
[1, 1, 1, 1, 0, 1, 1, 0, 1, 0, 1, 0] 0.6802108279999999
[1, 1, 1, 1, 1, 0, 1, 0, 1, 0, 0, 1] 0.4991423839999999
[0.0, 1.0, 0.0, 1.0, 0.0, 1.0, 1.0, 0.0, 1.0, 0.0, 0.0, 1.0] 0.662419162
[0.0, 1.0, 0.0, 1.0, 1.0, 0.0, 1.0, 0.0, 0.0, 0.0, 1.0, 1.0] 0.547277618
[1.0, 0.0, 0.0, 1.0, 1.0, 1.0, 1.0, 1.0, 0.0, 1.0, 0.0, 1.0] 0.1849070543510797
[1.0, 1.0, 0.0, 1.0, 0.0, 1.0, 1.0, 1.0, 0.0, 1.0, 0.0, 1.0] 0.672985844
[1.0, 1.0, 0.0, 1.0, 1.0, 0.0, 1.0, 0.0, 0.0, 0.0, 1.0, 1.0] 0.5185551780000001
[0.0, 1.0, 0.0, 1.0, 0.0, 1.0, 1.0, 0.0, 0.0, 1.0, 0.0, 1.0] 0.691212496
[1, 0, 0, 1, 1, 1, 1, 0, 0, 1, 0, 1] 0.17013132048662727
[1, 0, 1, 1, 1, 1, 1, 1, 1, 0, 0, 0] 0.18043861929786004
[1, 1, 0, 1, 1, 1, 1, 1, 1, 0, 0, 1] 0.500180168
[0.0, 1.0, 0.0, 1.0, 0.0, 1.0, 1.0, 1.0, 0.0, 1.0, 0.0, 0.0] 0.6892767580000001
[1.0, 1.0, 1.0, 1.0, 0.0, 1.0, 1.0, 1.0, 0.0, 0.0, 0.0, 0.0] 0.667010216
[0, 1, 0, 1, 0, 1, 1, 0, 1, 1, 0, 1] 0.6867518480000001
[1, 1, 1, 1, 1, 0, 0, 0, 1, 0, 1, 1] 0.07960328713120896
[0, 1, 0, 1, 0, 1, 1, 1, 1, 1, 0, 1] 0.6830996659999999
[0.0, 0.0, 0.0, 1.0, 1.0, 1.0, 1.0, 0.0, 0.0, 1.0, 0.0, 1.0] 0.2494756623636997
[0.0, 1.0, 0.0, 1.0, 0.0, 1.0, 1.0, 1.0, 1.0, 1.0, 1.0, 1.0] 0.6845256860000001
[0.0, 1.0, 0.0, 1.0, 0.0, 1.0, 1.0, 0.0, 0.0, 0.0, 1.0, 0.0] 0.6823964979999999
[0, 0, 0, 1, 0, 1, 0, 1, 0, 1, 1, 1] 0.0
[1.0, 1.0, 0.0, 1.0, 1.0, 1.0, 0.0, 0.0, 0.0, 0.0, 1.0, 1.0] 0.6757826800000002
[0.0, 1.0, 1.0, 1.0, 0.0, 1.0, 1.0, 1.0, 1.0, 1.0, 0.0, 0.0] 0.664338656
[1.0, 1.0, 1.0, 1.0, 1.0, 0.0, 0.0, 1.0, 1.0, 1.0, 1.0, 0.0] 0.06738589577498257
[1.0, 1.0, 0.0, 1.0, 1.0, 1.0, 0.0, 0.0, 1.0, 0.0, 0.0, 0.0] 0.663085632
[0.0, 1.0, 0.0, 1.0, 1.0, 1.0, 1.0, 1.0, 0.0, 1.0, 1.0, 0.0] 0.9947727616968025
[1.0, 1.0, 0.0, 1.0, 1.0, 0.0, 1.0, 0.0, 1.0, 0.0, 0.0, 1.0] 0.533156094
[1.0, 1.0, 0.0, 1.0, 1.0, 0.0, 0.0, 1.0, 1.0, 0.0, 0.0, 1.0] 0.07605026148101902
[1.0, 1.0, 0.0, 1.0, 0.0, 1.0, 1.0, 1.0, 0.0, 1.0, 0.0, 1.0] 0.672985844
[0, 0, 1, 1, 0, 1, 1, 0, 1, 1, 1, 1] 0.027013701842503113
[1, 0, 0, 1, 0, 0, 0, 1, 1, 1, 0, 0] 0.0
