[0.0, 0.0, 1.0, 1.0, 0.0, 0, 1.0, 0.0, 0.0, 1.0, 0.0, 0, 1.0, 1, 0.0, 0.0, 0.0, 10.0, 7.2] 0.7868965517241379
[0.0, 0.0, 1.0, 1.0, 0.0, 1.0, 1.0, 0.0, 0.0, 1.0, 0.0, 1, 1.0, 1.0, 0.0, 0.0, 0.0, 10.0, 7.54] 0.8572413793103447
[0, 0.0, 0.0, 1, 0.0, 0.0, 0.0, 0.0, 0.0, 1.0, 0.0, 0.0, 0.0, 1.0, 0.0, 0.0, 0.0, 10.0, 4.68] 0.14220779220779212
[0, 0.0, 1.0, 1.0, 0.0, 1.0, 1, 0.0, 0.0, 0.0, 0.0, 1, 1.0, 0.0, 0.0, 0.0, 1.0, 10, 6.75] 0.6906976744186045
[0.0, 0.0, 1.0, 1.0, 0.0, 0.0, 1.0, 0.0, 0.0, 1.0, 0.0, 0.0, 1.0, 1.0, 0.0, 0.0, 0.0, 10.0, 7.2] 0.7868965517241379
[0.0, 1.0, 0.0, 0.0, 0.0, 0.0, 1.0, 0.0, 0.0, 1.0, 1.0, 1.0, 0.0, 0.0, 0.0, 0.0, 0.0, 10.0, 3.01] 0
[0.0, 0, 1, 1.0, 0.0, 1.0, 1, 0.0, 0, 1.0, 0.0, 1.0, 0.0, 1.0, 0.0, 0, 0.0, 10.0, 7.77] 0.9048275862068964
[0.0, 1.0, 0, 1.0, 0.0, 1.0, 0.0, 0.0, 0.0, 0.0, 0.0, 0.0, 1.0, 1.0, 0.0, 0.0, 1.0, 10, 4.98] 0.2006493506493507
[0.0, 0.0, 1.0, 1.0, 0, 0, 0, 0.0, 0.0, 1.0, 0, 1, 0, 1.0, 0.0, 0.0, 0.0, 10.0, 7.82] 0.9151724137931034
[0.0, 0.0, 0.0, 1.0, 0.0, 0.0, 0.0, 0.0, 1.0, 1.0, 0.0, 1.0, 0.0, 1.0, 0.0, 0.0, 0.0, 10.0, 4.97] 0.1987012987012986
[0.0, 0.0, 0, 1, 0.0, 0.0, 0.0, 0.0, 0.0, 1.0, 0.0, 0.0, 0.0, 1.0, 1.0, 0.0, 0.0, 10.0, 7.39] 0.826206896551724
[0.0, 0.0, 0.0, 1.0, 0.0, 1.0, 0, 0.0, 0, 0.0, 0, 0.0, 1.0, 1, 1, 0.0, 1.0, 10.0, 7.47] 0.842758620689655
[0.0, 0.0, 1.0, 1, 0.0, 1.0, 1.0, 0.0, 0.0, 1.0, 0.0, 1.0, 0.0, 1.0, 0.0, 0.0, 0.0, 10, 7.77] 0.9048275862068964
[0.0, 0, 0.0, 1.0, 0.0, 0.0, 1.0, 0.0, 0.0, 0.0, 0.0, 1.0, 0.0, 0.0, 1.0, 0.0, 1.0, 10.0, 6.31] 0.5542635658914726
[0.0, 0.0, 0, 1.0, 0.0, 1.0, 1.0, 0.0, 0.0, 1.0, 0.0, 0, 1.0, 1, 0.0, 0.0, 0.0, 10.0, 5.25] 0.25324675324675316
[0.0, 0.0, 0.0, 1, 0.0, 1.0, 1.0, 0.0, 0, 0.0, 0.0, 1, 0.0, 1.0, 0.0, 1.0, 0.0, 10.0, 5.14] 0.2318181818181817
[0.0, 0.0, 0.0, 1.0, 0.0, 0.0, 0.0, 0.0, 0.0, 0.0, 0.0, 1, 0.0, 0.0, 0.0, 0.0, 1.0, 10.0, 4.53] 0.11298701298701298
[0.0, 0.0, 0.0, 1.0, 0.0, 1.0, 0.0, 0.0, 1.0, 0.0, 0.0, 1.0, 0.0, 1, 0.0, 1.0, 0.0, 10.0, 4.93] 0.1909090909090908
[0.0, 0.0, 0.0, 1, 0.0, 0.0, 0.0, 0.0, 0.0, 1, 0.0, 1.0, 0.0, 0, 1, 0.0, 0.0, 10.0, 6.15] 0.5046511627906977
[0.0, 0.0, 0.0, 1.0, 0.0, 0.0, 1.0, 0.0, 0, 0.0, 0.0, 1, 0.0, 1, 1.0, 1.0, 0.0, 10.0, 7.09] 0.7641379310344827
[0.0, 0.0, 0.0, 1.0, 0.0, 1.0, 1.0, 0.0, 0.0, 0.0, 0.0, 0.0, 0.0, 1.0, 1.0, 0.0, 1.0, 10.0, 7.46] 0.8406896551724137
[0.0, 0, 1.0, 1.0, 0.0, 0.0, 0, 0.0, 0.0, 0, 0.0, 1.0, 0.0, 1.0, 0.0, 0.0, 1.0, 10, 7.61] 0.8717241379310345
[0.0, 0.0, 0.0, 1.0, 0.0, 1.0, 1, 0.0, 0.0, 0.0, 0.0, 1.0, 0.0, 1.0, 1, 0, 1.0, 10.0, 7.13] 0.7724137931034482
[0.0, 0.0, 0.0, 1.0, 0.0, 0.0, 0.0, 0.0, 1.0, 1.0, 0.0, 1.0, 0.0, 1.0, 0, 0.0, 0.0, 10.0, 4.97] 0.1987012987012986
[0.0, 0.0, 1.0, 1.0, 0.0, 1.0, 0.0, 0.0, 0.0, 0.0, 0.0, 1.0, 1.0, 1, 0.0, 0.0, 1.0, 10.0, 7.53] 0.8551724137931034
[0.0, 0.0, 0.0, 1.0, 0.0, 0.0, 1.0, 0.0, 0.0, 1.0, 0, 1.0, 0.0, 1.0, 1.0, 0.0, 0.0, 10.0, 7.51] 0.8510344827586206
[0.0, 0.0, 0.0, 1.0, 0.0, 1.0, 0.0, 0.0, 0.0, 0.0, 0.0, 0.0, 0.0, 1.0, 0.0, 0, 1.0, 10.0, 4.59] 0.1246753246753246
[0.0, 0.0, 1, 1.0, 0.0, 1.0, 1.0, 0.0, 0.0, 1.0, 0.0, 0.0, 1.0, 1, 0.0, 0.0, 0.0, 10.0, 7.21] 0.7889655172413792
[0.0, 0.0, 0.0, 1.0, 0.0, 0.0, 0.0, 0.0, 0.0, 1.0, 0.0, 0.0, 1.0, 1.0, 1.0, 0, 0.0, 10.0, 6.73] 0.6844961240310078
[0.0, 0.0, 1.0, 1.0, 0.0, 0.0, 0.0, 0.0, 0.0, 0.0, 0, 0.0, 0.0, 0.0, 0.0, 1.0, 0.0, 10.0, 6.19] 0.5170542635658915
