[1, 0.0, 0.0, 0, 0, 0, 4, 0, 2, 8.0, 8, 0, 19707.8] 0.9373857142857142
[1.0, 0.0, 1.0, 1, 1.0, 0, 1, 0.0, 2, 8.0, 8.0, 0, 16509.6] 0.4
[1.0, 0.0, 0, 0, 0.0, 0.0, 3, 0, 1.0, 8.0, 10, 0, 18899.0] 0.7640714285714285
[1.0, 0.0, 0.0, 0.0, 0.0, 0.0, 3.0, 0.0, 1.0, 10.0, 10.0, 64.0, 15373.8] 0.11844999999999982
[1, 0.0, 0, 0.0, 0.0, 0, 4, 0, 2, 8.0, 8, 0, 19707.8] 0.9373857142857142
[1.0, 0.0, 1.0, 0.0, 0.0, 0.0, 2.0, 0.0, 3.0, 20.0, 64.0, 128.0, 7448.4] 0
[1.0, 0, 0, 0.0, 0.0, 0, 4, 0.0, 2.0, 8, 8, 0, 19707.8] 0.9373857142857142
[1, 0, 0.0, 0.0, 0.0, 0, 4, 0.0, 2, 8, 8.0, 0, 19707.8] 0.9373857142857142
[1.0, 0.0, 1.0, 1.0, 1.0, 0.0, 2.0, 0.0, 3.0, 32.0, 0.0, 10.0, 6599.8] 0
[1, 0, 0.0, 0.0, 0.0, 0, 4, 0.0, 2.0, 8.0, 8.0, 0.0, 19707.8] 0.9373857142857142
[1.0, 0.0, 0.0, 0, 0, 0.0, 4, 0.0, 2, 8.0, 8.0, 0, 19707.8] 0.9373857142857142
[1.0, 0.0, 0, 0, 0.0, 0, 4, 0.0, 2, 8, 8.0, 0, 19707.8] 0.9373857142857142
[1, 0, 1.0, 1.0, 1, 0.0, 1, 0.0, 1.0, 8.0, 8.0, 128, 16310.0] 0.35250000000000004
[1, 0.0, 0, 0.0, 0.0, 0, 4, 0.0, 2, 8.0, 8.0, 0, 19707.8] 0.9373857142857142
[1, 0.0, 0, 0.0, 0, 0.0, 4, 0.0, 2.0, 8.0, 8.0, 128.0, 19600.2] 0.9143285714285716
[1.0, 0, 0, 0, 0, 0, 4, 0.0, 2, 8, 8, 0, 19707.8] 0.9373857142857142
[1.0, 1.0, 1.0, 0.0, 0.0, 1.0, 3.0, 0.0, 4.0, 10.0, 10.0, 64.0, 11837.2] 0
[1, 0, 0, 0, 0.0, 0, 4, 0.0, 2, 8.0, 8.0, 0, 19707.8] 0.9373857142857142
[1, 0.0, 0, 0, 0, 0, 4, 0, 2, 8, 8, 0, 19707.8] 0.9373857142857142
[1.0, 0.0, 0, 0.0, 0.0, 0.0, 4.0, 0.0, 2.0, 8.0, 8.0, 0.0, 19707.8] 0.9373857142857142
[1.0, 0.0, 0.0, 0.0, 0.0, 0, 4.0, 0.0, 2.0, 8.0, 8.0, 0, 19707.8] 0.9373857142857142
[1.0, 1.0, 1.0, 0.0, 0.0, 1.0, 4.0, 0.0, 4.0, 16.0, 8.0, 0.0, 9967.0] 0
[1, 0, 0.0, 0, 0.0, 0.0, 4, 0, 2, 8, 8, 0, 19707.8] 0.9373857142857142
[1.0, 1.0, 0.0, 0.0, 0.0, 0.0, 1.0, 0.0, 1.0, 10.0, 128.0, 128.0, 8287.8] 0
[1.0, 1.0, 1.0, 0.0, 0.0, 1.0, 3.0, 0.0, 1.0, 16.0, 32.0, 8.0, 6392.0] 0
[1.0, 0.0, 0.0, 0, 0, 0.0, 4, 0.0, 1.0, 10.0, 8, 0, 17556.0] 0.4762857142857143
[1.0, 0.0, 0.0, 0.0, 0.0, 1.0, 3, 0.0, 2.0, 8.0, 8.0, 0.0, 18254.0] 0.6258571428571429
[1.0, 0.0, 1.0, 1.0, 1.0, 1.0, 3.0, 0.0, 2.0, 8, 8.0, 0, 16305.0] 0.35125000000000006
[1, 0, 1, 0.0, 0.0, 0.0, 2.0, 0.0, 2.0, 8.0, 8.0, 64.0, 16724.4] 0.4
[1, 0, 0, 0, 0, 0, 4, 0.0, 2, 8, 8.0, 0.0, 19707.8] 0.9373857142857142
