[1.0, 0.0, 0.0, 0.0, 0, 0.0, 3.0, 0.0, 1.0, 8.0, 8, 0, 19673.8] 0.9300999999999998
[1, 0, 0.0, 0.0, 0.0, 0, 4, 0, 2, 8, 8, 0.0, 19707.8] 0.9373857142857142
[1, 0, 0, 0, 0.0, 0, 4, 0, 2, 8.0, 8, 0, 19707.8] 0.9373857142857142
[1.0, 0.0, 0.0, 0.0, 0.0, 0, 4, 0.0, 2, 8.0, 8.0, 0, 19707.8] 0.9373857142857142
[1.0, 1.0, 1.0, 1.0, 1.0, 0.0, 1.0, 0.0, 2.0, 16.0, 0.0, 20.0, 6890.8] 0
[1.0, 1.0, 1.0, 0.0, 0.0, 1.0, 3.0, 0.0, 4.0, 128.0, 0.0, 8.0, 8604.8] 0
[1.0, 0.0, 0.0, 0.0, 0.0, 0.0, 3, 0.0, 1, 8.0, 8, 0.0, 19673.8] 0.9300999999999998
[1, 0, 0.0, 0.0, 0.0, 0.0, 4, 0.0, 2.0, 8.0, 8.0, 0.0, 19707.8] 0.9373857142857142
[1.0, 0.0, 1.0, 0.0, 0.0, 1.0, 3.0, 0.0, 1.0, 64.0, 8.0, 32.0, 7561.8] 0
[1.0, 0.0, 1.0, 0.0, 0.0, 0.0, 3.0, 0.0, 3.0, 0.0, 0.0, 10.0, 8071.0] 0
[1.0, 0.0, 0.0, 0, 0, 0.0, 4, 0, 2, 8.0, 8.0, 0, 19707.8] 0.9373857142857142
[1.0, 0.0, 0.0, 0.0, 0.0, 0.0, 4.0, 0.0, 1.0, 10.0, 8, 10.0, 16279.6] 0.3449000000000001
[1, 0, 0, 0.0, 0.0, 0.0, 4, 0.0, 2.0, 8, 8, 0, 19707.8] 0.9373857142857142
[1.0, 0.0, 1.0, 1.0, 1.0, 0.0, 3.0, 0.0, 2.0, 16.0, 16.0, 64.0, 9337.0] 0
[1, 0, 0.0, 0.0, 0, 0.0, 4.0, 0.0, 2, 8.0, 8.0, 0, 19707.8] 0.9373857142857142
[1, 0.0, 1.0, 1.0, 1.0, 0.0, 1, 0.0, 1, 8.0, 8, 0, 16523.4] 0.4
[1.0, 0.0, 0, 0.0, 0.0, 0.0, 4, 0.0, 2.0, 8.0, 8.0, 0, 19707.8] 0.9373857142857142
[1, 0, 0.0, 0.0, 0, 0, 4, 0.0, 2, 8.0, 8.0, 0.0, 19707.8] 0.9373857142857142
[1.0, 0.0, 1.0, 1.0, 1.0, 1.0, 3.0, 0.0, 1.0, 0.0, 128.0, 20.0, 7478.8] 0
[1.0, 1.0, 1.0, 1.0, 1.0, 1.0, 2.0, 0.0, 2.0, 20.0, 0.0, 0.0, 6367.0] 0
[1.0, 0.0, 0, 0, 0, 0.0, 4, 0.0, 2, 8.0, 8.0, 0.0, 19707.8] 0.9373857142857142
[1, 0, 0, 0, 0, 0, 4, 0, 2, 8.0, 8.0, 0, 19707.8] 0.9373857142857142
[1.0, 1.0, 1.0, 1.0, 1.0, 1.0, 3.0, 0.0, 3.0, 32.0, 16.0, 16.0, 6398.6] 0
[1, 0.0, 1.0, 1.0, 1.0, 1, 3.0, 0.0, 2, 8.0, 8.0, 64.0, 15819.8] 0.22994999999999985
[1, 0.0, 0, 0.0, 0, 0, 4, 0, 2, 8, 8, 0, 19707.8] 0.9373857142857142
[1.0, 0, 0.0, 0.0, 0.0, 0.0, 3.0, 0.0, 1, 8.0, 8, 0.0, 19673.8] 0.9300999999999998
[1.0, 0, 0.0, 0.0, 0.0, 0.0, 4, 0.0, 2.0, 8.0, 8.0, 0, 19707.8] 0.9373857142857142
[1, 0.0, 0, 0.0, 0.0, 0.0, 4, 0.0, 2, 8, 8, 0, 19707.8] 0.9373857142857142
[1.0, 0.0, 0, 0.0, 0.0, 0, 4.0, 0.0, 2.0, 8.0, 8, 0, 19707.8] 0.9373857142857142
[1, 0.0, 0.0, 0.0, 0.0, 0, 4, 0.0, 2, 8.0, 8.0, 0.0, 19707.8] 0.9373857142857142
