[1, 0, 1.0, 0, 0.0, 0, 2.0, 0, 2, 8, 8, 0.0, 16868.0] 0.4
[1, 0.0, 0.0, 0.0, 0.0, 0.0, 3, 0, 2, 8, 8.0, 0, 19692.2] 0.9340428571428573
[1.0, 0.0, 1, 1, 1.0, 0, 1, 0, 1.0, 8, 8.0, 0.0, 16523.4] 0.4
[1.0, 0.0, 1.0, 0.0, 0.0, 0, 2.0, 0.0, 2.0, 8, 8.0, 0, 16868.0] 0.4
[1, 0.0, 0.0, 0, 0.0, 0, 3, 0.0, 2, 8.0, 8.0, 0, 19692.2] 0.9340428571428573
[1, 0, 0.0, 0, 0, 0, 4, 0, 2, 8, 8, 0.0, 19707.8] 0.9373857142857142
[1.0, 0.0, 0.0, 0.0, 0.0, 1.0, 3, 0.0, 1.0, 8, 8.0, 128.0, 19133.6] 0.8143428571428568
[1.0, 0, 0.0, 0.0, 0.0, 0.0, 4.0, 0.0, 1.0, 10, 8, 0, 17556.0] 0.4762857142857143
[1, 0, 0, 0.0, 0, 0, 3.0, 0.0, 1, 8, 8.0, 0, 19673.8] 0.9300999999999998
[1, 0.0, 0, 0.0, 0.0, 0.0, 4, 0, 2.0, 10, 10.0, 128.0, 17254.4] 0.41165714285714317
[1, 0.0, 0, 0.0, 0, 0.0, 4, 0.0, 2, 8, 8, 0, 19707.8] 0.9373857142857142
[1, 0, 0, 0, 0, 0, 4, 0, 2, 8, 8, 0.0, 19707.8] 0.9373857142857142
[1, 0, 0.0, 0.0, 0, 0, 3.0, 0, 1.0, 8, 8, 0, 19673.8] 0.9300999999999998
[1.0, 0, 1.0, 0.0, 0.0, 0, 2.0, 0.0, 2, 8.0, 8, 64.0, 16724.4] 0.4
[1, 0, 0.0, 0.0, 0, 0, 4, 0.0, 2, 8.0, 8.0, 0, 19707.8] 0.9373857142857142
[1, 0, 0.0, 0.0, 0.0, 0.0, 4, 0.0, 2.0, 8, 8, 0, 19707.8] 0.9373857142857142
[1, 0, 0, 0, 0, 0, 3, 0, 2, 8.0, 8, 0, 19692.2] 0.9340428571428573
[1.0, 0, 0, 0.0, 0.0, 0.0, 4.0, 0.0, 2, 8, 8, 0, 19707.8] 0.9373857142857142
[1.0, 0.0, 0.0, 0.0, 0.0, 0.0, 4.0, 0.0, 2.0, 8.0, 8.0, 0.0, 19707.8] 0.9373857142857142
[1, 0, 1.0, 1.0, 1, 0, 1, 0, 2, 8, 8, 0, 16509.6] 0.4
[1.0, 0.0, 0, 0, 0.0, 0, 4, 0.0, 2, 8.0, 8, 0, 19707.8] 0.9373857142857142
[1.0, 0.0, 0, 0, 0.0, 0, 1.0, 0.0, 2.0, 8.0, 10, 0, 15331.6] 0.10790000000000009
[1.0, 0, 0, 0, 0, 0.0, 3, 0, 2, 8.0, 8, 0.0, 19692.2] 0.9340428571428573
[1.0, 0.0, 0.0, 0.0, 0.0, 0.0, 4.0, 0, 2, 8.0, 8, 0, 19707.8] 0.9373857142857142
[1.0, 0, 0.0, 0.0, 0, 0.0, 4, 0, 2, 8, 8, 64, 19505.4] 0.894014285714286
[1.0, 0, 0, 0.0, 0.0, 0, 3, 0.0, 1, 8.0, 10, 0, 18899.0] 0.7640714285714285
[1, 0, 0, 0, 0, 0, 3, 0.0, 1, 8.0, 8.0, 0, 19673.8] 0.9300999999999998
[1.0, 0, 0.0, 0.0, 0, 0.0, 4, 0.0, 2, 8.0, 8.0, 0, 19707.8] 0.9373857142857142
[1, 0, 0.0, 0, 0, 0, 3, 0.0, 2, 8.0, 8, 0.0, 19692.2] 0.9340428571428573
[1.0, 0.0, 0, 0.0, 0.0, 0, 3.0, 0.0, 1.0, 8, 8, 0, 19673.8] 0.9300999999999998
