[1.0, 1.0, 0.0, 0.0, 0.0, 0, 1.0, 0.0, 1, 0.0, 1.0, 0.0, 0.0, 1, 0.0, 0.0, 0.0, 1.0, 0.0, 1.0, 1.0, 1.0, 0.0, 0.0, 0.0, 0.0, 0.0, 0.0, 1.0, 1.0, 1.0, 0.0, 0.0, 0.0, 1.0, 0.0, 0.0, 5.236] 0.009595047717307195
[1.0, 1.0, 1.0, 0, 0.0, 0.0, 1.0, 0.0, 0.0, 0.0, 0.0, 0.0, 0.0, 0.0, 0.0, 1.0, 0.0, 0.0, 0.0, 0.0, 0.0, 0.0, 1.0, 0.0, 0, 0, 0.0, 0.0, 1.0, 1.0, 0.0, 0.0, 0.0, 0.0, 1.0, 1.0, 0.0, 4.94] 0.005777663141604339
[1, 0.0, 0.0, 0.0, 0.0, 1.0, 0.0, 0.0, 1, 0.0, 0.0, 0.0, 0, 0.0, 0.0, 0.0, 0.0, 0.0, 0.0, 1, 0, 0.0, 0.0, 0.0, 0.0, 0.0, 0, 0, 0.0, 0.0, 1.0, 0.0, 0, 0, 1, 0.0, 0.0, 8.344] 0.049677585762187254
[1.0, 1.0, 1.0, 0.0, 0.0, 0.0, 1.0, 0.0, 0.0, 0.0, 1.0, 0.0, 0.0, 0.0, 0.0, 0.0, 0.0, 0.0, 0.0, 1.0, 0.0, 1.0, 1.0, 1.0, 0.0, 1.0, 1.0, 0.0, 1.0, 1.0, 0.0, 0.0, 0.0, 0.0, 1.0, 0.0, 0.0, 4.246] 0
[1.0, 1, 0.0, 0, 0.0, 0.0, 0, 0.0, 0.0, 0, 0.0, 0.0, 0.0, 0.0, 0, 0.0, 1.0, 0.0, 0, 1.0, 0.0, 0.0, 0.0, 0.0, 0.0, 0.0, 0.0, 0.0, 1.0, 0, 1.0, 1.0, 0.0, 1.0, 0.0, 0.0, 0.0, 4.87] 0.0048749032757286585
[1.0, 1.0, 0.0, 0.0, 0.0, 0.0, 1.0, 1.0, 0.0, 0.0, 1.0, 0.0, 0.0, 0.0, 0.0, 0.0, 0.0, 1.0, 1.0, 1.0, 0.0, 0.0, 1.0, 1.0, 0.0, 0.0, 0.0, 1.0, 1.0, 0.0, 0.0, 0.0, 0.0, 0.0, 0.0, 0.0, 0.0, 3.302] 0
[1, 1.0, 1.0, 1.0, 0.0, 0.0, 1.0, 0.0, 0.0, 0.0, 1, 1.0, 0.0, 0.0, 0.0, 1.0, 0.0, 0.0, 0.0, 1.0, 0.0, 0.0, 1.0, 0.0, 1.0, 0.0, 0.0, 1.0, 1.0, 0.0, 0.0, 0.0, 0.0, 0.0, 1.0, 0.0, 0.0, 7.402] 0.03752901728140315
[1.0, 0.0, 0.0, 0, 0, 1, 0, 1.0, 1, 0, 0.0, 0.0, 0.0, 0.0, 0, 0.0, 0.0, 0.0, 0, 0.0, 0.0, 0.0, 0.0, 0.0, 0, 0.0, 0.0, 0, 0, 0.0, 0.0, 0.0, 0.0, 0, 1, 0.0, 0.0, 7.646] 0.04067578024245551
[1, 0.0, 0.0, 0.0, 0.0, 1.0, 0.0, 0.0, 1.0, 0.0, 0.0, 0.0, 0.0, 1.0, 0.0, 0.0, 0.0, 0.0, 0.0, 0.0, 0.0, 0.0, 0.0, 0.0, 0.0, 0.0, 0.0, 0.0, 0.0, 0.0, 1.0, 0.0, 1.0, 0.0, 1.0, 0.0, 0.0, 7.236] 0.03538818674232654
[1, 0.0, 0.0, 0.0, 0, 1.0, 0.0, 0.0, 0.0, 0.0, 0.0, 0, 0, 0.0, 0.0, 0.0, 0.0, 0, 0.0, 0.0, 0.0, 0.0, 0.0, 1.0, 0, 0.0, 0.0, 0.0, 0.0, 0, 1.0, 0.0, 0.0, 0.0, 1.0, 0.0, 0.0, 8.03] 0.04562806293525922
[1.0, 1.0, 0.0, 1.0, 0.0, 0.0, 1.0, 1.0, 1.0, 0.0, 1.0, 1.0, 1.0, 1.0, 0.0, 0.0, 0.0, 0.0, 0.0, 1.0, 1.0, 0.0, 0.0, 0.0, 0.0, 0.0, 0.0, 0.0, 1.0, 0.0, 0.0, 0.0, 1.0, 0.0, 0.0, 0.0, 0.0, 1.458] 0
[1.0, 0.0, 1.0, 0.0, 0.0, 0.0, 0.0, 0.0, 1.0, 1.0, 0.0, 1.0, 0.0, 0.0, 0.0, 0.0, 0.0, 0.0, 1.0, 0.0, 0.0, 0.0, 0.0, 0.0, 0.0, 0.0, 1.0, 0.0, 0.0, 0.0, 0.0, 0.0, 0.0, 0.0, 0.0, 0.0, 0.0, 1.686] 0
[1.0, 1.0, 0.0, 1, 0.0, 0.0, 1.0, 1.0, 1.0, 0.0, 1.0, 0.0, 0.0, 1.0, 0.0, 0.0, 0.0, 0.0, 0.0, 1.0, 1, 1.0, 0.0, 0.0, 0.0, 0.0, 0, 0.0, 1.0, 0.0, 0.0, 0.0, 1.0, 0.0, 1.0, 0, 0.0, 7.742] 0.04191385091565644
[1.0, 0.0, 0.0, 0.0, 0.0, 1.0, 0.0, 0.0, 0.0, 0.0, 0, 0.0, 0, 0, 0.0, 0, 0.0, 0.0, 0, 0.0, 0, 0.0, 0.0, 1.0, 0.0, 0.0, 0.0, 0.0, 0.0, 0.0, 1, 0.0, 0, 0, 1.0, 0.0, 0, 8.03] 0.04562806293525922
[1, 1, 0.0, 0.0, 0.0, 0, 1, 0.0, 1.0, 0.0, 0.0, 0.0, 0.0, 0, 0.0, 0.0, 0, 0.0, 0.0, 1, 0, 0.0, 0.0, 0, 0.0, 0, 0, 0.0, 0, 0.0, 1.0, 1.0, 0.0, 1, 0, 0.0, 0.0, 5.592] 0.014186226463760637
[1.0, 1.0, 1.0, 0.0, 0.0, 0.0, 1.0, 0.0, 0.0, 0.0, 1.0, 1.0, 1.0, 0.0, 0.0, 0.0, 0.0, 1.0, 0.0, 0.0, 1.0, 0.0, 1.0, 1.0, 0.0, 0.0, 0.0, 0.0, 1.0, 0.0, 0.0, 0.0, 1.0, 0.0, 0.0, 0.0, 0.0, 1.454] 0
[1.0, 1.0, 0.0, 0.0, 0.0, 0.0, 1.0, 0.0, 0.0, 0.0, 1.0, 0, 0.0, 0.0, 0.0, 0.0, 0, 0.0, 0.0, 1.0, 0.0, 0.0, 0, 1.0, 0.0, 1, 0.0, 0.0, 1.0, 0.0, 1.0, 0.0, 0, 1, 0.0, 0.0, 0.0, 6.154] 0.021434098529791078
[1.0, 1.0, 1.0, 1, 0.0, 0.0, 1.0, 0.0, 0.0, 0, 1.0, 1.0, 0.0, 1.0, 0.0, 0.0, 0.0, 0.0, 0.0, 1.0, 0.0, 0.0, 0.0, 1.0, 1.0, 0.0, 0.0, 0.0, 1.0, 1.0, 0.0, 0.0, 0.0, 0.0, 1.0, 0.0, 0.0, 7.57] 0.039695640959504785
[1.0, 0.0, 0, 0.0, 0.0, 0.0, 0.0, 0, 0.0, 0.0, 0.0, 1.0, 0.0, 1, 0.0, 0, 0.0, 0.0, 0.0, 0.0, 1.0, 0.0, 0.0, 1.0, 0.0, 0.0, 0.0, 0, 0.0, 0.0, 1, 0.0, 1.0, 0.0, 1, 1.0, 0.0, 5.826] 0.017204023729687903
[1.0, 0.0, 0.0, 0.0, 0.0, 0.0, 0.0, 0.0, 0.0, 0, 0.0, 0.0, 0.0, 0, 0.0, 0, 1.0, 0.0, 0.0, 0.0, 0.0, 0.0, 0, 0.0, 0.0, 1, 0.0, 0, 0.0, 0.0, 1.0, 0.0, 0.0, 0.0, 1, 0.0, 0.0, 7.594] 0.040005158627805015
[1.0, 0.0, 0, 0.0, 0.0, 0.0, 0.0, 0.0, 1.0, 0.0, 0.0, 0.0, 0, 0.0, 0.0, 0.0, 0.0, 0.0, 0.0, 0, 0.0, 0.0, 0.0, 0.0, 0.0, 1, 0.0, 0.0, 0, 0.0, 1.0, 0.0, 0, 1.0, 0.0, 0, 0, 7.484] 0.03858653598142894
[1.0, 0, 0.0, 0.0, 0.0, 0.0, 0.0, 0.0, 0.0, 0.0, 0.0, 0.0, 0.0, 0.0, 0.0, 0, 0.0, 0.0, 0.0, 0.0, 0.0, 0.0, 0.0, 1.0, 0.0, 0.0, 0.0, 0.0, 0.0, 0.0, 1.0, 0, 0.0, 1.0, 0.0, 0.0, 1.0, 6.574] 0.026850657725045135
[1.0, 1.0, 0.0, 0.0, 0, 0, 1.0, 0.0, 0.0, 0.0, 1.0, 1, 0.0, 0.0, 0.0, 0.0, 0.0, 0, 0.0, 1.0, 0.0, 0.0, 1.0, 1.0, 1.0, 1, 0.0, 0.0, 1.0, 0.0, 1.0, 0.0, 1.0, 0.0, 1.0, 0.0, 0.0, 5.364] 0.011245808614908434
[1.0, 1.0, 0.0, 1.0, 0.0, 0.0, 1.0, 1.0, 1.0, 0.0, 1.0, 1.0, 0.0, 1.0, 0.0, 0.0, 0.0, 0.0, 0.0, 1.0, 0.0, 0.0, 0.0, 0.0, 0.0, 0.0, 1.0, 0.0, 1.0, 1.0, 0.0, 0.0, 0.0, 1.0, 0.0, 0.0, 0.0, 10.386] 0.07601238070673201
[1.0, 1.0, 1.0, 0.0, 0.0, 0, 0.0, 0.0, 1.0, 0.0, 0.0, 0.0, 0.0, 0.0, 0.0, 0.0, 0, 0.0, 0.0, 1.0, 0.0, 0.0, 1.0, 0.0, 0.0, 0.0, 0.0, 0.0, 1.0, 1.0, 0, 1.0, 0.0, 0.0, 1.0, 0.0, 0.0, 5.274] 0.010085117358782566
[1.0, 0.0, 1.0, 1.0, 0, 0.0, 0.0, 0.0, 0.0, 0.0, 1.0, 0.0, 0.0, 0.0, 0.0, 0, 0.0, 0.0, 0.0, 0.0, 0.0, 0.0, 0.0, 1.0, 0.0, 0, 0.0, 0.0, 0.0, 0.0, 0, 0, 0.0, 1.0, 0.0, 0.0, 0.0, 9.588] 0.06572091823574928
[1.0, 0.0, 1.0, 0.0, 0.0, 0.0, 0.0, 0.0, 0.0, 0.0, 0.0, 1.0, 0.0, 0.0, 0.0, 1.0, 0.0, 0.0, 1.0, 0.0, 1.0, 0.0, 0.0, 0.0, 0.0, 0.0, 0.0, 0.0, 0.0, 0.0, 0.0, 0.0, 0.0, 0.0, 0.0, 1.0, 0.0, 2.136] 0
[1.0, 0.0, 0.0, 0.0, 0.0, 0, 0, 0.0, 1, 0.0, 0.0, 0.0, 0.0, 0.0, 0, 0.0, 0.0, 0.0, 0.0, 0.0, 0.0, 0.0, 1.0, 0, 0.0, 0, 0.0, 1.0, 0.0, 0, 1.0, 0, 0.0, 0.0, 1, 0.0, 1.0, 6.998] 0.03231880319834925
[1.0, 1.0, 1.0, 1.0, 0.0, 0.0, 1.0, 0.0, 0.0, 0.0, 1.0, 1.0, 0.0, 1.0, 0.0, 0.0, 0.0, 0.0, 0.0, 1.0, 0.0, 0.0, 0.0, 1.0, 0.0, 0.0, 1.0, 0.0, 1.0, 1.0, 0.0, 0.0, 0.0, 1.0, 0.0, 0.0, 0.0, 10.156] 0.07304616971885479
[1.0, 0.0, 0.0, 0.0, 0.0, 0.0, 1.0, 1.0, 0.0, 1.0, 0.0, 0.0, 0.0, 0.0, 0.0, 0.0, 1.0, 0.0, 0.0, 1.0, 0.0, 0.0, 0.0, 0.0, 0.0, 0.0, 0.0, 0.0, 0.0, 0.0, 0.0, 0.0, 0.0, 1.0, 0.0, 0.0, 0.0, 4.25] 0
