[1.0, 0.0, 0.0, 0.0, 0.0, 0.0, 1.0, 0.0, 0.0, 0.0, 1.0, 0.0, 0.0, 0, 0.0, 0.0, 1.0, 1, 1.0, 1.0, 0.0, 1.0, 1.0, 0.0, 0.0, 0.0, 1.0, 0.0, 1.0, 0.0, 1.0, 0.0, 1.0, 0.0, 0.0, 0.0, 0.0, 2.568] 0
[1, 0.0, 0.0, 0.0, 0.0, 0.0, 0.0, 1.0, 0.0, 0.0, 1, 0.0, 0.0, 0, 0.0, 1.0, 0.0, 0.0, 0.0, 0, 0.0, 0.0, 0.0, 0.0, 0.0, 1.0, 0.0, 0.0, 0.0, 0.0, 0.0, 0.0, 0.0, 1.0, 0, 0.0, 0.0, 5.062] 0
[1, 0.0, 1.0, 0.0, 1.0, 0, 0.0, 0.0, 0.0, 0, 0.0, 0.0, 0.0, 0.0, 0.0, 0, 0, 0.0, 0.0, 0, 0.0, 0.0, 0.0, 1, 0.0, 0, 0.0, 0, 0.0, 0, 0.0, 0.0, 0, 1, 0.0, 0.0, 0.0, 3.974] 0
[1.0, 1.0, 0.0, 0.0, 0.0, 0.0, 1.0, 0.0, 0.0, 0.0, 1.0, 0.0, 0.0, 0.0, 0.0, 0, 0.0, 0.0, 0.0, 1.0, 0.0, 1.0, 1.0, 1.0, 1.0, 1.0, 0.0, 1.0, 1.0, 0.0, 1.0, 0.0, 0.0, 0.0, 1.0, 0.0, 0.0, 5.45] 0
[1.0, 1.0, 0.0, 0.0, 0.0, 0.0, 1.0, 1.0, 0.0, 0.0, 0.0, 0.0, 0.0, 1, 0.0, 0.0, 0.0, 0.0, 0.0, 1.0, 0, 1.0, 0.0, 1.0, 0, 0.0, 1.0, 0.0, 1.0, 0.0, 0.0, 0.0, 1.0, 0.0, 1.0, 1.0, 0.0, 4.614] 0
[1, 1.0, 0.0, 1.0, 0.0, 0, 1.0, 1.0, 0.0, 0.0, 1.0, 0.0, 0.0, 1.0, 0, 0, 1, 0.0, 0, 1.0, 1.0, 1.0, 0, 0, 0.0, 0, 0.0, 1.0, 1.0, 0.0, 0.0, 0.0, 0.0, 1, 0.0, 0, 0.0, 10.43] 0
[1.0, 1.0, 0.0, 0.0, 0.0, 0.0, 0.0, 0.0, 1.0, 0.0, 0.0, 0.0, 0.0, 0.0, 0.0, 0.0, 0.0, 0.0, 0.0, 1.0, 0.0, 0.0, 0.0, 0.0, 0.0, 0.0, 0, 0.0, 1.0, 0.0, 1.0, 1.0, 0.0, 1.0, 0.0, 0.0, 0.0, 5.294] 0
[1.0, 0.0, 0.0, 0.0, 0.0, 0.0, 0.0, 1.0, 0.0, 0.0, 1.0, 0.0, 0, 0.0, 0.0, 1.0, 0.0, 1.0, 0.0, 1.0, 0.0, 0.0, 0.0, 0.0, 0.0, 0.0, 0.0, 0.0, 1.0, 0.0, 0.0, 0.0, 0.0, 1.0, 0, 0.0, 0.0, 4.4] 0
[1.0, 0, 0, 0, 0.0, 1.0, 0.0, 1.0, 0.0, 0.0, 0, 0, 0, 0.0, 0, 0, 1.0, 0.0, 0.0, 0.0, 0, 0.0, 0, 0.0, 0.0, 0.0, 0.0, 0.0, 0.0, 0.0, 0.0, 0.0, 0, 1, 0.0, 0, 0, 5.164] 0
[1.0, 1.0, 0.0, 1.0, 0.0, 0.0, 1.0, 0.0, 0.0, 0.0, 1.0, 0.0, 0.0, 0.0, 0.0, 0.0, 0.0, 0.0, 1.0, 1.0, 0.0, 1.0, 0.0, 1, 0.0, 0.0, 1.0, 0.0, 1.0, 0, 1.0, 0.0, 0.0, 0.0, 0.0, 0.0, 0.0, 2.892] 0
[1.0, 1.0, 1.0, 1.0, 0.0, 0.0, 1, 0.0, 0.0, 0.0, 1.0, 0.0, 0.0, 0.0, 0, 0.0, 0.0, 0.0, 0.0, 1.0, 0.0, 1.0, 1.0, 1.0, 1.0, 0.0, 0.0, 0.0, 0.0, 1.0, 0.0, 0.0, 0.0, 0.0, 1.0, 0.0, 0.0, 7.534] 0
[1.0, 0.0, 1.0, 0.0, 0, 1, 0.0, 0.0, 1, 0.0, 0.0, 0.0, 0, 0.0, 0.0, 0.0, 0, 0.0, 0.0, 0.0, 0.0, 0.0, 0.0, 0.0, 0, 0.0, 0.0, 0.0, 0.0, 0.0, 0.0, 0.0, 0.0, 0, 1.0, 0.0, 0, 7.378] 0
[1, 0.0, 1.0, 0.0, 0.0, 0.0, 0.0, 0.0, 1.0, 0, 0.0, 0.0, 0.0, 0.0, 0.0, 0.0, 0.0, 0.0, 0.0, 0.0, 0.0, 0.0, 0.0, 0.0, 0.0, 1.0, 0.0, 0.0, 0.0, 0.0, 0.0, 0.0, 0.0, 1.0, 0.0, 0.0, 0.0, 5.664] 0
[1.0, 1.0, 1.0, 0.0, 0.0, 0.0, 0.0, 0.0, 0.0, 0.0, 0.0, 0.0, 0.0, 0.0, 0.0, 0.0, 0.0, 0.0, 0.0, 0.0, 0.0, 1.0, 0.0, 1.0, 0.0, 1.0, 1.0, 0.0, 0.0, 0.0, 0.0, 0.0, 0.0, 1.0, 0.0, 0, 0.0, 3.258] 0
[1.0, 1.0, 0.0, 1.0, 0.0, 0, 0.0, 0.0, 0.0, 0.0, 1.0, 0.0, 0.0, 0.0, 0.0, 1.0, 0.0, 0.0, 0.0, 1.0, 0, 0.0, 0.0, 0.0, 0.0, 0.0, 0.0, 0.0, 1.0, 0.0, 1.0, 0.0, 0.0, 1.0, 0.0, 0.0, 0.0, 1500.788] 0.800788
[1.0, 0.0, 0.0, 0.0, 0.0, 0.0, 0.0, 0.0, 0.0, 0.0, 0.0, 0.0, 0.0, 0.0, 0.0, 0.0, 1.0, 0.0, 0.0, 0.0, 0.0, 0.0, 0.0, 0.0, 0.0, 0.0, 0.0, 0.0, 0.0, 0.0, 1.0, 0.0, 0.0, 0.0, 1, 1.0, 0.0, 6.064] 0
[1.0, 0.0, 0.0, 0.0, 0.0, 0, 0.0, 0.0, 1.0, 0.0, 0.0, 1.0, 0.0, 0.0, 0.0, 0, 0.0, 0.0, 1.0, 1, 0.0, 0.0, 1, 0.0, 0.0, 0.0, 1.0, 1, 0.0, 0.0, 1.0, 0.0, 0.0, 0.0, 0.0, 1.0, 0.0, 3.076] 0
[1.0, 1.0, 1.0, 1.0, 0.0, 0, 1, 0, 1.0, 0.0, 1.0, 1.0, 0.0, 1, 0.0, 0.0, 0.0, 0.0, 0, 1.0, 1.0, 0.0, 0.0, 0.0, 0.0, 0.0, 0, 1, 1.0, 0.0, 0.0, 0, 0, 0.0, 1, 0.0, 0, 7.928] 0
[1, 0, 0, 0.0, 0, 0.0, 1.0, 0.0, 0, 0.0, 0.0, 0, 0, 0.0, 0.0, 1.0, 0.0, 0.0, 0.0, 1.0, 0.0, 0.0, 0.0, 0, 0, 0.0, 0, 0, 0.0, 0, 1, 1.0, 0.0, 1.0, 0.0, 0.0, 0.0, 4.954] 0
[1, 0, 0.0, 0.0, 0, 0.0, 0, 0, 0.0, 1, 0.0, 0.0, 0.0, 0, 0.0, 0, 0, 0, 1.0, 0.0, 0, 0, 0.0, 1, 0.0, 0.0, 0, 0.0, 0, 0.0, 1, 0.0, 0.0, 0, 0.0, 0.0, 0.0, 3.786] 0
[1.0, 0.0, 0.0, 0.0, 0.0, 0.0, 0.0, 1.0, 0, 0, 0.0, 0.0, 0.0, 0.0, 0, 0.0, 1.0, 0, 1.0, 1.0, 0.0, 1.0, 0, 0.0, 0.0, 0.0, 1.0, 0, 1.0, 0.0, 0, 1, 0.0, 0.0, 0.0, 0.0, 0.0, 1.628] 0
[1.0, 0.0, 1, 0.0, 0.0, 1.0, 0.0, 0.0, 0.0, 0.0, 0.0, 0.0, 0.0, 0.0, 0.0, 1.0, 0.0, 0.0, 0.0, 0.0, 0, 0.0, 0.0, 0.0, 0.0, 0.0, 0, 0.0, 0.0, 0.0, 0.0, 0.0, 0.0, 0.0, 1.0, 0.0, 0.0, 6.224] 0
[1, 0, 1.0, 0.0, 1.0, 0.0, 1.0, 0, 1.0, 0.0, 0.0, 0.0, 0.0, 1.0, 0.0, 0.0, 0.0, 0.0, 0.0, 0, 0.0, 0.0, 0.0, 0.0, 0.0, 0.0, 0.0, 0.0, 0.0, 0.0, 0.0, 0.0, 1.0, 0.0, 1.0, 0.0, 0.0, 4.696] 0
[1.0, 1.0, 1.0, 0.0, 0.0, 0.0, 1, 0.0, 1.0, 0.0, 1.0, 1, 0.0, 0.0, 0.0, 0.0, 0.0, 0.0, 0.0, 1.0, 0.0, 0.0, 1.0, 0.0, 1.0, 1.0, 0.0, 0.0, 0.0, 0.0, 0.0, 0.0, 1.0, 0, 1.0, 0.0, 0.0, 4.45] 0
[1.0, 0.0, 1.0, 0.0, 0, 0.0, 0.0, 0.0, 0.0, 0.0, 0.0, 0.0, 0, 0.0, 0.0, 1, 0.0, 1, 0.0, 1, 0, 0.0, 0.0, 0.0, 0.0, 0.0, 0, 0, 0.0, 0.0, 0.0, 0, 0.0, 1.0, 0, 0.0, 0.0, 4.504] 0
[1, 1.0, 0, 0, 0.0, 0.0, 1.0, 0.0, 0.0, 0.0, 1.0, 0.0, 0.0, 0.0, 0.0, 1.0, 0.0, 0.0, 0.0, 1.0, 1.0, 1.0, 1.0, 0, 0.0, 1, 0.0, 0.0, 0.0, 1.0, 1.0, 0.0, 0.0, 1.0, 0.0, 0.0, 0.0, 3.6] 0
[1.0, 1.0, 0.0, 0.0, 0.0, 0.0, 1.0, 0.0, 0.0, 0.0, 1.0, 0.0, 0.0, 0, 0.0, 0.0, 0, 1.0, 1, 1.0, 1.0, 1, 1.0, 1.0, 0.0, 0.0, 0.0, 0, 1.0, 1, 1.0, 0.0, 0, 0, 0.0, 0, 0.0, 3.07] 0
[1, 0, 0.0, 0.0, 0.0, 0.0, 0.0, 1.0, 1.0, 0.0, 0.0, 0, 0.0, 0.0, 0, 0, 0.0, 0, 1.0, 1, 0.0, 0.0, 1, 0, 0.0, 0.0, 0.0, 0, 0.0, 0.0, 0.0, 0.0, 1, 0.0, 0.0, 0.0, 1, 3.908] 0
[1, 1, 0.0, 0.0, 0, 0, 1.0, 0.0, 0.0, 0.0, 1.0, 0, 0.0, 0, 0.0, 0.0, 1.0, 0.0, 0.0, 1.0, 0.0, 0.0, 0, 0.0, 0.0, 1.0, 0, 0.0, 0, 0.0, 1.0, 0.0, 0.0, 0.0, 1, 0, 0, 7.272] 0
[1.0, 0.0, 0, 0.0, 0.0, 0.0, 0.0, 0.0, 1, 0, 0, 0.0, 0, 0.0, 0, 0, 0.0, 0.0, 0.0, 0, 0, 0.0, 0, 0, 0.0, 0.0, 0.0, 0.0, 0.0, 0, 1.0, 0, 0.0, 1.0, 0.0, 0, 1, 6.7] 0
