[1, 0.0, 0, 0.0, 1.0, 0.0, 0, 0, 0.0, 1, 1.0, 60, 256, 10.0, 304254.4] 0.7222232279534111
[1, 1, 1.0, 1.0, 1, 0.0, 0, 0.0, 1.0, 0.0, 1, 100, 1, 10, 421113.8] 0.9944414642262895
[1, 1, 1, 1, 1, 0, 0.0, 0.0, 1, 0, 0, 0, 128, 10, 422401.4] 0.9974408652246256
[1.0, 0, 0.0, 1, 1, 0, 0, 0.0, 1.0, 0.0, 0, 0, 2048, 10, 421657.6] 0.9957082196339433
[1, 0.0, 0.0, 0.0, 1, 0, 0, 0.0, 0.0, 1.0, 1, 40, 512, 10, 303522.4] 0.7205180698835275
[1, 0, 1, 1.0, 1, 0, 0, 0.0, 1, 0.0, 1, 0, 1, 10, 424574.6] 1.0
[1, 0, 1, 1.0, 1, 0.0, 0, 0, 1, 0, 1, 0, 1024, 10.0, 422519.2] 0.9977152745424294
[1, 1, 0, 1.0, 1, 0, 0, 0.0, 1, 0, 0, 0, 2048, 10.0, 421753.6] 0.9959318469217968
[1.0, 1, 1, 1.0, 1.0, 0.0, 0.0, 0.0, 1, 0, 0, 0, 128, 10, 422401.4] 0.9974408652246256
[1, 1, 1, 1, 1, 0, 0, 0, 0.0, 1, 0.0, 100, 512, 10.0, 303810.0] 0.7211880199667221
[1, 0, 1, 1.0, 1.0, 0, 0.0, 0.0, 1, 0, 1.0, 0, 1, 10, 424574.6] 1.0
[1.0, 0.0, 0, 1, 1, 0, 0.0, 0.0, 1, 0.0, 0, 0, 8, 10.0, 422061.6] 0.9966493178036604
[1, 1.0, 1, 1, 1, 0, 0, 0.0, 1, 0, 0, 0.0, 128, 10.0, 422401.4] 0.9974408652246256
[1, 0, 0, 1, 1, 0, 0.0, 0.0, 1, 0, 0, 0, 8, 10, 422061.6] 0.9966493178036604
[1, 0, 1, 0, 1.0, 0.0, 0, 0.0, 0, 1, 0, 80, 64, 10.0, 303251.6] 0.7198872545757071
[1, 0.0, 1.0, 1, 1.0, 0, 0, 0, 1, 0, 0, 0, 2048, 10.0, 422252.6] 0.9970942429284524
[1, 1, 1.0, 1.0, 1, 1.0, 0.0, 0.0, 0, 0.0, 1.0, 0, 8, 8.0, 132275.8] 0.32160752079866883
[1, 0, 0.0, 1, 1, 0, 0.0, 0, 1, 0, 0, 0, 8, 10, 422061.6] 0.9966493178036604
[1, 0, 1, 1, 1, 0, 0.0, 0, 1, 0, 1, 0, 1024, 10, 422519.2] 0.9977152745424294
[1, 1.0, 1, 1.0, 1.0, 1.0, 0.0, 0.0, 0.0, 0, 0, 0, 16, 8, 132598.2] 0.3223585357737105
[1, 0, 0.0, 1, 1, 0.0, 0, 0, 1, 0.0, 0.0, 0, 8, 10, 422061.6] 0.9966493178036604
[1, 1, 1, 1.0, 1, 0.0, 0.0, 0, 1, 0, 0, 0, 128, 10.0, 422401.4] 0.9974408652246256
[1, 1.0, 0.0, 1, 1, 0, 1.0, 0.0, 0, 0.0, 1, 0, 4096, 8, 132000.8] 0.3209669217970049
[1, 0, 1.0, 1.0, 1, 1, 0, 0, 0.0, 0.0, 0, 0.0, 512, 8, 132073.0] 0.3211351081530782
[1, 0, 0.0, 1, 1, 0, 0, 0, 1.0, 0, 0.0, 0.0, 8, 10.0, 422061.6] 0.9966493178036604
[1, 1.0, 0, 1.0, 1, 0.0, 0, 0.0, 1, 0, 1, 0, 256, 10.0, 422061.4] 0.9966488519134775
[1, 0, 1.0, 1.0, 1, 0.0, 0.0, 0, 1, 0, 1, 0, 1, 10.0, 424574.6] 1.0
[1, 0, 0.0, 1, 1, 0, 0, 0, 1, 0, 0, 0, 8, 10.0, 422061.6] 0.9966493178036604
[1, 1, 1, 1.0, 1, 0.0, 0.0, 0.0, 1, 0.0, 0, 0, 128, 10, 422401.4] 0.9974408652246256
[1, 1, 0, 1, 1.0, 0.0, 0.0, 0, 1, 0.0, 1.0, 40, 1, 10.0, 421557.6] 0.9954752745424291
