[1.0, 1, 0.0, 1.0, 1.0, 0, 0.0, 0, 1.0, 0.0, 0.0, 0, 2048, 10.0, 421753.6] 0.9959318469217968
[1, 0, 1, 1, 1, 0.0, 0, 0.0, 1, 0, 0, 40.0, 1, 10, 419926.6] 0.9916759400998334
[1, 0, 0, 1.0, 1, 0.0, 0.0, 0.0, 1.0, 0, 0, 0, 8, 10.0, 422061.6] 0.9966493178036604
[1.0, 0, 0, 1, 1.0, 0, 0.0, 0.0, 0, 1, 0.0, 40, 1024, 10.0, 302306.2] 0.7176849916805325
[1.0, 1.0, 0, 1, 1, 0.0, 0, 0, 1, 0, 1, 0, 256, 10, 422061.4] 0.9966488519134775
[1, 0.0, 1, 0, 1, 0, 0, 0, 0.0, 1, 0.0, 60, 256, 10.0, 304798.6] 0.7234909151414308
[1.0, 0, 0, 1.0, 1, 0, 0, 0.0, 1, 0.0, 0, 0, 8, 10, 422061.6] 0.9966493178036604
[1, 0, 1.0, 0, 1, 0, 0.0, 0.0, 0.0, 1, 1, 40, 1024, 10.0, 303744.6] 0.7210356738768717
[1.0, 0, 1.0, 1.0, 1.0, 0.0, 0.0, 0, 1.0, 0.0, 0, 10.0, 32.0, 10, 415056.2] 0.9803305823627289
[1, 0, 0, 1, 1, 0.0, 0, 0.0, 0, 1.0, 1.0, 100.0, 128, 10.0, 303803.8] 0.7211735773710481
[1.0, 0.0, 1, 1, 1.0, 0, 0, 0.0, 1, 0, 0, 0, 4, 10.0, 421755.4] 0.9959360399334443
[1.0, 1.0, 0.0, 1.0, 1.0, 0.0, 0.0, 0.0, 1.0, 0.0, 1.0, 40.0, 1, 10, 421557.6] 0.9954752745424291
[1.0, 1, 0, 1.0, 1, 0.0, 0.0, 0.0, 1, 0, 1, 0, 32, 10.0, 422006.6] 0.9965211980033277
[1, 0.0, 1.0, 1.0, 1.0, 0.0, 0.0, 0, 1.0, 0.0, 1.0, 0, 1.0, 10.0, 424574.6] 1.0
[1, 1.0, 0.0, 1, 1, 0.0, 0, 0.0, 1, 0.0, 1.0, 90, 2.0, 10.0, 421820.2] 0.9960869883527455
[1.0, 1, 0, 1.0, 1.0, 0.0, 0, 0.0, 1, 0, 0.0, 0, 1, 10.0, 421349.8] 0.9949912146422628
[1.0, 0, 1, 1.0, 1, 0.0, 0, 0.0, 1, 0, 1.0, 0, 1, 10.0, 424574.6] 1.0
[1, 0, 1, 1, 1, 0, 0.0, 0, 1, 0, 1, 0, 1024, 10.0, 422519.2] 0.9977152745424294
[1, 0, 0.0, 1.0, 1, 0, 0, 0, 1, 0, 0, 0, 8, 10.0, 422061.6] 0.9966493178036604
[1.0, 1.0, 0, 1, 1.0, 1.0, 0.0, 0.0, 0.0, 0.0, 1.0, 0, 64, 8.0, 131931.4] 0.3208052579034941
[1, 1, 1, 1.0, 1, 0.0, 0.0, 0.0, 1, 0.0, 0.0, 0, 128, 10.0, 422401.4] 0.9974408652246256
[1, 1, 1.0, 1, 1.0, 0.0, 0.0, 0, 1, 0, 0, 0, 128, 10.0, 422401.4] 0.9974408652246256
[1, 0, 1.0, 1.0, 1, 0.0, 0.0, 0.0, 1.0, 0.0, 1.0, 0.0, 1, 10.0, 424574.6] 1.0
[1.0, 0.0, 0.0, 1.0, 1.0, 0, 0.0, 0.0, 0.0, 1, 1.0, 30.0, 1024.0, 10.0, 303342.0] 0.7200978369384359
[1, 1.0, 1, 1.0, 1.0, 0.0, 0.0, 0, 1, 0, 1.0, 100.0, 1, 10.0, 421113.8] 0.9944414642262895
[1.0, 0, 1.0, 1.0, 1, 0.0, 0.0, 0.0, 1.0, 0.0, 1, 0, 512, 10.0, 421243.0] 0.9947424292845257
[1, 0.0, 0, 1, 1, 0, 0, 0.0, 1.0, 0, 1, 0, 64, 10.0, 421875.8] 0.9962165058236272
[1, 0.0, 1, 0, 1, 0.0, 0.0, 0.0, 0.0, 1.0, 0, 60, 512, 10, 303686.8] 0.7209010316139767
[1, 0, 1.0, 1.0, 1, 0.0, 0, 0, 1.0, 0.0, 1, 0, 1, 10.0, 424574.6] 1.0
[1.0, 1, 0, 1.0, 1, 0.0, 0.0, 0, 1.0, 0.0, 1.0, 40, 1, 10.0, 421557.6] 0.9954752745424291
