[0.0, 1.0, 0.0, 1, 1.0, 0.0, 0.0, 1, 1.0, 0.0, 1.0, 1.0, 101.9074285] 0.10128124399513778
[1.0, 1.0, 1.0, 1.0, 1.0, 1.0, 0.0, 1.0, 0.0, 0.0, 0.0, 1.0, 122.2066445] 0.64413289
[1.0, 0.0, 1.0, 0.0, 1.0, 0.0, 0.0, 1.0, 0.0, 1.0, 1.0, 0.0, 14.246557] 0
[0.0, 1.0, 0.0, 1.0, 1.0, 0.0, 1.0, 1.0, 0.0, 0.0, 1.0, 0.0, 116.6631782] 0.5332635640000001
[0.0, 1.0, 1.0, 1.0, 1.0, 0.0, 1.0, 1.0, 1.0, 1.0, 0.0, 1.0, 116.809094] 0.5361818800000001
[0.0, 1.0, 1.0, 1.0, 0.0, 1.0, 1.0, 0.0, 0.0, 0.0, 1.0, 0.0, 124.1951375] 0.6839027500000001
[1.0, 1.0, 0.0, 1.0, 0.0, 1.0, 1.0, 1.0, 0.0, 1.0, 1.0, 0.0, 123.4390137] 0.6687802740000002
[0.0, 1.0, 0.0, 1.0, 1.0, 1.0, 1.0, 1.0, 0, 1.0, 0.0, 1.0, 169.2042031] 0.9882899804751257
[1, 1.0, 1.0, 1.0, 1.0, 1.0, 0.0, 1.0, 0.0, 1.0, 1.0, 1.0, 122.8309164] 0.6566183280000002
[0, 1.0, 0.0, 1.0, 0.0, 1.0, 1.0, 0.0, 0.0, 0.0, 0, 0.0, 124.4386883] 0.688773766
[0.0, 0.0, 0.0, 1.0, 0.0, 1.0, 1.0, 1.0, 0, 0.0, 1.0, 1.0, 100.1103959] 0.034947898312349415
[0.0, 1.0, 1.0, 1.0, 1.0, 1.0, 0.0, 0.0, 0.0, 0.0, 1, 1, 125.0818102] 0.7016362040000002
[1.0, 0.0, 0.0, 0.0, 1.0, 1.0, 0.0, 1.0, 1.0, 1.0, 0.0, 0.0, 30.48180628] 0
[0.0, 1.0, 1.0, 1.0, 0.0, 1, 1.0, 0.0, 1.0, 0.0, 1.0, 0, 124.1115963] 0.682231926
[0.0, 0.0, 1.0, 0.0, 0.0, 1.0, 0.0, 0.0, 1.0, 0.0, 1.0, 1.0, 28.71690655] 0
[1.0, 1.0, 1.0, 1.0, 1.0, 1.0, 0.0, 0.0, 0.0, 0.0, 0.0, 0.0, 122.4769101] 0.649538202
[1, 1, 1.0, 1.0, 1.0, 0.0, 0.0, 0.0, 0.0, 1, 0.0, 1.0, 101.7096188] 0.09397955163323612
[0.0, 1.0, 1.0, 1.0, 1.0, 0.0, 1.0, 1.0, 0.0, 1.0, 0.0, 1, 116.7974567] 0.535949134
[1.0, 1.0, 0.0, 1.0, 0.0, 1.0, 1.0, 1.0, 1.0, 0.0, 0.0, 1.0, 123.9241636] 0.678483272
[0.0, 1.0, 1.0, 1.0, 1.0, 1.0, 1.0, 0.0, 0.0, 1.0, 1.0, 0.0, 170.1198454] 0.9926876281036066
[1.0, 1.0, 0.0, 1.0, 1.0, 1.0, 1.0, 1.0, 0.0, 1.0, 1.0, 1.0, 169.7437859] 0.9908814892125324
[0.0, 1, 0.0, 1.0, 1.0, 0.0, 1.0, 1.0, 1.0, 0.0, 1, 0.0, 116.7225883] 0.534451766
[1.0, 1.0, 0.0, 1, 0.0, 1, 1.0, 1.0, 0.0, 1.0, 1.0, 0.0, 123.4390137] 0.6687802740000002
[0.0, 0.0, 1.0, 1.0, 1.0, 1.0, 0.0, 0.0, 0.0, 1.0, 0.0, 0.0, 58.16910911] 0
[1.0, 1.0, 0.0, 1.0, 1.0, 1.0, 0, 1.0, 0.0, 0.0, 0.0, 1.0, 123.1458366] 0.662916732
[1.0, 1.0, 1.0, 1.0, 1.0, 1.0, 1.0, 1.0, 1.0, 0.0, 1.0, 1.0, 169.4766715] 0.9895985919417388
[0, 1.0, 0.0, 1.0, 1.0, 1.0, 0.0, 0.0, 1.0, 1.0, 1.0, 1.0, 125.361629] 0.7072325799999999
[0.0, 1.0, 0.0, 1.0, 1.0, 0.0, 0.0, 1.0, 1.0, 1.0, 0.0, 1.0, 101.8065181] 0.09755636752590302
[1.0, 0.0, 0.0, 1.0, 0.0, 1.0, 1.0, 0.0, 0.0, 0.0, 1.0, 0.0, 99.47557664] 0.011514998197086027
[0.0, 1.0, 0.0, 0.0, 0.0, 1.0, 1.0, 0.0, 1.0, 0.0, 0.0, 0.0, 51.55203032] 0
