[1.0, 1.0, 0.0, 1.0, 1.0, 1.0, 1.0, 0.0, 1.0, 0.0, 0.0, 1.0, 170.3206944] 0.9936522658541046
[0.0, 1, 1.0, 1.0, 1, 1.0, 0.0, 1.0, 0.0, 1.0, 0.0, 0, 125.1657922] 0.703315844
[0, 1.0, 0, 1.0, 1.0, 1.0, 0, 0.0, 1.0, 0.0, 1.0, 1, 124.574384] 0.6914876799999999
[0.0, 1, 0.0, 1.0, 1, 1.0, 1.0, 1.0, 1.0, 0.0, 0.0, 0.0, 170.6651847] 0.9953067841641801
[0.0, 1.0, 1.0, 1.0, 1.0, 1.0, 0.0, 0, 1.0, 1, 0.0, 1.0, 125.2666435] 0.7053328700000001
[0.0, 1.0, 0.0, 1.0, 1.0, 1.0, 1.0, 0.0, 0.0, 0.0, 1.0, 0.0, 170.2039185] 0.993091414460827
[0.0, 1.0, 0.0, 1.0, 1.0, 1.0, 1.0, 0.0, 0.0, 1.0, 1.0, 0.0, 170.5559134] 0.9947819758702579
[1.0, 1.0, 0, 1.0, 1.0, 1.0, 1.0, 0.0, 0.0, 1.0, 1.0, 1.0, 169.7482226] 0.9909027977991204
[0.0, 1, 1.0, 1.0, 1, 1.0, 1.0, 0.0, 0.0, 1.0, 0, 0.0, 170.2257285] 0.9931961635476454
[0.0, 1.0, 1.0, 1.0, 1.0, 1.0, 1.0, 1.0, 0.0, 0.0, 0.0, 1.0, 169.8334525] 0.991312140036379
[1.0, 1.0, 1.0, 1.0, 1.0, 1.0, 1.0, 1.0, 0.0, 0.0, 0.0, 0, 169.1939421] 0.9882406989354722
[1.0, 1.0, 0.0, 1.0, 1, 1.0, 1.0, 0.0, 1.0, 0, 0.0, 0.0, 170.2000723] 0.9930729419281485
[0.0, 1.0, 0.0, 1.0, 1.0, 1.0, 1.0, 0.0, 1.0, 1.0, 0, 1.0, 171.1972303] 0.9978620932309235
[0.0, 1.0, 0.0, 1, 1.0, 1.0, 1.0, 1.0, 0.0, 0.0, 0.0, 1, 168.730082] 0.9860128712469612
[0.0, 1.0, 0.0, 1.0, 1.0, 1.0, 1.0, 1.0, 0.0, 0.0, 0.0, 0.0, 170.2016315] 0.9930804304552538
[0.0, 1.0, 1.0, 1.0, 1.0, 1.0, 1.0, 1.0, 1.0, 0.0, 1.0, 1.0, 170.6282685] 0.9951294830069677
[0.0, 1.0, 1.0, 0.0, 0.0, 0.0, 0.0, 1.0, 1.0, 1.0, 0.0, 1.0, 30.8885026] 0
[0.0, 1.0, 0.0, 1.0, 1.0, 1.0, 1.0, 1.0, 1.0, 0.0, 0.0, 0.0, 170.6651847] 0.9953067841641801
[1, 1.0, 0.0, 1, 1.0, 0.0, 0.0, 1.0, 0.0, 1.0, 1.0, 1.0, 100.9946508] 0.06758814421183937
[0.0, 0.0, 0.0, 1.0, 1.0, 1.0, 1, 1.0, 1.0, 0.0, 1.0, 1.0, 105.4806907] 0.23318004022612532
[0.0, 1.0, 0.0, 1, 1.0, 1.0, 1.0, 0.0, 0.0, 1.0, 0.0, 0, 170.2871644] 0.993491227941174
[1, 1.0, 1.0, 1.0, 1.0, 0.0, 1.0, 0, 1.0, 0.0, 1.0, 1.0, 114.5384939] 0.49076987800000016
[1.0, 1.0, 0.0, 1.0, 1.0, 1.0, 1.0, 1.0, 1.0, 0.0, 1.0, 1.0, 169.6186669] 0.9902805675713762
[0.0, 1.0, 0.0, 1.0, 1.0, 1, 1.0, 0.0, 0.0, 1.0, 1.0, 0.0, 170.5559134] 0.9947819758702579
[0.0, 1.0, 0.0, 1.0, 1.0, 1, 1.0, 0.0, 0, 1.0, 0.0, 0.0, 170.2871644] 0.993491227941174
[0, 1, 1.0, 1.0, 1.0, 1.0, 1.0, 0.0, 0.0, 0.0, 1.0, 0.0, 171.6423678] 1.0
[1.0, 1.0, 1.0, 1.0, 1.0, 1, 1.0, 0.0, 1.0, 0.0, 1.0, 1.0, 169.8158512] 0.9912276044975521
[0.0, 0.0, 1.0, 0.0, 1.0, 0.0, 0.0, 0.0, 0.0, 0.0, 1.0, 0.0, 14.41816425] 0
[0.0, 1.0, 0.0, 1, 0.0, 1, 1.0, 0.0, 0.0, 1.0, 0, 1, 124.5606248] 0.691212496
[0.0, 1.0, 0.0, 1.0, 1.0, 1.0, 1.0, 1.0, 0, 0, 1.0, 0.0, 170.735281] 0.995643442734301
