[0.0, 1.0, 1.0, 1.0, 1.0, 1.0, 1.0, 1.0, 1.0, 0.0, 1.0, 0.0, 169.7691541] 0.9910033276253807
[0.0, 1.0, 0.0, 1.0, 1.0, 1.0, 1.0, 0.0, 0.0, 0.0, 0.0, 1.0, 171.4235804] 0.9989492076865043
[0.0, 1.0, 1.0, 1.0, 0.0, 1.0, 1.0, 0.0, 1.0, 1.0, 0.0, 0.0, 123.8785322] 0.677570644
[1.0, 1.0, 0.0, 1.0, 1.0, 0.0, 1.0, 1.0, 1.0, 0.0, 0.0, 0, 116.097981] 0.5219596200000001
[0.0, 1.0, 0.0, 1.0, 1.0, 1.0, 1.0, 1.0, 0.0, 1, 1.0, 0.0, 170.5539949] 0.9947727616968025
[0.0, 1.0, 0, 1.0, 1.0, 1.0, 0.0, 1.0, 1.0, 0.0, 0.0, 1.0, 124.4772973] 0.6895459460000001
[0.0, 1.0, 1.0, 1, 1.0, 1.0, 0.0, 1, 1.0, 0.0, 1.0, 0.0, 124.9958396] 0.699916792
[1.0, 1, 0.0, 1.0, 1.0, 1.0, 1.0, 0.0, 1.0, 1.0, 0.0, 0.0, 170.051348] 0.9923586487317851
[1.0, 1.0, 0.0, 1.0, 1.0, 1, 1.0, 0.0, 1, 1.0, 1.0, 0.0, 169.8940532] 0.9916031931306271
[0.0, 1.0, 0.0, 1.0, 1, 1.0, 1.0, 1, 1.0, 0.0, 0, 0.0, 170.6651847] 0.9953067841641801
[0.0, 1, 1.0, 1.0, 1.0, 1.0, 1.0, 0.0, 0.0, 0, 0.0, 0.0, 171.3028867] 0.9983695398800065
[1, 0.0, 1.0, 1.0, 1.0, 1.0, 1.0, 1.0, 1.0, 0.0, 1.0, 0.0, 104.8581443] 0.2102001646497029
[0.0, 0.0, 0.0, 1.0, 1.0, 1.0, 0.0, 1.0, 0.0, 1.0, 1.0, 0.0, 59.25793171] 0
[0.0, 1.0, 1.0, 1.0, 1.0, 1.0, 0.0, 1.0, 1.0, 0, 1.0, 0.0, 124.9958396] 0.699916792
[1.0, 1, 0.0, 1.0, 1.0, 1.0, 1.0, 1.0, 1.0, 1.0, 0.0, 1.0, 169.9124722] 0.9916916559197193
[1.0, 1.0, 1.0, 1, 1.0, 1.0, 0, 0, 0.0, 1.0, 0, 0.0, 122.9000821] 0.6580016420000001
[1.0, 1.0, 0.0, 1.0, 1.0, 1, 1.0, 0.0, 0.0, 0.0, 1.0, 0.0, 170.0809813] 0.9925009715705936
[0.0, 0.0, 0.0, 1.0, 1.0, 1.0, 1.0, 1.0, 0.0, 1.0, 1.0, 0.0, 104.8732603] 0.21075813719474212
[1.0, 1, 0, 1.0, 1.0, 1.0, 1.0, 0.0, 1.0, 0.0, 1.0, 0.0, 169.6942849] 0.9906437457670216
[1.0, 1, 0.0, 1.0, 0.0, 1.0, 1.0, 1.0, 0.0, 0.0, 0.0, 1.0, 124.3452616] 0.686905232
[1, 1.0, 1.0, 1.0, 1.0, 1.0, 1.0, 0.0, 0.0, 1.0, 1.0, 1.0, 170.6573937] 0.9952693655426578
[1.0, 1.0, 1.0, 1.0, 1, 1.0, 1.0, 0.0, 0.0, 0.0, 0.0, 0.0, 169.5646741] 0.9900212509049497
[0.0, 1.0, 1.0, 1.0, 1.0, 1.0, 0.0, 1.0, 0.0, 0.0, 1.0, 1.0, 124.1272662] 0
[0.0, 1.0, 0.0, 1.0, 1, 1.0, 0.0, 1.0, 0.0, 0.0, 1.0, 0, 124.4168141] 0.688336282
[1, 1.0, 0.0, 1, 1, 0.0, 1.0, 1.0, 1, 0, 1, 0.0, 116.2079115] 0.52415823
[0.0, 1.0, 1.0, 1.0, 1.0, 0.0, 0.0, 1.0, 1.0, 1.0, 1.0, 0.0, 100.7902229] 0.06004215614356145
[1.0, 1.0, 0.0, 1.0, 1.0, 1.0, 1.0, 0, 1.0, 0, 1.0, 1.0, 170.3253386] 0.9936745710218717
[0.0, 1, 0.0, 1.0, 1.0, 1.0, 0, 0.0, 1.0, 0.0, 1.0, 1.0, 124.574384] 0.6914876799999999
[0.0, 1.0, 0.0, 1.0, 1.0, 1.0, 0, 1.0, 1.0, 0.0, 1.0, 1.0, 124.4644518] 0.6892890360000001
[1.0, 1.0, 1.0, 1, 1.0, 1.0, 0.0, 1.0, 0.0, 1.0, 0.0, 0.0, 123.2410793] 0.664821586
