[1.0, 1.0, 1.0, 0.0, 0.0, 0.0, 1.0, 0.0, 1.0, 8.0, 10, 16.0, 12780.6] 0.3431100000000001
[1.0, 0.0, 0, 0, 0.0, 0.0, 4, 0.0, 1.0, 10.0, 16.0, 0, 13832.0] 0.5358666666666667
[1.0, 1.0, 1.0, 0.0, 0.0, 1.0, 3.0, 0, 4.0, 8.0, 8.0, 10.0, 14215.0] 0.6060833333333333
[1.0, 0.0, 0, 0.0, 0.0, 1.0, 2.0, 0.0, 2.0, 10.0, 10.0, 128.0, 14164.4] 0.5968066666666667
[1, 0.0, 1.0, 1.0, 1, 0, 2.0, 0.0, 1.0, 20, 8.0, 128.0, 11037.6] 0.13584000000000004
[1.0, 0.0, 1.0, 1.0, 1.0, 1.0, 3.0, 0.0, 3, 10.0, 8.0, 64.0, 13275.0] 0.43375
[1.0, 1.0, 1.0, 1.0, 1.0, 0.0, 1.0, 0.0, 1.0, 10.0, 10.0, 128.0, 11649.0] 0.1766
[1.0, 0.0, 0.0, 0.0, 0.0, 0.0, 3.0, 0.0, 2.0, 10.0, 20.0, 16.0, 10744.4] 0.11629333333333332
[1.0, 0.0, 1.0, 1.0, 1.0, 1, 4.0, 0.0, 3.0, 10.0, 8.0, 0.0, 13747.0] 0.5202833333333334
[1.0, 0.0, 0.0, 0.0, 0.0, 1.0, 3, 0.0, 1.0, 32.0, 10.0, 128.0, 10570.6] 0.10470666666666668
[1.0, 0.0, 0.0, 0.0, 0.0, 1.0, 3.0, 0.0, 4.0, 8.0, 8.0, 20.0, 15057.4] 0.7535875
[1.0, 0.0, 0.0, 0.0, 0, 0.0, 2.0, 0.0, 3.0, 8.0, 32.0, 0.0, 10503.6] 0.10024000000000002
[1.0, 0.0, 0.0, 0.0, 0.0, 0.0, 3.0, 0.0, 1.0, 10.0, 8.0, 128.0, 16057.2] 0.8160750000000001
[1.0, 0.0, 0.0, 0.0, 0.0, 0.0, 4.0, 0.0, 1.0, 16.0, 10.0, 32.0, 12083.2] 0.2152533333333335
[1.0, 0.0, 1.0, 1.0, 1.0, 0.0, 2.0, 0.0, 2, 10, 16.0, 16.0, 10367.8] 0.09118666666666662
[1.0, 1.0, 0.0, 0.0, 0.0, 0.0, 3.0, 0.0, 3.0, 8.0, 8.0, 16.0, 15109.2] 0.7568250000000001
[1.0, 0.0, 0.0, 0.0, 0.0, 1.0, 4, 0.0, 3.0, 10.0, 8.0, 128.0, 14102.6] 0.5854766666666668
[1.0, 0.0, 0.0, 0.0, 0.0, 0.0, 3.0, 0.0, 4.0, 10.0, 10.0, 10.0, 12276.6] 0.2507100000000001
[1.0, 1, 1.0, 0.0, 0.0, 0.0, 3.0, 0.0, 3.0, 8.0, 10.0, 20, 13028.2] 0.3885033333333335
[1.0, 0.0, 0.0, 0.0, 0.0, 1.0, 3.0, 0.0, 2.0, 8.0, 16.0, 128.0, 13258.2] 0.4306700000000001
[1.0, 0.0, 1, 0.0, 0.0, 0, 1, 0.0, 1.0, 8, 8.0, 10.0, 15630.2] 0.7893875
[1.0, 1.0, 0, 0.0, 0, 1.0, 3.0, 0.0, 3.0, 10.0, 8.0, 8.0, 12653.0] 0.3197166666666667
[1.0, 1.0, 0.0, 0.0, 0.0, 0.0, 4.0, 0.0, 1, 20.0, 10.0, 16.0, 9689.6] 0.04597333333333336
[1.0, 0.0, 0, 0.0, 0.0, 1.0, 3, 0.0, 2.0, 10.0, 8.0, 32.0, 14789.6] 0.7114266666666669
[1.0, 0.0, 0.0, 0, 0.0, 1.0, 3.0, 0.0, 1.0, 20, 10.0, 0.0, 12223.4] 0.2409566666666666
[1.0, 0.0, 0.0, 0.0, 0.0, 1.0, 4.0, 0.0, 1.0, 10.0, 32.0, 0.0, 11132.8] 0.14218666666666663
[1.0, 0.0, 1.0, 1.0, 1.0, 0.0, 2.0, 0, 2.0, 8.0, 10.0, 0.0, 14997.8] 0.7495966666666667
[1.0, 0.0, 0.0, 0.0, 0, 0.0, 1.0, 0.0, 1.0, 20.0, 10.0, 0.0, 12001.6] 0.2002933333333334
[1.0, 0.0, 1.0, 0.0, 0.0, 1, 4.0, 0.0, 2.0, 10.0, 8.0, 20.0, 13512.6] 0.47731000000000007
[1.0, 0.0, 1.0, 1.0, 1.0, 0.0, 2.0, 0.0, 4.0, 16.0, 8.0, 64.0, 10719.8] 0.11465333333333327
