[1.0, 0, 0.0, 0.0, 0.0, 1.0, 4.0, 0.0, 1.0, 8.0, 8.0, 10.0, 17511.4] 0.9069625000000001
[1.0, 0.0, 1.0, 0.0, 0.0, 0.0, 2.0, 0.0, 1.0, 10.0, 16.0, 64.0, 11652.4] 0.17682666666666666
[1.0, 0.0, 1.0, 0.0, 0.0, 1.0, 2.0, 0, 1.0, 8.0, 8.0, 0.0, 16539.6] 0.8462249999999999
[1.0, 1.0, 0.0, 0.0, 0, 1.0, 3.0, 0.0, 1.0, 16, 8, 10.0, 9849.0] 0.0566
[1.0, 0.0, 0.0, 0.0, 0.0, 0.0, 3.0, 0.0, 4.0, 8.0, 10.0, 10.0, 14486.6] 0.6558766666666668
[1.0, 0.0, 0.0, 0.0, 0.0, 1, 3.0, 0.0, 4.0, 8.0, 8.0, 20.0, 15057.4] 0.7535875
[1.0, 0.0, 1.0, 1, 1.0, 1.0, 3.0, 0.0, 2.0, 8.0, 8.0, 128.0, 15991.4] 0.8119624999999999
[1.0, 0.0, 1.0, 0.0, 0.0, 1.0, 2.0, 0.0, 2.0, 10.0, 20.0, 64.0, 10536.8] 0.10245333333333329
[1, 1.0, 1, 1, 1.0, 1.0, 4.0, 0.0, 4.0, 8.0, 10, 128.0, 13289.8] 0.4364633333333332
[1.0, 1.0, 1.0, 1.0, 1, 1, 4.0, 0.0, 1, 10.0, 8.0, 0.0, 13359.2] 0.44918666666666685
[1.0, 0.0, 0.0, 0.0, 0.0, 0.0, 4.0, 0.0, 1, 10.0, 10.0, 16.0, 16428.6] 0.8392875
[1.0, 0, 0.0, 0.0, 0.0, 0.0, 3.0, 0.0, 3.0, 8.0, 16.0, 64.0, 11241.4] 0.14942666666666665
[1.0, 1.0, 0.0, 0.0, 0.0, 0.0, 2.0, 0.0, 1.0, 8.0, 8.0, 32.0, 14504.4] 0.6591400000000001
[1.0, 0.0, 1, 0.0, 0.0, 0.0, 1.0, 0.0, 4.0, 16, 8, 64.0, 10367.0] 0.09113333333333334
[1.0, 0.0, 1.0, 1.0, 1.0, 1, 4.0, 0.0, 4.0, 10, 8.0, 32.0, 12901.8] 0.3653299999999999
[1, 0.0, 0.0, 0.0, 0.0, 0.0, 3.0, 0.0, 1.0, 10.0, 8.0, 8.0, 15753.0] 0.7970625
[1.0, 0.0, 1.0, 0.0, 0.0, 0.0, 3.0, 0.0, 2.0, 8.0, 8, 32.0, 15381.4] 0.7738375
[1.0, 0.0, 0.0, 0.0, 0.0, 1.0, 2.0, 0.0, 4.0, 8, 10.0, 32, 13168.4] 0.4142066666666666
[1, 0.0, 0.0, 0.0, 0.0, 0.0, 2.0, 0.0, 4.0, 10.0, 8.0, 128.0, 13240.2] 0.42737000000000014
[1.0, 1.0, 0.0, 0.0, 0.0, 1.0, 4.0, 0.0, 2.0, 8.0, 10, 128.0, 13887.6] 0.5460600000000001
[1, 0.0, 0, 0.0, 0.0, 1.0, 4.0, 0.0, 2.0, 10.0, 16.0, 20.0, 12451.8] 0.2828299999999999
[1.0, 0.0, 1.0, 1.0, 1.0, 1.0, 4.0, 0, 2.0, 10.0, 10.0, 16.0, 12817.0] 0.34978333333333333
[1.0, 0.0, 1, 0.0, 0.0, 0, 1, 0.0, 2.0, 10.0, 8.0, 10.0, 14444.8] 0.6482133333333333
[1.0, 0.0, 1.0, 0.0, 0, 0.0, 3.0, 0.0, 2.0, 10.0, 8.0, 32.0, 13504.8] 0.47587999999999986
[1.0, 0.0, 0.0, 0.0, 0.0, 0.0, 1.0, 0.0, 1.0, 16.0, 10.0, 32.0, 11559.4] 0.17062666666666665
[1.0, 1.0, 1.0, 1.0, 1.0, 1, 4.0, 0.0, 3, 8.0, 10, 10.0, 13048.8] 0.39227999999999985
[1.0, 0.0, 0.0, 0.0, 0.0, 1.0, 4.0, 0.0, 1, 10.0, 8, 64.0, 16347.8] 0.8342375
[1.0, 0.0, 0.0, 0.0, 0.0, 0.0, 2.0, 0.0, 2.0, 16.0, 128.0, 0.0, 9439.8] 0.029319999999999954
[1.0, 1.0, 0.0, 0, 0.0, 1, 4.0, 0.0, 1.0, 8, 32.0, 0.0, 9145.2] 0.00968000000000005
[1.0, 0.0, 0, 0.0, 0.0, 1.0, 2.0, 0.0, 1.0, 8.0, 10.0, 32.0, 15177.2] 0.7610750000000001
