[1.0, 0, 0.0, 0.0, 0, 0, 3.0, 0.0, 1.0, 8.0, 8.0, 0, 19673.8] 1.0
[1.0, 0, 1.0, 0.0, 0.0, 0.0, 2.0, 0.0, 1, 10.0, 8, 64.0, 15477.4] 0.7798375
[1.0, 0.0, 0.0, 0.0, 0, 0, 4, 0, 1.0, 8.0, 8.0, 0, 19332.8] 1.0
[1.0, 0, 0, 0, 0.0, 1.0, 3.0, 0, 1.0, 8.0, 8, 8.0, 18049.6] 0.9405999999999999
[1.0, 0, 0.0, 0.0, 0.0, 0, 3.0, 0.0, 1, 8.0, 10.0, 0, 18899.0] 0.9936875000000001
[1.0, 0.0, 0.0, 0.0, 0.0, 1, 3.0, 0.0, 1.0, 8.0, 8.0, 0, 18647.2] 0.9779500000000001
[1.0, 0.0, 0, 0.0, 0.0, 0.0, 3.0, 0.0, 2.0, 8.0, 8.0, 128, 19576.0] 1.0
[1, 0, 0.0, 0.0, 0.0, 1.0, 3.0, 0.0, 1.0, 8.0, 10, 64.0, 17757.4] 0.9223375
[1, 0, 1, 1, 1.0, 0, 1, 0, 1, 8.0, 10, 64, 14840.8] 0.7208133333333333
[1, 0.0, 0.0, 0, 0, 1, 4.0, 0.0, 2.0, 10.0, 8.0, 128, 16581.2] 0.848825
[1.0, 0.0, 0.0, 0.0, 0.0, 0.0, 4.0, 0.0, 1, 10.0, 10.0, 32, 16897.0] 0.8685625
[1.0, 0, 0, 0, 0.0, 0.0, 3.0, 0.0, 1, 8, 8, 64.0, 19555.0] 1.0
[1.0, 0.0, 0.0, 0.0, 0.0, 0.0, 4.0, 0.0, 2, 8.0, 8.0, 64.0, 19505.4] 1.0
[1.0, 0.0, 0, 0, 0.0, 0.0, 1, 0.0, 1, 16, 8, 0, 12680.2] 0.32470333333333345
[1.0, 0.0, 0, 0, 0.0, 0.0, 4.0, 0.0, 2, 10.0, 8.0, 0, 17862.4] 0.9289000000000001
[1, 0.0, 0, 0.0, 0.0, 0.0, 3.0, 0.0, 1.0, 8, 8.0, 32, 18729.0] 0.9830625
[1.0, 0.0, 0.0, 0.0, 0.0, 0.0, 3.0, 0.0, 2.0, 8.0, 8, 0, 19692.2] 1.0
[1, 0.0, 1, 0, 0.0, 0, 2.0, 0, 2, 8.0, 8.0, 0, 16868.0] 0.86675
[1, 0, 0, 0, 0.0, 0.0, 2.0, 0.0, 1, 8.0, 8.0, 0.0, 17050.2] 0.8781375
[1.0, 0, 0.0, 0, 0, 1.0, 3.0, 0.0, 3, 8.0, 8.0, 32.0, 15509.2] 0.781825
[1, 0.0, 0, 0, 0.0, 0, 4.0, 0, 1, 8, 10, 128, 18754.8] 0.984675
[1.0, 0.0, 1, 0.0, 0.0, 0.0, 1.0, 0, 1, 8.0, 8, 128.0, 16442.6] 0.8401624999999999
[1.0, 0.0, 1, 0.0, 0.0, 0.0, 2, 0.0, 2.0, 8, 8.0, 0, 16868.0] 0.86675
[1.0, 0, 0, 0.0, 0, 0, 4, 0.0, 2.0, 8, 8.0, 32.0, 18805.0] 0.9878125
[1, 0.0, 0.0, 0.0, 0.0, 1, 4, 0, 2.0, 8.0, 8, 20.0, 17119.6] 0.8824749999999999
[1, 0, 1.0, 0.0, 0.0, 1, 4.0, 0.0, 1.0, 8, 8.0, 0, 15869.2] 0.8043250000000001
[1, 0, 0, 0, 0.0, 0.0, 4.0, 0.0, 2.0, 10.0, 8, 0, 17862.4] 0.9289000000000001
[1.0, 0.0, 1, 0.0, 0, 0.0, 2.0, 0.0, 2.0, 16.0, 8, 0.0, 12553.8] 0.3015299999999999
[1.0, 0, 0, 0, 0, 1, 4.0, 0.0, 1.0, 8, 10.0, 0.0, 16839.0] 0.8649375
[1, 0.0, 0, 0.0, 0.0, 0.0, 3.0, 0.0, 1.0, 8, 10.0, 8, 18189.2] 0.9493250000000001
