[1.0, 0.0, 0, 1.0, 1.0, 0.0, 0.0, 0, 1, 0, 0, 0, 8, 10, 422061.6] 0.9816806153846154
[1, 0, 1, 1.0, 1.0, 0.0, 0, 0.0, 1.0, 0.0, 0.0, 0, 2048.0, 10.0, 422252.6] 0.9821213846153846
[1, 1, 1.0, 1.0, 1, 0.0, 0, 0.0, 1, 0, 0, 10, 1, 10.0, 420823.8] 0.9788241538461537
[1, 1.0, 1.0, 0, 1.0, 0, 0.0, 0, 0.0, 1, 1, 100, 256, 10.0, 303902.8] 0.7090064615384615
[1, 1.0, 0, 1, 1.0, 0.0, 0.0, 0, 1, 0, 1.0, 80.0, 2.0, 10.0, 418217.8] 0.9728103076923076
[1.0, 1, 0, 1.0, 1, 0, 0, 0.0, 1.0, 0, 1, 0, 256, 10, 422061.4] 0.9816801538461539
[1, 1, 1, 1, 1.0, 0, 0.0, 0, 1, 0, 1, 50, 1024, 10, 416717.2] 0.9693473846153846
[1, 0, 0.0, 0, 1.0, 0, 0.0, 0.0, 0.0, 1.0, 1.0, 40, 512, 10.0, 303522.4] 0.7081286153846154
[1.0, 0.0, 0.0, 1.0, 1.0, 0.0, 0.0, 0, 1.0, 0.0, 0, 0, 8, 10, 422061.6] 0.9816806153846154
[1, 1.0, 1.0, 1.0, 1.0, 0, 0, 0.0, 1.0, 0, 0.0, 0, 128.0, 10.0, 422401.4] 0.9824647692307693
[1.0, 0.0, 0.0, 1.0, 1.0, 0.0, 0.0, 0, 1.0, 0.0, 0.0, 0, 8.0, 10.0, 422061.6] 0.9816806153846154
[1.0, 0.0, 0, 1, 1.0, 0.0, 0, 0.0, 1, 0.0, 1.0, 90.0, 256, 10, 417030.8] 0.9700710769230769
[1.0, 1, 1, 1.0, 1.0, 1, 0, 0.0, 0.0, 0.0, 1, 0, 8, 8.0, 132275.8] 0.06818386666666666
[1, 1, 0, 1, 1, 0, 0.0, 0, 1, 0, 0, 0, 1, 10, 421349.8] 0.980038
[1.0, 1.0, 1, 1.0, 1.0, 0.0, 0.0, 0.0, 1.0, 0.0, 0.0, 0, 128, 10.0, 422401.4] 0.9824647692307693
[1, 0, 1.0, 1, 1, 0, 0, 0, 1.0, 0, 1, 0, 1.0, 10.0, 424574.6] 0.9874798461538461
[1.0, 0, 0, 1.0, 1.0, 0, 0.0, 0, 1.0, 0.0, 0, 0, 8, 10.0, 422061.6] 0.9816806153846154
[1.0, 0.0, 1, 1.0, 1, 0, 0, 0.0, 1.0, 0.0, 1, 0, 1, 10.0, 424574.6] 0.9874798461538461
[1.0, 1.0, 1.0, 1, 1, 0.0, 0.0, 0.0, 1, 0.0, 0, 0, 128, 10.0, 422401.4] 0.9824647692307693
[1, 0, 0.0, 1, 1, 0, 0.0, 0, 1.0, 0, 0, 0, 512, 10.0, 421739.6] 0.9809375384615384
[1, 1, 1, 1, 1.0, 1.0, 0, 0.0, 0, 0.0, 0, 0.0, 16, 8.0, 132598.2] 0.06839880000000001
[1, 1, 1, 1.0, 1.0, 0, 0.0, 0.0, 1, 0.0, 0, 80, 2.0, 10.0, 418625.4] 0.9737509230769231
[1.0, 1, 1.0, 1.0, 1.0, 0.0, 0.0, 0.0, 1.0, 0, 0, 0, 128, 10.0, 422401.4] 0.9824647692307693
[1, 0, 1, 1, 1.0, 0.0, 0.0, 0.0, 1.0, 0, 1, 0.0, 1024, 10.0, 422519.2] 0.9827366153846154
[1.0, 0, 1, 1, 1.0, 0, 0, 0.0, 1.0, 0, 1, 0.0, 1, 10.0, 424574.6] 0.9874798461538461
[1, 1, 0.0, 1.0, 1.0, 0.0, 0.0, 0, 1, 0.0, 1, 0, 256.0, 10.0, 422061.4] 0.9816801538461539
[1.0, 1, 1, 1, 1, 0.0, 0.0, 0, 1, 0, 0, 0, 128.0, 10, 422401.4] 0.9824647692307693
[1.0, 1, 1.0, 1.0, 1, 0, 0, 0, 1.0, 0, 0.0, 0, 128, 10.0, 422401.4] 0.9824647692307693
[1.0, 1.0, 0, 1, 1.0, 0.0, 0.0, 0, 1, 0, 1.0, 0, 256.0, 10, 422061.4] 0.9816801538461539
[1.0, 1.0, 1, 1, 1.0, 0.0, 0.0, 0.0, 1.0, 0.0, 0, 0.0, 128.0, 10.0, 422401.4] 0.9824647692307693
