[  0.   1.   0.   1.   0.   0.   0.   1.   1.   0.   0. 256.   6.   3.] 0
[0.000e+00 1.000e+00 0.000e+00 1.000e+00 0.000e+00 0.000e+00 0.000e+00
 1.000e+00 0.000e+00 1.000e+00 0.000e+00 4.096e+03 5.000e+00 6.000e+00] 0.5895
[ 0.  1.  0.  1.  0.  0.  1.  1.  0.  0.  0. 64.  5.  4.] 0
[ 0.  1.  0.  1.  0.  0.  0.  1.  1.  0.  0. 64.  5.  3.] 0
[  0.   1.   0.   1.   0.   0.   0.   1.   0.   1.   0. 256.   5.   4.] 0
[ 0.  1.  0.  1.  0.  1.  0.  0.  0.  1.  0. 64.  5.  4.] 0
[ 0.  1.  0.  1.  0.  0.  0.  1.  0.  1.  0. 64.  4.  4.] 0
[  0.   1.   0.   1.   0.   0.   1.   1.   0.   0.   0. 256.   3.   5.] 0
[0.000e+00 1.000e+00 0.000e+00 1.000e+00 0.000e+00 0.000e+00 0.000e+00
 1.000e+00 1.000e+00 0.000e+00 0.000e+00 4.096e+03 6.000e+00 0.000e+00] 0
[0.000e+00 1.000e+00 0.000e+00 1.000e+00 0.000e+00 0.000e+00 0.000e+00
 1.000e+00 1.000e+00 0.000e+00 0.000e+00 1.024e+03 3.000e+00 5.000e+00] 0
[ 0.  1.  0.  1.  0.  0.  0.  1.  0.  1.  0. 64.  1.  5.] 0
[0.000e+00 1.000e+00 0.000e+00 1.000e+00 0.000e+00 0.000e+00 0.000e+00
 1.000e+00 1.000e+00 0.000e+00 0.000e+00 1.024e+03 1.000e+00 3.000e+00] 0
[0.000e+00 1.000e+00 0.000e+00 1.000e+00 0.000e+00 1.000e+00 1.000e+00
 0.000e+00 0.000e+00 0.000e+00 0.000e+00 4.096e+03 3.000e+00 4.000e+00] 0
[ 0.  1.  0.  1.  0.  0.  0.  1.  1.  0.  0. 64.  4.  5.] 0
[  0.   1.   0.   1.   0.   0.   0.   1.   0.   1.   0. 256.   6.   6.] 0.9577952755905513
[  0.   1.   0.   1.   0.   0.   0.   1.   1.   0.   0. 256.   3.   3.] 0
[ 0.  1.  0.  1.  0.  0.  1.  1.  0.  0.  0. 64.  6.  2.] 0
[3.00048380e-01 8.13239624e-01 3.80936122e-02 8.19202956e-01
 3.43739118e-01 1.10404013e-01 9.70671565e-01 8.46765900e-01
 1.18384517e-02 3.12424229e-01 1.65749267e-01 4.62056222e+01
 6.59244485e-01 1.17845135e+00] 0
[  0.   1.   0.   1.   0.   0.   1.   1.   0.   0.   0. 256.   2.   5.] 0
[  0.   1.   0.   1.   0.   0.   0.   1.   0.   1.   0. 256.   5.   6.] 0.4498599999999997
[ 0.  1.  0.  1.  0.  0.  0.  1.  0.  1.  0. 64.  2.  4.] 0
[3.40666609e-01 8.24104684e-01 1.75730053e-01 4.00943577e-01
 4.22525420e-01 8.86555693e-02 3.97848504e-01 6.15058111e-01
 8.67718360e-01 8.34511408e-02 1.42198040e-01 3.67911428e+02
 1.18180514e+00 8.86258288e-01] 0
[0.000e+00 1.000e+00 0.000e+00 1.000e+00 0.000e+00 1.000e+00 0.000e+00
 0.000e+00 0.000e+00 1.000e+00 0.000e+00 4.096e+03 2.000e+00 5.000e+00] 0
[ 0.  1.  0.  1.  0.  0.  1.  1.  0.  0.  0. 64.  1.  2.] 0
[ 0.  1.  0.  1.  0.  0.  0.  1.  0.  1.  0. 64.  1.  1.] 0
[0.000e+00 1.000e+00 0.000e+00 1.000e+00 0.000e+00 0.000e+00 1.000e+00
 1.000e+00 0.000e+00 0.000e+00 0.000e+00 4.096e+03 5.000e+00 4.000e+00] 0
[1.11870359e-01 6.63872917e-01 4.66483430e-01 3.38305364e-01
 1.74986452e-01 2.55555196e-02 9.24361592e-01 7.45427662e-01
 4.22488987e-01 7.58826044e-02 2.18597890e-01 2.34784066e+03
 1.11852704e+00 1.04907430e+00] 0
[3.64038201e-01 4.85922184e-01 2.73583780e-01 5.66574748e-01
 4.11524989e-01 1.60694236e-02 4.93935968e-01 8.54658705e-01
 2.33087560e-01 9.67280410e-01 3.75391488e-01 3.31152161e+02
 2.50220396e+00 2.76969337e+00] 0
[3.06830774e-01 7.51442099e-01 4.71501081e-01 7.98422372e-01
 7.24717278e-02 1.36017255e-01 3.93821324e-01 5.42979866e-01
 9.70937682e-01 3.42663020e-01 1.24946121e-01 2.28152499e+03
 2.12095862e-02 5.13500582e-01] 0
[4.73663775e-01 9.24296878e-01 2.96001011e-01 2.45178174e-01
 2.80279894e-01 8.12440693e-02 3.81048457e-01 5.10727163e-01
 8.46421421e-02 6.95100996e-01 3.99253544e-01 2.27173418e+03
 7.56028626e-01 1.11639613e+00] 0

