[0, 1.0, 1.0, 1.0, 1.0, 1.0, 1.0, 0.0, 1.0, 1.0, 1.0, 0.0, 170.1067212] 0.9926245951845227
[1.0, 1, 0.0, 1.0, 1.0, 0.0, 1.0, 0.0, 1.0, 1.0, 0.0, 1.0, 116.6074905] 0.53214981
[0.0, 1.0, 1, 1.0, 1.0, 1.0, 0.0, 1.0, 1.0, 1.0, 0.0, 0.0, 125.0409369] 0.7008187380000002
[1.0, 1.0, 1.0, 1.0, 1.0, 0.0, 0.0, 1, 1.0, 1.0, 1.0, 0.0, 100.9891717] 0.06738589577498257
[1.0, 1.0, 0.0, 1.0, 1.0, 1, 1.0, 0.0, 0.0, 1.0, 1.0, 0.0, 170.7705431] 0.9958127995786061
[1.0, 1.0, 1.0, 1.0, 1.0, 1.0, 1.0, 0.0, 0.0, 0.0, 1.0, 1.0, 169.5683143] 0.9900387340606507
[0.0, 1.0, 1.0, 1.0, 1.0, 1.0, 0.0, 0.0, 0.0, 1.0, 0.0, 1, 124.9946375] 0.69989275
[1.0, 1.0, 0.0, 1.0, 1, 1, 1.0, 0.0, 0.0, 1.0, 1.0, 1.0, 169.7482226] 0.9909027977991204
[0, 1.0, 1.0, 1.0, 1.0, 1.0, 1.0, 1.0, 1.0, 0.0, 0.0, 1.0, 170.5469792] 0.9947390666867892
[0.0, 1.0, 0.0, 1.0, 1.0, 1, 0.0, 0.0, 0.0, 1.0, 1.0, 0.0, 124.5543885] 0.69108777
[0.0, 1, 1.0, 1.0, 1.0, 0.0, 1.0, 1.0, 1.0, 0.0, 1.0, 1, 116.9171627] 0.5383432540000002
[1, 1.0, 0.0, 1.0, 0.0, 1.0, 1.0, 0.0, 0.0, 0.0, 1, 0.0, 123.8864739] 0.677729478
[0.0, 1.0, 0.0, 1.0, 0.0, 1.0, 1.0, 1.0, 0.0, 1.0, 0.0, 0.0, 124.4638379] 0.6892767580000001
[0, 1, 1.0, 1.0, 0.0, 1.0, 1, 1.0, 0, 0.0, 0.0, 0.0, 124.9785213] 0.699570426
[0.0, 1.0, 1, 1.0, 0.0, 1, 1.0, 0.0, 0.0, 1.0, 0.0, 1.0, 125.3297246] 0.7065944920000001
[1, 0.0, 0.0, 1, 1.0, 1.0, 1.0, 1.0, 1.0, 1.0, 1.0, 0.0, 104.4315209] 0.19445233822264343
[0, 1.0, 1.0, 1.0, 1.0, 1.0, 1.0, 0.0, 0.0, 0.0, 1.0, 1.0, 170.6176486] 0.9950784777420847
[1.0, 0.0, 0.0, 0.0, 1.0, 1.0, 0.0, 0.0, 0.0, 1.0, 1.0, 1.0, 30.02642894] 0
[1, 1.0, 0.0, 1.0, 1.0, 1.0, 0.0, 1.0, 0.0, 1.0, 0.0, 1.0, 123.7853417] 0.6757068340000001
[0, 1.0, 0.0, 1.0, 0.0, 1.0, 1.0, 0.0, 1.0, 1.0, 0, 0.0, 124.3121915] 0.68624383
[0.0, 1.0, 1.0, 1.0, 1.0, 0.0, 1.0, 0.0, 1.0, 1.0, 1.0, 1.0, 117.0261328] 0.540522656
[1.0, 0.0, 0.0, 1.0, 0.0, 1.0, 1.0, 0.0, 0.0, 1.0, 1.0, 1.0, 99.86107993] 0
[0.0, 1.0, 1.0, 1.0, 0.0, 0.0, 0.0, 0.0, 1.0, 1.0, 1.0, 1.0, 55.91516757] 0
[1.0, 1.0, 0.0, 1.0, 0.0, 1.0, 1.0, 0.0, 1.0, 1.0, 0.0, 0.0, 124.2938669] 0.6858773380000001
[0.0, 1.0, 1.0, 1.0, 1.0, 1.0, 0.0, 0.0, 0.0, 0.0, 1.0, 1.0, 125.0818102] 0
[1.0, 1, 1.0, 1.0, 1, 0.0, 1.0, 0.0, 1.0, 1.0, 0.0, 1.0, 115.0481396] 0.500962792
[0, 1.0, 1, 1.0, 1.0, 0.0, 1.0, 1, 1.0, 0.0, 0.0, 1.0, 117.386651] 0.54773302
[0.0, 1.0, 0.0, 1.0, 0.0, 1.0, 1, 0.0, 0.0, 0.0, 1.0, 1.0, 124.0747077] 0.6814941540000001
[1.0, 1.0, 1.0, 1.0, 1.0, 1.0, 1.0, 1, 0.0, 1.0, 0.0, 0.0, 170.0739989] 0.9924674364938489
[0.0, 1.0, 0, 1.0, 1.0, 1.0, 1.0, 1.0, 1.0, 1.0, 0.0, 0.0, 169.9597268] 0.9919186103533719
