[1, 1, 0, 0, 1, 0.0, 0.0, 0.0, 0, 1, 0, 40, 512, 10.0, 305319.4] 0.7122755384615385
[1, 0, 1, 1.0, 1, 0.0, 0.0, 0.0, 1.0, 0.0, 1.0, 0, 1, 10.0, 424574.6] 0.9874798461538461
[1, 0.0, 1.0, 1, 1, 0, 0, 0.0, 1.0, 0.0, 1, 0, 1, 10.0, 424574.6] 0.9874798461538461
[1, 0.0, 1, 1.0, 1.0, 1, 0, 0.0, 0.0, 0.0, 0.0, 0.0, 512.0, 8.0, 132073.0] 0.06804866666666667
[1, 1.0, 0.0, 0, 1, 0.0, 0, 0, 0.0, 1, 0, 40, 512.0, 10.0, 305319.4] 0.7122755384615385
[1, 0.0, 1, 1.0, 1.0, 0, 0.0, 0, 1.0, 0.0, 1, 0, 1, 10.0, 424574.6] 0.9874798461538461
[1.0, 0.0, 1.0, 1.0, 1, 0.0, 0.0, 0.0, 1.0, 0, 1.0, 20, 64.0, 10.0, 417418.2] 0.9709650769230769
[1, 1, 1.0, 1, 1.0, 0.0, 0.0, 0.0, 1.0, 0.0, 0.0, 10.0, 2, 10.0, 417681.0] 0.9715715384615384
[1, 1.0, 0, 1.0, 1, 0, 0.0, 0, 1, 0.0, 1, 90, 2, 10.0, 421820.2] 0.9811235384615384
[1, 1, 1.0, 0, 1.0, 0, 0, 0.0, 0, 1, 1.0, 0.0, 4096.0, 10, 299179.4] 0.6958970000000001
[1.0, 0.0, 0, 0, 1.0, 0.0, 0.0, 0.0, 0.0, 1.0, 1, 60, 64, 10.0, 303355.8] 0.7077441538461537
[1, 0.0, 1.0, 1, 1.0, 0.0, 0.0, 0, 0, 1.0, 0.0, 100, 128, 10.0, 303174.2] 0.7073250769230769
[1.0, 1.0, 0.0, 0.0, 1.0, 0.0, 0.0, 0.0, 0.0, 1.0, 0.0, 70.0, 512, 10.0, 302754.6] 0.7063567692307692
[1.0, 0, 0, 1, 1, 0, 0.0, 0, 1, 0, 1, 90, 256.0, 10.0, 417030.8] 0.9700710769230769
[1, 0.0, 0.0, 1, 1, 0.0, 0.0, 0, 1, 0, 1.0, 90, 128, 10, 416445.2] 0.9687196923076924
[1.0, 0, 1, 1.0, 1, 0.0, 0.0, 0.0, 1.0, 0.0, 1.0, 10.0, 256.0, 10.0, 416895.0] 0.9697576923076923
[1, 1, 0.0, 1.0, 1, 0, 0.0, 0, 1, 0, 0.0, 0, 4, 10.0, 421345.4] 0.9800278461538462
[1, 0.0, 0.0, 0, 1.0, 0.0, 0.0, 0.0, 0.0, 1.0, 1.0, 40, 512.0, 10.0, 303522.4] 0.7081286153846154
[1, 0, 1, 1.0, 1.0, 0.0, 0.0, 0.0, 1.0, 0, 1.0, 0, 4, 10.0, 422067.4] 0.9816940000000001
[1.0, 1, 1.0, 1, 1, 0.0, 0, 0, 1, 0.0, 1, 100, 1, 10.0, 421113.8] 0.9794933846153846
[1.0, 1, 1, 1, 1.0, 0, 0.0, 0.0, 1, 0.0, 0, 0.0, 512, 10, 421840.6] 0.9811706153846154
[1, 1, 1, 1, 1.0, 0, 0.0, 0.0, 0, 1.0, 1, 50.0, 1024, 10, 304187.8] 0.7096641538461538
[1, 0, 1, 1.0, 1, 0.0, 0.0, 0.0, 1, 0.0, 0.0, 0.0, 2048, 10.0, 422252.6] 0.9821213846153846
[1, 1, 0, 1.0, 1.0, 1, 0, 0.0, 0.0, 0.0, 0, 0, 1, 8.0, 131978.6] 0.06798573333333334
[1, 0, 0, 1.0, 1, 0, 1, 0, 0.0, 0.0, 1, 10, 4, 8.0, 114770.8] 0.05651386666666667
[1, 1, 0, 1.0, 1, 0.0, 0, 0, 1, 0, 1, 0, 32.0, 10.0, 422006.6] 0.9815536923076922
[1.0, 0.0, 1, 1, 1.0, 0.0, 0, 0.0, 1.0, 0.0, 1.0, 0, 1, 10.0, 424574.6] 0.9874798461538461
[1.0, 1.0, 1, 1, 1.0, 0.0, 0, 0, 1, 0.0, 0.0, 0, 64, 10.0, 421857.4] 0.9812093846153846
[1.0, 1, 1, 1.0, 1.0, 0, 0.0, 0.0, 1.0, 0.0, 1.0, 70, 1, 10.0, 420009.4] 0.9769447692307693
[1, 0, 1.0, 1.0, 1, 0.0, 0, 0.0, 1.0, 0.0, 1, 50.0, 1, 10, 420763.0] 0.9786838461538462
