[1, 0.0, 1.0, 1, 1.0, 0.0, 0.0, 0.0, 1.0, 0.0, 1.0, 0, 1, 10, 424574.6] 0.9874798461538461
[1, 1, 0, 1.0, 1.0, 0.0, 0, 0, 1, 0, 1, 0, 256, 10.0, 422061.4] 0.9816801538461539
[1, 0, 0, 1, 1.0, 0, 0.0, 0.0, 1, 0, 1, 50, 2048, 10.0, 416101.4] 0.9679263076923077
[1.0, 1, 0.0, 1, 1, 0.0, 0, 0.0, 1, 0, 0, 0, 1, 10, 421349.8] 0.980038
[1, 0.0, 1, 1, 1, 0, 0.0, 0.0, 1, 0, 0, 0, 2048, 10.0, 422252.6] 0.9821213846153846
[1, 0, 1.0, 1.0, 1, 0.0, 0.0, 0, 1.0, 0.0, 1.0, 0, 64.0, 10.0, 421830.0] 0.9811461538461539
[1, 0.0, 1, 1.0, 1, 0.0, 0.0, 0.0, 1.0, 0, 1, 0, 1, 10.0, 424574.6] 0.9874798461538461
[1, 0, 1, 1, 1, 0.0, 0.0, 0.0, 1, 0, 0.0, 0, 128, 10, 421752.2] 0.9809666153846154
[1, 0, 1, 1, 1, 0, 0, 0, 0.0, 1, 0, 100, 1024, 10.0, 303597.2] 0.7083012307692308
[1, 0, 0, 1, 1, 0.0, 0, 0, 1, 0, 0, 0, 512, 10, 421739.6] 0.9809375384615384
[1, 0, 1, 1.0, 1.0, 0.0, 1, 0.0, 0.0, 0.0, 0.0, 0, 4.0, 8.0, 132074.2] 0.06804946666666667
[1, 0.0, 1, 1.0, 1, 0, 0.0, 0.0, 1.0, 0.0, 1, 0, 1.0, 10.0, 424574.6] 0.9874798461538461
[1, 1, 0, 1, 1.0, 0.0, 0.0, 0.0, 1.0, 0, 0.0, 70, 2, 10.0, 419290.2] 0.975285076923077
[1, 1, 1, 1, 1.0, 0.0, 0.0, 0, 0.0, 1.0, 0, 60.0, 4096, 10.0, 304027.8] 0.709294923076923
[1.0, 0, 1, 1.0, 1, 0, 0.0, 0, 0.0, 1, 0.0, 100, 1024, 10, 303597.2] 0.7083012307692308
[1, 1, 1, 0.0, 1.0, 0.0, 0.0, 0, 0.0, 1.0, 1.0, 100, 256, 10, 303902.8] 0.7090064615384615
[1.0, 0.0, 0.0, 1, 1, 0, 0.0, 0, 1, 0, 1, 0, 64, 10.0, 421875.8] 0.9812518461538462
[1.0, 1, 1, 1, 1.0, 0.0, 0, 0.0, 1.0, 0, 0, 0, 2, 10, 421697.4] 0.980840153846154
[1.0, 1, 0, 1.0, 1.0, 0.0, 0, 0, 1, 0, 1, 0, 256, 10.0, 422061.4] 0.9816801538461539
[1, 0, 0, 1.0, 1, 0.0, 0, 0.0, 1, 0, 0.0, 0, 8, 10.0, 422061.6] 0.9816806153846154
[1.0, 1.0, 1.0, 1.0, 1.0, 0.0, 0.0, 0.0, 1.0, 0.0, 0.0, 0.0, 128.0, 10.0, 422401.4] 0.9824647692307693
[1.0, 0.0, 1, 1, 1, 0, 0.0, 0, 1, 0.0, 1, 0, 2.0, 10.0, 420516.2] 0.9781143076923078
[1, 0, 1.0, 1.0, 1, 0.0, 0.0, 0.0, 1.0, 0, 1, 0, 1, 10, 424574.6] 0.9874798461538461
[1, 0.0, 1.0, 1, 1, 0.0, 0.0, 0, 1, 0.0, 0, 0, 2048.0, 10.0, 422252.6] 0.9821213846153846
[1.0, 0, 0, 1, 1.0, 0.0, 0.0, 0.0, 1, 0, 0, 0.0, 8.0, 10.0, 422061.6] 0.9816806153846154
[1, 0, 0, 1.0, 1.0, 0.0, 0.0, 0.0, 1.0, 0.0, 0.0, 0.0, 8, 10.0, 422061.6] 0.9816806153846154
[1.0, 0, 0, 1.0, 1, 0.0, 0.0, 0.0, 1.0, 0, 1, 0, 64, 10.0, 421875.8] 0.9812518461538462
[1, 0, 0, 1, 1, 0, 0, 0.0, 1, 0, 1, 0, 1024, 10, 420589.0] 0.9782823076923077
[1.0, 1.0, 1.0, 1, 1, 0, 0.0, 0, 1, 0, 0, 0.0, 128, 10.0, 422401.4] 0.9824647692307693
[1, 0, 0, 1.0, 1, 0.0, 0, 0, 1, 0.0, 0.0, 0, 16, 10, 420781.2] 0.9787258461538462
