[1.0, 1.0, 0, 1, 1.0, 0.0, 0.0, 0.0, 1.0, 0, 1, 0, 256, 10, 422061.4] 0.9816801538461539
[1, 1, 0.0, 1.0, 1.0, 0, 0.0, 0.0, 1, 0.0, 1, 0.0, 256, 10.0, 422061.4] 0.9816801538461539
[1.0, 1, 1, 1.0, 1.0, 0, 0, 0.0, 1, 0, 1, 50.0, 1024, 10, 416717.2] 0.9693473846153846
[1.0, 1, 1.0, 1, 1, 0.0, 0.0, 0.0, 0.0, 1, 1.0, 40, 4096.0, 10.0, 303945.8] 0.7091056923076923
[1.0, 1.0, 1.0, 1.0, 1.0, 1.0, 0.0, 0.0, 0.0, 0.0, 1.0, 0.0, 8.0, 8.0, 132275.8] 0.06818386666666666
[1, 1.0, 0.0, 1, 1, 0.0, 0.0, 0, 1, 0.0, 1, 0.0, 256, 10.0, 422061.4] 0.9816801538461539
[1.0, 1, 1, 1.0, 1, 0, 0.0, 0.0, 1, 0.0, 0.0, 0, 128.0, 10.0, 422401.4] 0.9824647692307693
[1, 0, 1.0, 0, 1, 0.0, 0.0, 0.0, 0.0, 1.0, 0.0, 60, 256, 10.0, 304798.6] 0.7110736923076922
[1.0, 1.0, 1.0, 1.0, 1.0, 0.0, 0, 0.0, 1.0, 0.0, 0, 0.0, 128, 10, 422401.4] 0.9824647692307693
[1, 1, 0.0, 1.0, 1, 0.0, 0.0, 0.0, 1, 0.0, 1.0, 40, 1.0, 10.0, 421557.6] 0.9805175384615384
[1.0, 0, 1, 1.0, 1, 0, 0, 0.0, 1.0, 0, 1.0, 0.0, 1, 10.0, 424574.6] 0.9874798461538461
[1, 1, 1, 1, 1, 1.0, 0, 0, 0, 0, 0, 0, 16, 8, 132598.2] 0.06839880000000001
[1.0, 0, 1, 1.0, 1, 0.0, 1, 0.0, 0, 0.0, 0.0, 0.0, 4, 8.0, 132074.2] 0.06804946666666667
[1, 0.0, 1, 1.0, 1.0, 0.0, 0, 0.0, 1, 0, 1, 0, 1, 10, 424574.6] 0.9874798461538461
[1, 1.0, 1.0, 1.0, 1.0, 0.0, 0, 0.0, 1.0, 0, 0, 0, 128, 10.0, 422401.4] 0.9824647692307693
[1.0, 0, 1, 1.0, 1, 0, 0.0, 0, 1, 0, 0.0, 0, 2048, 10.0, 422252.6] 0.9821213846153846
[1.0, 1.0, 0.0, 1.0, 1.0, 0, 0.0, 0, 1.0, 0, 1.0, 0, 32.0, 10.0, 422006.6] 0.9815536923076922
[1, 0, 1, 1, 1, 0, 0, 0, 1, 0, 0, 0, 2048, 10, 422252.6] 0.9821213846153846
[1, 0, 1, 1.0, 1.0, 0.0, 0.0, 0, 1, 0.0, 1, 0.0, 1, 10, 424574.6] 0.9874798461538461
[1, 0, 1, 1.0, 1.0, 0.0, 0.0, 0.0, 1.0, 0, 0, 0.0, 2048, 10.0, 422252.6] 0.9821213846153846
[1.0, 0, 0, 1, 1.0, 0, 0.0, 0, 1, 0, 0.0, 100.0, 2048.0, 10, 416096.0] 0.9679138461538461
[1, 0, 0.0, 1, 1, 0, 0.0, 0, 1, 0.0, 0, 0, 512, 10.0, 421739.6] 0.9809375384615384
[1, 1, 0, 1, 1, 0, 0, 0.0, 0.0, 1, 1, 40, 2048.0, 10, 303936.6] 0.7090844615384615
[1.0, 0.0, 1.0, 1, 1, 0.0, 0.0, 0.0, 1.0, 0, 1, 0.0, 1, 10.0, 424574.6] 0.9874798461538461
[1, 1, 0, 1.0, 1, 0.0, 0.0, 0, 1, 0.0, 1, 0.0, 256, 10.0, 422061.4] 0.9816801538461539
[1.0, 1, 1, 1, 1.0, 0.0, 0.0, 0.0, 1.0, 0, 0.0, 0.0, 128, 10.0, 422401.4] 0.9824647692307693
[1.0, 0, 1, 1, 1, 0.0, 1.0, 0.0, 0, 0.0, 1.0, 0.0, 256.0, 8.0, 131831.2] 0.06788746666666667
[1, 0, 0, 1, 1, 0, 0, 0.0, 1.0, 0, 0.0, 80, 1, 10.0, 420688.8] 0.9785126153846153
[1.0, 1.0, 1, 1.0, 1.0, 0.0, 0, 0, 1, 0.0, 0, 10.0, 1, 10, 420823.8] 0.9788241538461537
[1, 0, 0.0, 1, 1.0, 0, 0, 0, 1, 0.0, 0.0, 0, 8, 10, 422061.6] 0.9816806153846154
