[0.0, 1.0, 0.0, 1.0, 1.0, 1.0, 1.0, 1.0, 0.0, 0, 1.0, 0, 170.735281] 0.9974677364027602
[1, 1, 0.0, 1.0, 1.0, 1.0, 1.0, 0, 0.0, 1.0, 0, 1.0, 170.3418882] 0.9963695236773009
[0, 1.0, 1.0, 1.0, 1.0, 1.0, 1.0, 0.0, 0.0, 0.0, 1.0, 1.0, 170.6176486] 0.99713934859646
[0.0, 1, 1, 1.0, 1.0, 1, 1.0, 0.0, 0.0, 0.0, 0, 0.0, 171.3028867] 0.999052289558749
[0, 1.0, 1, 1.0, 1.0, 1, 1.0, 0, 1.0, 0, 1, 0.0, 170.2916942] 0.9962293998887066
[0.0, 1.0, 0.0, 1.0, 1.0, 1, 1.0, 0.0, 1.0, 1.0, 1.0, 0.0, 170.3049545] 0.9962664179281915
[1.0, 1.0, 1.0, 1.0, 1.0, 1.0, 1.0, 1.0, 0.0, 1.0, 0.0, 0.0, 170.0739989] 0.9956216720687447
[0.0, 1.0, 0.0, 1.0, 1.0, 1.0, 1.0, 1.0, 1.0, 0.0, 1, 1, 170.4742329] 0.9967389829904534
[1.0, 1.0, 1.0, 1.0, 1.0, 1, 1.0, 0.0, 0, 1.0, 1.0, 1, 170.6573937] 0.9972503027740521
[1.0, 1, 0, 1.0, 1.0, 1.0, 1.0, 1.0, 0.0, 1.0, 0, 0, 170.4227512] 0.9965952644016325
[0.0, 1.0, 1, 1.0, 1.0, 1, 1, 0.0, 0, 0.0, 1.0, 0, 171.6423678] 1.0
[0.0, 1.0, 0.0, 1, 1.0, 1, 1, 1.0, 0.0, 0.0, 0, 0.0, 170.2016315] 0.9959779768752981
[0, 1, 1.0, 1.0, 1, 1.0, 1.0, 1, 1.0, 1.0, 1.0, 0, 170.2764871] 0.9961869470763081
[0.0, 1.0, 0.0, 1.0, 1.0, 1.0, 1, 1.0, 1.0, 0, 0.0, 0.0, 170.6651847] 0.9972720524739552
[0.0, 1.0, 0.0, 1.0, 1.0, 1.0, 1, 0.0, 0, 1.0, 0.0, 1.0, 170.313175] 0.9962893666392751
[0.0, 1.0, 0.0, 1.0, 1, 1.0, 1.0, 0.0, 1.0, 1, 1.0, 0.0, 170.3049545] 0.9962664179281915
[0.0, 1.0, 0.0, 1.0, 0.0, 1.0, 1.0, 1.0, 1, 0.0, 0.0, 0, 124.7782342] 0.8691720136028224
[0.0, 1.0, 0.0, 1.0, 1.0, 1.0, 1.0, 0, 1.0, 1.0, 0.0, 1.0, 171.1972303] 0.9987573344832972
[0, 1.0, 0.0, 1, 0.0, 1.0, 1.0, 1.0, 1.0, 0.0, 0.0, 0.0, 124.7782342] 0.8691720136028224
[0, 1.0, 1.0, 1.0, 1.0, 1.0, 1, 0, 0.0, 0.0, 1.0, 0.0, 171.6423678] 1.0
[0.0, 1.0, 1.0, 1.0, 1.0, 0.0, 1.0, 1.0, 1.0, 1.0, 1.0, 0.0, 117.4273846] 0.8486510570076384
[0.0, 1.0, 0.0, 1.0, 1.0, 1.0, 1.0, 0, 0, 0.0, 0, 1.0, 171.4235804] 0.9993892234254156
[0.0, 1, 1.0, 1.0, 1.0, 1, 1.0, 0.0, 0.0, 0.0, 1.0, 0.0, 171.6423678] 1.0
[0.0, 1.0, 0, 1.0, 1.0, 1, 1.0, 1.0, 0.0, 1, 1.0, 0.0, 170.5539949] 0.9969616501145291
[0.0, 1, 0, 1, 1.0, 1, 1.0, 1, 0.0, 1.0, 1.0, 0, 170.5539949] 0.9969616501145291
[0.0, 1.0, 1, 1.0, 1.0, 1.0, 1.0, 1.0, 1.0, 0.0, 1, 1.0, 170.6282685] 0.997168995578619
[1.0, 1, 0.0, 1, 1.0, 1, 1.0, 0.0, 0.0, 1, 1.0, 0, 170.7705431] 0.9975661756394378
[1, 1.0, 1.0, 1.0, 1.0, 1.0, 1.0, 0.0, 0.0, 1.0, 1.0, 0.0, 169.9866829] 0.9953779168644397
[0.0, 1, 1, 1.0, 1.0, 1.0, 1, 0.0, 0, 0, 1.0, 1.0, 170.6176486] 0.99713934859646
[0.0, 1.0, 1.0, 1.0, 1.0, 1.0, 1.0, 0, 0.0, 0.0, 1.0, 0.0, 171.6423678] 1.0
