[0.0, 1, 1.0, 1.0, 1.0, 1, 1, 1.0, 0.0, 0, 0.0, 1.0, 169.8334525] 0.9949501521081776
[1.0, 1.0, 1.0, 1.0, 1.0, 1.0, 1.0, 0.0, 0.0, 0.0, 0.0, 1.0, 168.4872532] 0.9911920426504943
[0.0, 0.0, 0.0, 1.0, 1.0, 1.0, 1.0, 1.0, 1.0, 1.0, 1.0, 0, 105.7523377] 0.8160584801330366
[0.0, 1.0, 1.0, 1.0, 1.0, 1.0, 1.0, 1.0, 0.0, 1.0, 1.0, 0.0, 170.2567158] 0.9961317526414866
[0.0, 1.0, 1.0, 1, 0.0, 1, 1.0, 1.0, 1.0, 0.0, 0.0, 1.0, 124.4524353] 0.8682624989957409
[0.0, 1.0, 0.0, 1.0, 1.0, 1.0, 1, 0.0, 1.0, 1.0, 1.0, 0.0, 170.3049545] 0.9962664179281915
[1.0, 1.0, 1.0, 1.0, 1.0, 1.0, 1.0, 1.0, 0.0, 0.0, 1.0, 0.0, 169.9594309] 0.9953018389769077
[0, 1.0, 1.0, 1, 1, 1.0, 1.0, 1.0, 0.0, 1.0, 0, 1.0, 170.3886647] 0.9965001070218675
[0, 1.0, 0, 1.0, 1.0, 1.0, 1.0, 0, 1.0, 0.0, 0.0, 1.0, 170.4570768] 0.9966910892635238
[0.0, 1.0, 1.0, 1.0, 1, 1.0, 1.0, 0.0, 0.0, 1.0, 1.0, 0.0, 170.1198454] 0.9957496591842125
[0.0, 1.0, 0.0, 1.0, 1.0, 1.0, 1.0, 1.0, 1.0, 1.0, 1.0, 1.0, 169.8953624] 0.9951229825209658
[0.0, 1.0, 1.0, 1.0, 1.0, 1, 1, 0, 0.0, 0.0, 0.0, 1.0, 171.5690527] 0.9997953303268684
[0.0, 1.0, 0.0, 1.0, 1.0, 1.0, 1.0, 0.0, 1.0, 1.0, 0.0, 1.0, 171.1972303] 0.9987573344832972
[1.0, 1.0, 0, 1.0, 0.0, 1.0, 1, 0.0, 1.0, 1.0, 0.0, 0.0, 124.2938669] 0.8678198324427798
[1.0, 1, 0.0, 1.0, 1.0, 1.0, 1.0, 0.0, 0.0, 0.0, 0.0, 1.0, 170.1596611] 0.9958608104518847
[0, 1.0, 1.0, 1.0, 1.0, 1.0, 1.0, 0.0, 1.0, 0.0, 1.0, 1, 169.8946455] 0.9951209811912443
[0, 1.0, 1.0, 1.0, 1.0, 1.0, 0.0, 1.0, 1.0, 1.0, 1.0, 1.0, 125.6215169] 0.8715261588548446
[1.0, 1.0, 0.0, 1.0, 1.0, 1, 1.0, 0.0, 1.0, 0, 0, 0.0, 170.2000723] 0.9959736241436732
[1.0, 1.0, 1.0, 1.0, 1.0, 1.0, 1.0, 0, 1.0, 0.0, 0.0, 0.0, 169.4888957] 0.9939882721184992
[1.0, 1.0, 0.0, 1.0, 1.0, 1.0, 1.0, 0.0, 1.0, 0.0, 0.0, 1.0, 170.3206944] 0.9963103581286157
[0.0, 1, 1.0, 1.0, 1.0, 1.0, 1.0, 1.0, 1.0, 1, 0.0, 0.0, 169.9679244] 0.9953255498068561
[0, 1.0, 1, 1.0, 1.0, 1.0, 1.0, 1.0, 0.0, 0.0, 0.0, 0.0, 169.4107442] 0.9937701009373954
[0.0, 1.0, 1.0, 1, 1.0, 1.0, 1.0, 1.0, 1.0, 1.0, 0.0, 1.0, 170.2653241] 0.9961557839521882
[0.0, 1.0, 1.0, 1.0, 1.0, 1.0, 1.0, 1.0, 0.0, 1, 1.0, 0.0, 170.2567158] 0.9961317526414866
[1, 1.0, 0, 1.0, 1.0, 1, 1.0, 0.0, 0.0, 0, 0, 1.0, 170.1596611] 0.9958608104518847
[1.0, 1.0, 1.0, 1.0, 1, 1.0, 1.0, 1.0, 1.0, 0.0, 0.0, 1.0, 169.98281] 0.9953671051056467
[0.0, 1.0, 1.0, 1.0, 1.0, 1.0, 1.0, 0.0, 0.0, 0.0, 1.0, 0, 171.6423678] 1.0
[0.0, 1.0, 0.0, 1.0, 1.0, 1.0, 1.0, 0.0, 1, 1.0, 0.0, 1.0, 171.1972303] 0.9987573344832972
[0.0, 1.0, 1.0, 1.0, 1.0, 1.0, 0.0, 0, 0.0, 0.0, 0.0, 1, 124.7198875] 0.8690091303766205
[1.0, 1.0, 0, 1.0, 1.0, 1.0, 1.0, 1.0, 0, 0.0, 1.0, 0.0, 169.9990129] 0.9954123378373321
