[0.0, 1, 1.0, 1.0, 1.0, 1, 1.0, 1.0, 0.0, 1.0, 0.0, 1.0, 170.3886647] 0.9965001070218675
[1, 1, 0.0, 1.0, 1.0, 1.0, 1.0, 0.0, 0, 1.0, 1.0, 0.0, 170.7705431] 0.9975661756394378
[0, 1.0, 0.0, 1.0, 0, 1.0, 1, 1.0, 0, 0.0, 1.0, 0.0, 125.0754786] 0.8700018142058114
[0.0, 1.0, 1.0, 1.0, 1.0, 1.0, 1.0, 1, 1.0, 1.0, 1.0, 0.0, 170.2764871] 0.9961869470763081
[0.0, 1, 1.0, 1, 1.0, 1.0, 1.0, 1, 0.0, 0.0, 0.0, 1.0, 169.8334525] 0.9949501521081776
[0.0, 1.0, 0.0, 1.0, 1.0, 1.0, 1, 0.0, 1.0, 1.0, 1.0, 0.0, 170.3049545] 0.9962664179281915
[1.0, 1.0, 0.0, 1.0, 1, 1, 1.0, 1, 0.0, 0.0, 1, 0.0, 169.9990129] 0.9954123378373321
[0, 1.0, 1.0, 1.0, 1, 1.0, 1, 0, 0.0, 1.0, 0, 1.0, 170.6936717] 0.9973515780420648
[0, 1.0, 0, 1.0, 1.0, 1.0, 1.0, 0, 1.0, 0.0, 0.0, 1.0, 170.4570768] 0.9966910892635238
[0.0, 1.0, 1.0, 1.0, 1, 1.0, 1.0, 1.0, 0.0, 1, 1.0, 0, 170.2567158] 0.9961317526414866
[0.0, 1.0, 0.0, 1.0, 1.0, 1.0, 1.0, 1.0, 1.0, 1.0, 1.0, 1.0, 169.8953624] 0.9951229825209658
[0.0, 1.0, 1.0, 1.0, 1.0, 1, 1, 0, 0.0, 0.0, 0.0, 1.0, 171.5690527] 0.9997953303268684
[0.0, 1.0, 0.0, 1.0, 1.0, 1.0, 1.0, 0.0, 1.0, 1.0, 0.0, 1.0, 171.1972303] 0.9987573344832972
[1.0, 1, 1.0, 1.0, 1.0, 1, 1, 0.0, 0.0, 0.0, 1.0, 0.0, 169.6221395] 0.994360241398945
[0, 1.0, 0, 1, 1.0, 1.0, 1.0, 0.0, 0.0, 0.0, 0.0, 1, 171.4235804] 0.9993892234254156
[0, 1.0, 1.0, 1.0, 1.0, 1.0, 1.0, 0.0, 1, 0.0, 1.0, 0.0, 170.2916942] 0.9962293998887066
[0, 1.0, 1.0, 1.0, 1.0, 1.0, 0.0, 1.0, 1.0, 1.0, 1.0, 1.0, 125.6215169] 0.8715261588548446
[1.0, 1.0, 0.0, 1.0, 1.0, 1, 1.0, 0.0, 1.0, 0, 0, 0.0, 170.2000723] 0.9959736241436732
[1.0, 1.0, 1, 1.0, 1.0, 1.0, 1.0, 0, 0.0, 0.0, 0, 0, 169.5646741] 0.9941998184487699
[0.0, 1.0, 0.0, 1.0, 1.0, 1, 1.0, 0.0, 1.0, 0.0, 0.0, 1.0, 170.4570768] 0.9966910892635238
[1.0, 1, 0, 1.0, 1.0, 1, 1.0, 1.0, 0.0, 1.0, 0.0, 0.0, 170.4227512] 0.9965952644016325
[0, 1.0, 0.0, 1.0, 1.0, 1.0, 1.0, 1.0, 1.0, 0, 0.0, 1.0, 169.8426681] 0.9949758787843972
[0.0, 1.0, 0.0, 1, 1.0, 1.0, 1.0, 1.0, 1.0, 1.0, 0.0, 1.0, 170.3034718] 0.9962622787573474
[0.0, 1.0, 1.0, 1.0, 1.0, 1.0, 1.0, 1.0, 0.0, 1, 1.0, 0.0, 170.2567158] 0.9961317526414866
[0.0, 1.0, 1.0, 1.0, 1.0, 1, 1, 0, 0.0, 0.0, 0.0, 0.0, 171.3028867] 0.999052289558749
[1.0, 1.0, 1.0, 1.0, 1, 1.0, 1.0, 1.0, 1.0, 0.0, 0.0, 1.0, 169.98281] 0.9953671051056467
[0.0, 1.0, 1.0, 1.0, 1.0, 1.0, 1.0, 0.0, 0.0, 0.0, 1.0, 0, 171.6423678] 1.0
[0.0, 1.0, 0.0, 1.0, 1.0, 1.0, 1.0, 0.0, 1, 1.0, 0.0, 1.0, 171.1972303] 0.9987573344832972
[0.0, 1.0, 0.0, 1.0, 1, 1, 1.0, 0.0, 1.0, 0.0, 0.0, 1.0, 170.4570768] 0.9966910892635238
[0, 1.0, 0.0, 1.0, 1.0, 1.0, 1.0, 0.0, 0, 1, 1.0, 0.0, 170.5559134] 0.9969670058839122
