[  1.   1.   0.   0.   1.   0.   0.   0.   1.   0.   1.   0. 128.  10.] 0.0
[ 1.  0.  1.  0.  1.  1.  0.  0.  0.  0.  0. 90.  4. 10.] 0.0
[ 1.  1.  0.  0.  1.  1.  0.  0.  0.  0.  0. 30.  4.  8.] 0.0
[7.17764560e-01 7.50358641e-01 2.35993173e-01 9.99847470e-01
 9.39559799e-01 1.77107583e-02 4.15900401e-01 4.68203377e-01
 7.57007225e-01 2.84860443e-01 9.38270909e-01 9.62630946e+01
 1.04936097e+01 9.30008330e+00] 0.882035
[  1.   1.   0.   1.   1.   0.   1.   0.   0.   0.   1.  80. 512.   6.] 0.0
[ 1.  1.  1.  1.  1.  1.  0.  0.  0.  0.  1. 10.  1.  2.] 0.0
[  1.   1.   0.   0.   1.   0.   0.   0.   0.   1.   0. 100.  16.  10.] 0.11332114285714293
[1.000e+00 0.000e+00 0.000e+00 1.000e+00 1.000e+00 0.000e+00 0.000e+00
 0.000e+00 1.000e+00 0.000e+00 0.000e+00 6.000e+01 1.024e+03 1.000e+01] 0.87807
[ 1.  0.  0.  1.  1.  0.  0.  0.  1.  0.  1.  0.  2. 10.] 0.9061239999999999
[1.000e+00 0.000e+00 0.000e+00 1.000e+00 1.000e+00 0.000e+00 1.000e+00
 0.000e+00 0.000e+00 0.000e+00 0.000e+00 3.000e+01 4.096e+03 8.000e+00] 0.0
[  1.   0.   1.   0.   1.   0.   0.   0.   0.   1.   1. 100.  16.   8.] 0.0
[2.63419807e-01 8.61350989e-02 2.42660873e-01 2.93716465e-01
 7.69643102e-01 2.27769276e-01 3.29962046e-01 1.88972995e-01
 2.99234410e-01 8.20867782e-01 2.67826122e-01 9.95947486e+01
 8.46475820e+01 9.08941483e+00] 0.1088594285714287
[8.36041239e-01 1.17825754e-03 6.90592466e-01 6.23831159e-01
 9.23950970e-01 2.81505257e-01 1.64615525e-01 2.83714406e-01
 6.35183574e-01 3.57399279e-01 7.40703746e-01 9.25039573e+01
 8.36046142e+02 9.00722720e+00] 0.8812129999999999
[ 1.  1.  0.  1.  1.  0.  1.  0.  0.  0.  1. 20. 64.  8.] 0.0
[ 1.  0.  1.  0.  1.  0.  0.  0.  0.  1.  1. 10. 16. 10.] 0.110465142857143
[1.000e+00 0.000e+00 0.000e+00 0.000e+00 1.000e+00 0.000e+00 0.000e+00
 0.000e+00 1.000e+00 0.000e+00 1.000e+00 4.000e+01 4.096e+03 8.000e+00] 0.0
[  1.   0.   1.   1.   1.   0.   0.   1.   0.   0.   0.  40. 256.   6.] 0.0
[6.02493863e-01 8.53758140e-01 6.06459922e-02 7.03918071e-01
 8.81107826e-01 2.15698364e-02 1.49399725e-02 2.56053444e-01
 9.46643611e-01 5.00124237e-02 9.66845591e-01 6.46203739e+01
 1.41737661e+01 9.25298471e+00] 0.8752089999999999
[1.000e+00 1.000e+00 0.000e+00 0.000e+00 1.000e+00 0.000e+00 0.000e+00
 0.000e+00 0.000e+00 1.000e+00 0.000e+00 3.000e+01 1.024e+03 1.000e+01] 0.12305599999999994
[  1.   0.   1.   0.   1.   0.   0.   0.   1.   0.   0.  20. 128.  10.] 0.0
[ 1.  1.  0.  1.  1.  0.  0.  0.  1.  0.  0. 10. 64.  4.] 0.0
[ 1.  0.  1.  1.  1.  1.  0.  0.  0.  0.  0. 40. 32.  8.] 0.0
[ 1.  0.  0.  0.  1.  0.  1.  0.  0.  0.  1. 40.  2.  6.] 0.0
[  1.   1.   0.   0.   1.   1.   0.   0.   0.   0.   0. 100.   1.   0.] 0.0
[ 1.  1.  1.  1.  1.  0.  0.  1.  0.  0.  0. 50. 16.  4.] 0.0
[1.000e+00 1.000e+00 0.000e+00 1.000e+00 1.000e+00 0.000e+00 0.000e+00
 0.000e+00 1.000e+00 0.000e+00 0.000e+00 2.000e+01 2.048e+03 1.000e+01] 0.8717079999999999
[ 1.  1.  0.  1.  1.  0.  0.  0.  1.  0.  1. 30.  8.  4.] 0.0
[ 1.  1.  1.  1.  1.  0.  0.  0.  1.  0.  1. 70. 64. 10.] 0.8788470000000002
[ 1.  1.  0.  1.  1.  0.  0.  0.  1.  0.  0. 90.  2. 10.] 0.8810579999999999
[1.000e+00 0.000e+00 0.000e+00 1.000e+00 1.000e+00 0.000e+00 0.000e+00
 0.000e+00 1.000e+00 0.000e+00 0.000e+00 9.000e+01 4.096e+03 1.000e+01] 0.8802639999999999
