[0, 1.0, 1.0, 1.0, 1.0, 1.0, 1, 0.0, 0, 0.0, 1.0, 0.0, 171.6423678] 1.0
[0.0, 1.0, 1.0, 1.0, 1.0, 1.0, 0, 1.0, 0.0, 1, 1.0, 1.0, 125.9674156] 0.08518655466971616
[0.0, 1.0, 0, 1, 1, 1.0, 1, 0, 0, 0, 0.0, 1.0, 171.4235804] 0.992483061735947
[0.0, 1.0, 1.0, 1.0, 1.0, 1.0, 1.0, 0, 0.0, 1.0, 0.0, 1, 170.6936717] 0.9674053898211331
[0.0, 1.0, 0.0, 1.0, 0.0, 1.0, 1.0, 0.0, 0.0, 0.0, 0.0, 1.0, 124.8248966] 0.024325226449206063
[1.0, 1.0, 1.0, 1.0, 1.0, 1.0, 1.0, 1.0, 1, 0.0, 0, 1.0, 169.98281] 0.9429821208706364
[0.0, 1.0, 1.0, 1, 1, 1.0, 1.0, 0.0, 1.0, 1.0, 1.0, 0.0, 170.1067212] 0.9472393717023789
[0.0, 1.0, 1.0, 1.0, 1.0, 1.0, 1.0, 0, 0.0, 0.0, 0, 1.0, 171.5690527] 0.9974810931501408
[0, 1.0, 0.0, 1.0, 1.0, 1.0, 1, 1.0, 0, 1.0, 1, 0, 170.5539949] 0.9626064759781942
[1.0, 1.0, 0.0, 1.0, 1.0, 1.0, 1.0, 0.0, 1.0, 0, 1.0, 1.0, 170.3253386] 0.9547504692301516
[0.0, 1, 0.0, 1.0, 1.0, 1.0, 1, 1.0, 0, 0, 1.0, 0.0, 170.735281] 0.9688349718688667
[0.0, 1.0, 1, 1.0, 1.0, 1.0, 1.0, 0.0, 0.0, 0.0, 0.0, 0.0, 171.3028867] 0.9883363554276304
[1, 1.0, 1.0, 1.0, 1, 1.0, 1, 1.0, 1.0, 0.0, 1, 0, 168.9820573] 0.9085989879137821
[0.0, 1.0, 0.0, 1.0, 1.0, 1.0, 1.0, 0.0, 0, 0.0, 0, 1.0, 171.4235804] 0.992483061735947
[0.0, 1.0, 0, 1, 1.0, 1.0, 1.0, 0, 0.0, 1.0, 0.0, 0.0, 170.2871644] 0.9534389078482817
[0.0, 1.0, 0.0, 1, 1.0, 1.0, 1.0, 1.0, 0.0, 0.0, 1.0, 0.0, 170.735281] 0.9688349718688667
[0, 1, 0, 1, 1.0, 1.0, 1.0, 0.0, 1.0, 1.0, 0.0, 1, 171.1972303] 0.9847062897291395
[0.0, 1.0, 1.0, 1.0, 1.0, 1.0, 1.0, 1.0, 1.0, 0.0, 1.0, 1.0, 170.6282685] 0.9651583142734934
[0.0, 1.0, 0.0, 1.0, 1.0, 1.0, 1.0, 0, 0, 0.0, 0, 1.0, 171.4235804] 0.992483061735947
[1.0, 1.0, 0, 1.0, 1.0, 1, 1.0, 0.0, 0, 1.0, 1.0, 0.0, 170.7705431] 0.9700464814382521
[0.0, 1.0, 1, 1.0, 1.0, 1.0, 1.0, 0.0, 0, 0, 0.0, 1.0, 171.5690527] 0.9974810931501408
[0.0, 1.0, 0.0, 1.0, 0.0, 1.0, 1.0, 1.0, 1.0, 0.0, 0.0, 0.0, 124.7782342] 0.021839547312179113
[0, 1.0, 1.0, 1.0, 1.0, 1.0, 1.0, 0.0, 0.0, 0.0, 1.0, 0.0, 171.6423678] 1.0
[0.0, 1.0, 0.0, 1.0, 1.0, 1, 1.0, 1.0, 1.0, 0, 0, 0.0, 170.6651847] 0.9664266542068877
[0.0, 1.0, 1, 1, 1.0, 1.0, 1.0, 0.0, 0, 0.0, 1, 0.0, 171.6423678] 1.0
[0.0, 1.0, 0.0, 1.0, 1.0, 1.0, 1.0, 1.0, 1.0, 0.0, 0.0, 0, 170.6651847] 0.9664266542068877
[0, 1.0, 1, 1.0, 1.0, 1, 1.0, 0, 0.0, 0.0, 1.0, 0, 171.6423678] 1.0
[1.0, 1, 0, 1.0, 1, 1.0, 1.0, 1.0, 0.0, 1.0, 0.0, 0.0, 170.4227512] 0.9580973004477664
[0.0, 1.0, 1.0, 1.0, 1.0, 1.0, 1.0, 0.0, 0.0, 0.0, 1.0, 0.0, 171.6423678] 1.0
[0.0, 1, 1.0, 1, 1.0, 1.0, 1.0, 0, 0.0, 0, 1.0, 0.0, 171.6423678] 1.0
