[1, 0, 0, 0.0, 0.0, 0.0, 4.0, 0, 2, 8.0, 8.0, 0, 19707.8] 0.991234
[1.0, 0.0, 0, 0, 0.0, 0, 3, 0, 1.0, 8, 8.0, 0, 19673.8] 0.9902139999999999
[1, 0, 0, 0, 0.0, 0, 4.0, 0, 2, 8, 8, 0, 19707.8] 0.991234
[1, 0, 0, 0.0, 0.0, 0.0, 4.0, 0.0, 4, 8, 8, 0, 16233.4] 0.887002
[1, 0.0, 1, 1.0, 1.0, 0.0, 2, 0.0, 1, 8, 8, 0, 16447.8] 0.893434
[1, 0, 0, 0.0, 0, 0, 3, 0.0, 1, 8, 10, 0, 18899.0] 0.96697
[1, 0.0, 0, 0, 0, 0.0, 3, 0.0, 1, 8, 8.0, 0, 19673.8] 0.9902139999999999
[1.0, 0.0, 0.0, 0, 0.0, 0, 3, 0, 1.0, 8.0, 8, 128, 19583.4] 0.9875020000000001
[1, 0, 0.0, 0, 0.0, 0, 4, 0.0, 2, 8, 8.0, 0, 19707.8] 0.991234
[1.0, 0, 0.0, 0, 0.0, 0, 4.0, 0.0, 2.0, 8, 8.0, 0, 19707.8] 0.991234
[1, 0.0, 0, 0, 0, 0, 3, 0, 1, 8, 8.0, 0, 19673.8] 0.9902139999999999
[1, 0.0, 0, 0, 0, 0, 3, 0.0, 2.0, 8, 8.0, 0, 19692.2] 0.990766
[1, 0.0, 1, 0.0, 0.0, 0.0, 2, 0, 2, 8, 8, 0, 16868.0] 0.90604
[1.0, 0.0, 0.0, 0.0, 0, 0, 4.0, 0, 2.0, 8, 8.0, 0, 19707.8] 0.991234
[1.0, 0.0, 0.0, 0, 0, 0.0, 3, 0.0, 2, 8, 8, 0.0, 19692.2] 0.990766
[1, 0, 0, 0.0, 0.0, 0.0, 4.0, 0.0, 2, 8, 8, 0.0, 19707.8] 0.991234
[1.0, 0, 0, 0, 0.0, 0.0, 3.0, 0, 1, 8, 8, 0, 19673.8] 0.9902139999999999
[1, 0.0, 0.0, 0.0, 0, 0.0, 4, 0.0, 2, 8.0, 8, 0, 19707.8] 0.991234
[1.0, 0, 0.0, 0.0, 0.0, 0.0, 4, 0, 2.0, 8.0, 8.0, 0, 19707.8] 0.991234
[1, 0, 0, 0.0, 0.0, 0, 3, 0.0, 1, 8, 10.0, 0, 18899.0] 0.96697
[1, 0, 0, 0.0, 0.0, 0.0, 3.0, 0.0, 1, 8, 8.0, 0, 19673.8] 0.9902139999999999
[1.0, 0, 0, 0.0, 0.0, 0, 4, 0, 2, 8, 8, 0.0, 19707.8] 0.991234
[1, 0, 0, 0.0, 0.0, 0.0, 3, 0.0, 2, 8.0, 8.0, 0, 19692.2] 0.990766
[1.0, 0.0, 0.0, 0, 0.0, 0, 4, 0.0, 1.0, 8, 10.0, 0, 18857.4] 0.9657220000000001
[1, 0.0, 0, 0, 0.0, 0.0, 4, 0.0, 2, 8, 8, 0, 19707.8] 0.991234
[1, 0, 0.0, 0, 0.0, 0, 4, 0.0, 2, 8.0, 8, 0, 19707.8] 0.991234
[1, 0, 0.0, 0, 0.0, 0, 4, 0, 2, 10.0, 8, 128, 17769.8] 0.933094
[1.0, 0.0, 0, 0, 0, 0.0, 4, 0.0, 2.0, 8.0, 8, 0.0, 19707.8] 0.991234
[1, 0, 0, 0, 0.0, 0, 3.0, 0.0, 2, 8, 8, 0, 19692.2] 0.990766
[1.0, 0.0, 0.0, 0.0, 0.0, 0, 4, 0.0, 1, 10, 8, 0.0, 17556.0] 0.92668
