[1.0, 0.0, 0, 0, 0, 0, 4.0, 0, 2, 8, 8.0, 0, 19707.8] 0.9420341463414633
[1, 0.0, 0, 0, 0, 0, 4, 0.0, 2, 8, 8.0, 0, 19707.8] 0.9420341463414633
[1, 0.0, 0.0, 0, 0, 0, 4, 0.0, 2, 8.0, 8, 0, 19707.8] 0.9420341463414633
[1, 0, 0, 0, 0, 0, 3, 0, 1.0, 8.0, 10.0, 128, 18822.0] 0.877219512195122
[1, 0.0, 0.0, 0.0, 0.0, 0.0, 4.0, 0.0, 2, 8.0, 8.0, 0.0, 19707.8] 0.9420341463414633
[1.0, 0, 1.0, 1.0, 1, 0, 1, 0.0, 1, 8, 8.0, 0.0, 16523.4] 0.709029268292683
[1, 0.0, 0.0, 0, 0.0, 0, 3, 0, 1, 8.0, 10, 0, 18899.0] 0.8828536585365854
[1, 0, 0, 0, 0, 0, 4, 0.0, 2, 8.0, 8, 0, 19707.8] 0.9420341463414633
[1, 0, 0, 0.0, 0, 0.0, 4, 0.0, 2, 8, 8, 0.0, 19707.8] 0.9420341463414633
[1.0, 0, 0, 0, 0, 0, 4.0, 0, 2.0, 8.0, 8.0, 0, 19707.8] 0.9420341463414633
[1.0, 0, 0, 0, 0, 0, 4, 0.0, 2, 8.0, 8, 0.0, 19707.8] 0.9420341463414633
[1, 0, 0, 0, 0, 0, 4, 0, 2, 8.0, 8.0, 0, 19707.8] 0.9420341463414633
[1.0, 0.0, 0, 0, 0, 0, 4, 0.0, 2, 8.0, 8.0, 0, 19707.8] 0.9420341463414633
[1, 0, 1.0, 1, 1.0, 0.0, 1, 0, 1, 8, 8, 0.0, 16523.4] 0.709029268292683
[1.0, 0.0, 0.0, 0, 0, 0, 4.0, 0.0, 2.0, 8.0, 8.0, 0, 19707.8] 0.9420341463414633
[1.0, 0, 0.0, 0.0, 0.0, 0, 4, 0, 2, 8.0, 8.0, 0, 19707.8] 0.9420341463414633
[1.0, 0, 0, 0, 0, 0, 4, 0.0, 2, 8, 8, 0, 19707.8] 0.9420341463414633
[1.0, 0.0, 0.0, 0.0, 0, 0, 4, 0, 2, 8.0, 8, 0.0, 19707.8] 0.9420341463414633
[1.0, 0, 0.0, 0, 0.0, 0, 4, 0.0, 2.0, 8.0, 8, 0, 19707.8] 0.9420341463414633
[1, 0.0, 0, 0.0, 0, 0, 4, 0.0, 2, 8.0, 8.0, 0.0, 19707.8] 0.9420341463414633
[1, 0, 0, 0.0, 0, 0.0, 4, 0, 2, 8.0, 8, 0.0, 19707.8] 0.9420341463414633
[1.0, 0.0, 0.0, 0.0, 0, 0.0, 3, 0, 2, 8.0, 8, 0, 19692.2] 0.9408926829268294
[1.0, 0, 0, 0.0, 0, 0.0, 4.0, 0.0, 2.0, 8, 8, 0, 19707.8] 0.9420341463414633
[1.0, 0, 1.0, 0.0, 0.0, 0, 2.0, 0, 1.0, 8.0, 8, 0.0, 16782.8] 0.7280097560975609
[1.0, 0, 0, 0, 0.0, 0, 4, 0.0, 2, 8.0, 8.0, 0, 19707.8] 0.9420341463414633
[1, 0, 0, 0, 0.0, 0.0, 4, 0.0, 2, 8, 8, 0, 19707.8] 0.9420341463414633
[1, 0, 1, 1, 1, 1, 3.0, 0, 2.0, 8.0, 8, 0, 16305.0] 0.6208333333333333
[1, 0, 0, 0, 0.0, 0, 4, 0.0, 2, 8.0, 8, 0, 19707.8] 0.9420341463414633
[1, 0.0, 0.0, 0.0, 0, 0.0, 4.0, 0.0, 2, 8, 8, 0, 19707.8] 0.9420341463414633
[1.0, 0.0, 0, 0.0, 0.0, 0, 4, 0.0, 2.0, 8.0, 8.0, 0, 19707.8] 0.9420341463414633
