[1.0, 0.0, 0, 0, 0, 0.0, 4.0, 0, 2, 10.0, 8.0, 0.0, 17862.4] 0.8070048780487806
[1, 0.0, 1.0, 1.0, 1.0, 0.0, 1, 0.0, 2, 8.0, 8.0, 0, 16509.6] 0.7080195121951218
[1.0, 0.0, 0.0, 0.0, 0.0, 0.0, 2.0, 0.0, 2.0, 8.0, 8, 0, 16792.2] 0.7286975609756098
[1.0, 0, 0, 0.0, 0, 1, 4, 0.0, 1.0, 10.0, 10.0, 16, 15027.6] 0.028355555555555634
[1, 0.0, 0.0, 0.0, 0.0, 0.0, 4.0, 0.0, 2, 8.0, 8.0, 0.0, 19707.8] 0.9420341463414633
[1.0, 0, 1.0, 1.0, 1, 0, 1, 0.0, 1, 8, 8.0, 0.0, 16523.4] 0.709029268292683
[1.0, 0.0, 0.0, 0, 0.0, 0.0, 2, 0, 2.0, 8.0, 10, 10, 15233.6] 0.07413333333333343
[1, 0, 0, 0, 0, 0.0, 3, 0.0, 2, 8.0, 8, 20, 18373.2] 0.8443804878048781
[1.0, 0, 1, 0.0, 0, 0.0, 2.0, 0.0, 1, 8, 10.0, 0.0, 15708.8] 0.1797333333333332
[1.0, 0, 0, 0.0, 0.0, 0, 4.0, 0.0, 2.0, 8.0, 8.0, 64.0, 19505.4] 0.9272243902439026
[1, 0.0, 0, 0.0, 0.0, 0, 2, 0.0, 1.0, 8.0, 10, 0.0, 16374.6] 0.6788333333333336
[1, 0.0, 1, 1, 1.0, 0.0, 2, 0, 1.0, 8.0, 8.0, 128.0, 15938.4] 0.315333333333333
[1.0, 0.0, 1.0, 1.0, 1.0, 0.0, 2.0, 0.0, 1.0, 8.0, 8.0, 0, 16447.8] 0.7034975609756097
[1, 0.0, 1.0, 1, 1.0, 0.0, 2.0, 0, 1, 8, 10, 0.0, 15333.8] 0.09639999999999985
[1.0, 0.0, 0.0, 0.0, 0.0, 0, 4.0, 0.0, 2.0, 8.0, 8.0, 0, 19707.8] 0.9420341463414633
[1.0, 0.0, 0.0, 0.0, 0.0, 0.0, 2, 0, 1.0, 8.0, 8.0, 8, 16534.8] 0.7098634146341463
[1.0, 0, 0.0, 0, 0, 0, 3.0, 0.0, 1.0, 8, 10.0, 128, 18822.0] 0.877219512195122
[1.0, 0.0, 0.0, 0.0, 0.0, 0, 3.0, 0, 1, 8.0, 10.0, 0, 18899.0] 0.8828536585365854
[1.0, 0.0, 0.0, 0.0, 0.0, 0.0, 3.0, 0.0, 4, 8.0, 8, 0.0, 16479.6] 0.7058243902439023
[1, 0.0, 1.0, 0.0, 0, 0.0, 2.0, 0, 2, 8.0, 8.0, 0.0, 16868.0] 0.7342439024390244
[1.0, 0.0, 0, 0.0, 0.0, 0.0, 2.0, 0.0, 2.0, 8.0, 10, 0.0, 15771.8] 0.1937333333333332
[1.0, 0.0, 0.0, 0.0, 0.0, 0.0, 2.0, 0.0, 1.0, 8.0, 10.0, 8.0, 15604.0] 0.15644444444444447
[1.0, 0.0, 0.0, 0.0, 0, 0.0, 4.0, 0.0, 2.0, 10.0, 10, 10.0, 16481.0] 0.7059268292682926
[1.0, 0.0, 1.0, 0.0, 0.0, 0, 2, 0, 1.0, 10.0, 10, 0.0, 14941.8] 0.009288888888888727
[1.0, 0, 0.0, 0.0, 0.0, 1.0, 3.0, 0.0, 1, 8.0, 8.0, 32.0, 18124.6] 0.8261902439024389
[1, 0, 0, 0, 0.0, 0.0, 3.0, 0.0, 1, 8.0, 8, 0, 19673.8] 0.9395463414634145
[1, 0, 1, 1, 1.0, 0.0, 3.0, 0, 2.0, 8.0, 8, 64, 15763.8] 0.1919555555555554
[1.0, 0, 1, 0.0, 0.0, 0, 1, 0.0, 4, 8.0, 8, 128.0, 15497.2] 0.13271111111111128
[1, 0.0, 0.0, 0.0, 0, 0.0, 4.0, 0.0, 2, 10.0, 10.0, 64.0, 17319.6] 0.7672878048780486
[1.0, 0.0, 0, 0.0, 0.0, 0, 4, 0.0, 2.0, 8.0, 8.0, 0, 19707.8] 0.9420341463414633
