[1.0, 1.0, 0.0, 1.0, 1.0, 0.0, 0.0, 0.0, 0.0, 1.0, 1.0, 70.0, 512.0, 0.0, 9139.8] 0
[1.0, 1, 0.0, 1, 1.0, 0.0, 0.0, 0, 1, 0, 1.0, 0.0, 256, 10.0, 422061.4] 0.6122800000000046
[1.0, 0.0, 0.0, 0.0, 1.0, 0.0, 0.0, 0.0, 0.0, 1.0, 0.0, 10.0, 512.0, 4.0, 9121.8] 0
[1.0, 0.0, 1.0, 0.0, 1.0, 0.0, 1.0, 0.0, 0.0, 0.0, 0.0, 70.0, 4.0, 10.0, 81148.6] 0
[1, 0, 0, 1, 1.0, 0.0, 0.0, 0.0, 1.0, 0.0, 0, 0, 2048, 10.0, 421657.6] 0.3260799999999814
[1, 1.0, 1.0, 0.0, 1, 0.0, 0.0, 0.0, 0.0, 1.0, 0, 90, 256.0, 10.0, 303175.6] 0
[1.0, 0.0, 0.0, 1.0, 1.0, 0.0, 1.0, 0.0, 0.0, 0.0, 0.0, 60.0, 1.0, 8.0, 125173.4] 0
[1.0, 0.0, 0.0, 1.0, 1.0, 1.0, 0.0, 0.0, 0.0, 0.0, 1.0, 80.0, 1.0, 0.0, 17731.6] 0
[1.0, 1.0, 1.0, 1.0, 1.0, 0.0, 0.0, 0.0, 1.0, 0.0, 1.0, 0, 1024.0, 10, 422269.6] 0.6539199999999953
[1, 0, 0, 1, 1, 0.0, 0.0, 0, 0.0, 1, 1.0, 50, 64, 10.0, 303834.2] 0
[1.0, 1, 0.0, 1.0, 1, 0.0, 0.0, 0, 1.0, 0.0, 1.0, 90, 2.0, 10.0, 421820.2] 0.4561600000000093
[1.0, 1.0, 1.0, 0.0, 1.0, 0.0, 1.0, 0.0, 0.0, 0.0, 1.0, 50.0, 8.0, 2.0, 5208.6] 0
[1.0, 1.0, 1.0, 0.0, 1.0, 0.0, 0.0, 0.0, 1.0, 0.0, 0.0, 0.0, 4096.0, 10.0, 274780.2] 0
[1.0, 0.0, 1.0, 0.0, 1, 0, 0.0, 0.0, 0.0, 1.0, 0.0, 60, 256, 10.0, 304798.6] 0
[1.0, 1.0, 0.0, 0.0, 1.0, 0.0, 1.0, 0.0, 0.0, 0.0, 0.0, 0.0, 4.0, 8.0, 85135.0] 0
[1.0, 1.0, 1.0, 1.0, 1.0, 1.0, 0.0, 0.0, 0.0, 0.0, 1.0, 50.0, 1.0, 10.0, 125403.2] 0
[1, 0.0, 0.0, 1, 1, 0, 0.0, 0.0, 1, 0.0, 1.0, 0, 2, 10, 421224.8] 0.08991999999999535
[1.0, 0.0, 0.0, 0.0, 1.0, 0.0, 0.0, 0.0, 0.0, 1.0, 0.0, 20.0, 2048.0, 6.0, 47682.0] 0
[1.0, 0.0, 0.0, 1.0, 1.0, 0.0, 1.0, 0.0, 0.0, 0.0, 1.0, 100.0, 1024.0, 8.0, 102808.4] 0
[1.0, 1.0, 0.0, 1.0, 1.0, 1.0, 0.0, 0.0, 0.0, 0.0, 0.0, 90.0, 512.0, 8.0, 103216.4] 0
[1, 1, 0.0, 1, 1, 0.0, 0, 0, 1, 0, 1.0, 40.0, 16, 10, 416784.8] 0
[1.0, 1.0, 1.0, 1.0, 1.0, 0.0, 1.0, 0.0, 0.0, 0.0, 0.0, 40.0, 16.0, 4.0, 11944.8] 0
[1.0, 0.0, 0.0, 1.0, 1.0, 0.0, 0.0, 1.0, 0.0, 0.0, 0.0, 50.0, 8.0, 10.0, 47770.8] 0
[1.0, 1.0, 0.0, 0.0, 1.0, 0.0, 1.0, 0.0, 0.0, 0.0, 1.0, 60.0, 512.0, 10.0, 101655.6] 0
[1, 1, 0.0, 1.0, 1.0, 0.0, 0.0, 0.0, 1.0, 0.0, 0.0, 0, 8, 10.0, 421809.2] 0.4473600000000093
[1.0, 0.0, 1.0, 1.0, 1.0, 0.0, 1.0, 0.0, 0.0, 0.0, 1.0, 40.0, 8.0, 8.0, 109549.0] 0
[1.0, 1.0, 0.0, 1.0, 1.0, 1.0, 0.0, 0.0, 0.0, 0.0, 0.0, 80.0, 4096.0, 2.0, 17805.0] 0
[1.0, 1.0, 0.0, 0.0, 1.0, 0.0, 0.0, 0.0, 1.0, 0.0, 0.0, 80.0, 128.0, 8.0, 38758.6] 0
[1.0, 1.0, 1.0, 1.0, 1.0, 0.0, 1.0, 0.0, 0.0, 0.0, 0.0, 10.0, 4.0, 10.0, 114630.8] 0
[1.0, 0.0, 0.0, 1.0, 1.0, 0.0, 1.0, 0.0, 0.0, 0.0, 1.0, 70.0, 512.0, 4.0, 11879.8] 0
