[1.0, 0, 0, 0.0, 0.0, 0.0, 4.0, 0, 2, 8.0, 8.0, 128, 19600.2] 0.9400300000000001
[1, 0.0, 0, 0.0, 0, 0.0, 3, 0, 1.0, 8, 8, 64, 19555.0] 0.9332499999999999
[1, 0, 0, 0.0, 0.0, 0.0, 3, 0.0, 2.0, 8.0, 10, 128, 18761.2] 0.8141800000000001
[1, 0.0, 1, 0, 0, 0.0, 2.0, 0, 2, 8, 8.0, 0, 16868.0] 0.5302
[1.0, 0, 0.0, 0.0, 0.0, 0.0, 3, 0, 1, 8, 8, 64, 19555.0] 0.9332499999999999
[1.0, 0.0, 0.0, 0.0, 0.0, 0, 4, 0.0, 2, 8.0, 8, 0.0, 19707.8] 0.95617
[1.0, 0.0, 0, 0, 0.0, 0.0, 3, 0.0, 2.0, 8.0, 8.0, 128.0, 19576.0] 0.9364
[1, 0.0, 0, 0.0, 0, 0, 4, 0, 1.0, 8.0, 10.0, 0, 18857.4] 0.8286100000000002
[1, 0, 0, 0, 0, 0, 3, 0, 1.0, 8, 8, 0.0, 19673.8] 0.9510699999999999
[1.0, 0, 0, 0.0, 0.0, 0.0, 4.0, 0.0, 2, 10, 8.0, 0, 17862.4] 0.6793600000000002
[1, 0, 0, 0.0, 0, 0, 4, 0, 2, 8.0, 8, 0, 19707.8] 0.95617
[1, 0, 0.0, 0.0, 0.0, 0.0, 4, 0.0, 2.0, 8.0, 8.0, 0.0, 19707.8] 0.95617
[1.0, 0, 1, 0, 0, 0, 2.0, 0, 2.0, 8, 8.0, 0, 16868.0] 0.5302
[1, 0.0, 0.0, 0, 0.0, 0.0, 4, 0.0, 2, 8, 8, 0, 19707.8] 0.95617
[1.0, 0, 0.0, 0.0, 0.0, 1, 3, 0, 2.0, 8.0, 8, 0.0, 18254.0] 0.7381
[1.0, 0.0, 1, 1, 1.0, 0, 1, 0.0, 1.0, 8, 8, 0, 16523.4] 0.4785100000000002
[1.0, 0, 1.0, 0.0, 0.0, 0.0, 2.0, 0.0, 2, 8, 8, 128, 16856.4] 0.5284600000000003
[1, 0, 0, 0.0, 0, 0.0, 4, 0, 2, 8, 8.0, 0, 19707.8] 0.95617
[1, 0, 0, 0.0, 0, 0.0, 4.0, 0.0, 1.0, 8.0, 16.0, 128.0, 14467.0] 0.17005
[1, 0, 0, 0, 0, 0, 3, 0, 2, 8.0, 8.0, 0, 19692.2] 0.9538300000000001
[1.0, 0, 0.0, 0, 0, 0, 3, 0.0, 2, 8, 8, 0, 19692.2] 0.9538300000000001
[1.0, 0, 0.0, 0.0, 0.0, 0.0, 4.0, 0.0, 2, 8, 8.0, 0.0, 19707.8] 0.95617
[1, 0, 0, 0.0, 0.0, 0, 3.0, 0, 1, 8.0, 8, 128, 19583.4] 0.9375100000000002
[1.0, 0.0, 0.0, 0.0, 0.0, 1, 4.0, 0.0, 1.0, 8.0, 10.0, 32, 16996.2] 0.5494300000000001
[1, 0.0, 0.0, 0.0, 0, 0.0, 4, 0.0, 2, 8.0, 8.0, 0, 19707.8] 0.95617
[1, 0, 0.0, 0.0, 0.0, 0, 3, 0, 1.0, 8, 8.0, 0, 19673.8] 0.9510699999999999
[1.0, 0.0, 0.0, 0.0, 0.0, 0, 3, 0, 2, 8, 8.0, 0, 19692.2] 0.9538300000000001
[1, 0.0, 1.0, 1.0, 1.0, 1.0, 3.0, 0.0, 2.0, 8.0, 8, 0.0, 16305.0] 0.44575
[1.0, 0.0, 0.0, 0.0, 0.0, 0.0, 4, 0.0, 2.0, 8, 8.0, 0.0, 19707.8] 0.95617
[1.0, 0.0, 0, 0.0, 0.0, 0.0, 4.0, 0.0, 2, 8, 8.0, 0.0, 19707.8] 0.95617
