[1.0, 0.0, 0.0, 0.0, 0.0, 0.0, 2.0, 0.0, 1.0, 8.0, 8.0, 0.0, 17050.2] 0.5575300000000001
[1.0, 0.0, 0.0, 0.0, 0.0, 0, 3.0, 0.0, 2.0, 8.0, 8, 64, 19541.8] 0.9312699999999998
[1, 0, 0.0, 0.0, 0.0, 0.0, 4, 0.0, 2.0, 10, 8.0, 128.0, 17769.8] 0.6654699999999999
[1, 0, 1, 0, 0.0, 0, 2, 0.0, 2.0, 8.0, 8.0, 0.0, 16868.0] 0.5302
[1.0, 0.0, 1, 0.0, 0.0, 1.0, 2.0, 0.0, 1.0, 10.0, 8, 20, 14290.0] 0.14350000000000002
[1.0, 0, 1.0, 0, 0.0, 0.0, 2.0, 0.0, 3.0, 10, 10, 8, 12282.2] 0.1
[1.0, 0.0, 1.0, 1.0, 1, 0.0, 1, 0.0, 1, 8.0, 8.0, 64.0, 16202.6] 0.43039000000000005
[1.0, 0.0, 1.0, 0, 0, 0, 2, 0.0, 2.0, 8.0, 8.0, 128.0, 16856.4] 0.5284600000000003
[1.0, 0, 0, 0.0, 0, 0.0, 4, 0, 1.0, 8.0, 8, 0.0, 19332.8] 0.8999199999999999
[1.0, 0.0, 1.0, 1.0, 1, 0, 3.0, 0.0, 1.0, 8.0, 8, 0.0, 16281.4] 0.44221
[1.0, 0.0, 1, 0.0, 0.0, 0.0, 1.0, 0.0, 2, 10.0, 8.0, 0.0, 15579.6] 0.33694
[1.0, 1.0, 0.0, 0.0, 0.0, 0.0, 3.0, 0.0, 1.0, 8.0, 10.0, 0.0, 14880.4] 0.23205999999999996
[1, 0.0, 0.0, 0.0, 0.0, 0.0, 4, 0.0, 2.0, 8, 8.0, 0, 19707.8] 0.95617
[1.0, 0.0, 0, 0.0, 0.0, 0.0, 4, 0.0, 1.0, 10.0, 10.0, 0.0, 17357.2] 0.6035800000000001
[1, 0.0, 0.0, 0.0, 0.0, 0.0, 3, 0.0, 2.0, 8.0, 10, 32.0, 18314.8] 0.7472199999999999
[1, 0.0, 0.0, 0.0, 0.0, 1.0, 2, 0.0, 1, 8, 8, 0.0, 17116.2] 0.5674300000000001
[1, 0.0, 0, 0.0, 0.0, 0, 4.0, 0.0, 1, 8.0, 10.0, 16, 17982.6] 0.6973899999999997
[1.0, 0.0, 1.0, 0, 0.0, 0.0, 2.0, 0, 2.0, 10.0, 8, 0, 15685.0] 0.35275
[1, 0.0, 0.0, 0.0, 0.0, 1.0, 3, 0.0, 1.0, 10.0, 8, 0.0, 15558.0] 0.3337
[1.0, 0.0, 0.0, 0.0, 0, 0.0, 4, 0.0, 2.0, 8.0, 8.0, 0, 19707.8] 0.95617
[1, 0, 0, 0.0, 0.0, 1.0, 2, 0.0, 1, 8, 8.0, 8.0, 16057.0] 0.40854999999999997
[1.0, 0.0, 0, 0.0, 0.0, 1.0, 4, 0.0, 2.0, 10.0, 10.0, 128.0, 15807.2] 0.3710800000000002
[1.0, 0, 0.0, 0.0, 0.0, 0, 3.0, 0.0, 1.0, 8.0, 8.0, 128, 19583.4] 0.9375100000000002
[1.0, 0.0, 1, 1.0, 1, 0.0, 1.0, 0.0, 1.0, 8, 8, 0, 16523.4] 0.4785100000000002
[1.0, 0.0, 0, 0, 0, 0.0, 4.0, 0.0, 1.0, 8.0, 10, 64.0, 18757.6] 0.8136399999999997
[1.0, 0.0, 0, 0.0, 0.0, 1, 3.0, 0.0, 3.0, 8.0, 8.0, 128, 15959.0] 0.39385000000000003
[1.0, 0.0, 1, 1.0, 1.0, 1.0, 4.0, 0.0, 2.0, 16.0, 8.0, 0.0, 11665.2] 0.1
[1.0, 0.0, 0.0, 0, 0, 0.0, 3, 0.0, 1, 8, 8.0, 8.0, 18527.6] 0.7791399999999997
[1, 0.0, 0.0, 0.0, 0.0, 0.0, 1.0, 0.0, 1.0, 16.0, 10.0, 0.0, 12665.2] 0.1
[1.0, 0.0, 0, 0.0, 0.0, 0.0, 4.0, 0.0, 2, 8.0, 8.0, 128.0, 19600.2] 0.9400300000000001
