[1.0, 0.0, 0.0, 0, 0, 0, 4, 0, 2, 8.0, 8.0, 0.0, 19707.8] 0.95617
[1.0, 0.0, 0, 0, 0.0, 0, 4, 0, 2.0, 8.0, 8, 0, 19707.8] 0.95617
[1, 0, 0.0, 0.0, 0.0, 0.0, 4, 0.0, 2.0, 8, 8.0, 0, 19707.8] 0.95617
[1, 0, 0, 0, 0.0, 0, 4, 0, 2, 8.0, 8.0, 0.0, 19707.8] 0.95617
[1.0, 0, 0, 0, 0.0, 0, 4, 0.0, 2, 8, 8, 0, 19707.8] 0.95617
[1, 0, 0, 0.0, 0.0, 0.0, 2.0, 0.0, 2, 8, 10, 64.0, 15453.6] 0.31804000000000004
[1.0, 0, 1.0, 1, 1.0, 0, 1, 0.0, 1, 8.0, 8.0, 0, 16523.4] 0.4785100000000002
[1, 0, 0, 0, 0, 0, 4, 0.0, 2, 8.0, 8.0, 0, 19707.8] 0.95617
[1, 0, 0, 0.0, 0, 0, 4, 0, 2, 8.0, 8, 0.0, 19707.8] 0.95617
[1, 0.0, 0, 0, 0, 0, 3, 0, 1.0, 8.0, 8, 0.0, 19673.8] 0.9510699999999999
[1, 0.0, 0, 0, 0, 0, 3, 0.0, 2, 8, 8.0, 0.0, 19692.2] 0.9538300000000001
[1, 0, 0, 0.0, 0.0, 0, 4, 0, 2, 8.0, 8, 0.0, 19707.8] 0.95617
[1, 0.0, 0.0, 0.0, 0.0, 0.0, 4, 0.0, 2.0, 8, 8.0, 0, 19707.8] 0.95617
[1, 0, 0, 0.0, 0, 0.0, 4, 0.0, 2, 8, 8, 0.0, 19707.8] 0.95617
[1, 0.0, 0.0, 0, 0.0, 0.0, 4, 0, 2.0, 8, 8, 0, 19707.8] 0.95617
[1, 0, 0.0, 0.0, 0.0, 0, 4, 0, 2, 8, 8, 0.0, 19707.8] 0.95617
[1, 0.0, 0, 0, 0.0, 0, 3, 0.0, 1, 8.0, 8, 0, 19673.8] 0.9510699999999999
[1.0, 0.0, 0, 0, 0.0, 0.0, 4, 0, 2.0, 8, 8, 0, 19707.8] 0.95617
[1, 0.0, 0.0, 0.0, 0.0, 0, 4, 0, 2.0, 8, 8, 0, 19707.8] 0.95617
[1.0, 0.0, 0.0, 0.0, 0, 0.0, 4, 0.0, 2.0, 8.0, 8.0, 0, 19707.8] 0.95617
[1, 0.0, 0, 0.0, 0, 0, 4, 0, 2, 8, 8.0, 0, 19707.8] 0.95617
[1.0, 0.0, 0, 0.0, 0.0, 0, 3, 0, 1, 8, 8, 0, 19673.8] 0.9510699999999999
[1.0, 0, 0, 0.0, 0, 0, 4, 0, 2, 8.0, 8.0, 0, 19707.8] 0.95617
[1.0, 0.0, 1, 1.0, 1, 0.0, 1.0, 0.0, 1.0, 8, 8, 0, 16523.4] 0.4785100000000002
[1, 0.0, 0, 0, 0, 0.0, 4, 0.0, 2, 8, 8.0, 0, 19707.8] 0.95617
[1.0, 0, 0, 0, 0, 0.0, 4, 0, 2, 8.0, 8.0, 0, 19707.8] 0.95617
[1, 0.0, 0, 0, 0, 0, 3, 0.0, 1, 8, 8.0, 0, 19673.8] 0.9510699999999999
[1.0, 0.0, 0.0, 0, 0, 0.0, 4, 0.0, 2, 8, 8.0, 0, 19707.8] 0.95617
[1, 0, 0, 0.0, 0, 0, 3, 0.0, 1.0, 8, 8, 0.0, 19673.8] 0.9510699999999999
[1.0, 0.0, 0, 0, 0.0, 0.0, 4.0, 0.0, 2, 8.0, 8.0, 0, 19707.8] 0.95617
