[1.0, 0, 0, 0.0, 0, 0, 4, 0, 2, 8, 8, 0, 19707.8] 0.98539
[1, 0.0, 0.0, 0.0, 0, 0.0, 4.0, 0.0, 2, 8.0, 8.0, 0, 19707.8] 0.98539
[1.0, 0.0, 0, 0.0, 0.0, 0.0, 4, 0.0, 2, 8, 8.0, 0, 19707.8] 0.98539
[1, 0, 1.0, 1.0, 1.0, 0, 1, 0.0, 1, 8.0, 8.0, 0, 16523.4] 0.7785100000000003
[1, 0.0, 0, 0, 0, 0, 4, 0, 2, 8, 8, 0, 19707.8] 0.98539
[1, 0, 0, 0.0, 0.0, 0, 4, 0, 2, 8, 8, 0, 19707.8] 0.98539
[1, 0, 0, 0, 0, 0, 4, 0.0, 2, 8.0, 8, 0, 19707.8] 0.98539
[1, 0.0, 0, 0, 0.0, 0, 4, 0, 2, 8, 8.0, 0, 19707.8] 0.98539
[1, 0, 0, 0, 0, 0, 4, 0, 2, 8.0, 8, 0, 19707.8] 0.98539
[1.0, 0.0, 0, 0.0, 0, 0, 4, 0, 2.0, 8.0, 8, 0.0, 19707.8] 0.98539
[1, 0.0, 0, 0, 0.0, 0, 3, 0, 1, 8, 10.0, 0, 18899.0] 0.94495
[1, 0, 0, 0.0, 0.0, 0, 4, 0, 2, 8.0, 8, 0.0, 19707.8] 0.98539
[1, 0.0, 0.0, 0, 0, 0.0, 4, 0.0, 2, 8.0, 8, 0, 19707.8] 0.98539
[1, 0, 0.0, 0.0, 0, 0.0, 4.0, 0, 2, 8.0, 8, 0, 19707.8] 0.98539
[1, 0.0, 0, 0, 0, 0.0, 4, 0, 2, 8, 8, 0, 19707.8] 0.98539
[1, 0, 0, 0.0, 0.0, 0, 4, 0, 2, 8, 8, 0, 19707.8] 0.98539
[1, 0, 0, 0, 0.0, 0, 4, 0, 2, 8.0, 8, 0, 19707.8] 0.98539
[1.0, 0, 0, 0, 0, 0.0, 4, 0.0, 2, 8, 8, 0, 19707.8] 0.98539
[1, 0, 0, 0, 0, 0, 4, 0, 2, 8.0, 8, 0, 19707.8] 0.98539
[1, 0, 0, 0, 0, 0, 4, 0.0, 2, 8.0, 8, 0, 19707.8] 0.98539
[1, 0, 0, 0, 0.0, 0, 4, 0, 2, 8, 8, 0, 19707.8] 0.98539
[1, 0, 0.0, 0.0, 0.0, 0, 4, 0.0, 2, 8.0, 8, 0.0, 19707.8] 0.98539
[1, 0, 0, 0.0, 0.0, 0.0, 4.0, 0, 2.0, 8, 8.0, 0.0, 19707.8] 0.98539
[1, 0, 0.0, 0, 0.0, 0, 4, 0, 2, 8, 8, 0, 19707.8] 0.98539
[1, 0.0, 0, 0, 0, 0.0, 4, 0, 2, 8, 8, 0.0, 19707.8] 0.98539
[1, 0, 0.0, 0, 0, 0.0, 4, 0, 2, 8, 8, 0, 19707.8] 0.98539
[1, 0.0, 0, 0.0, 0, 0, 4, 0, 2, 8, 8.0, 0, 19707.8] 0.98539
[1, 0.0, 0, 0, 0.0, 0, 4, 0, 2, 8, 8.0, 0, 19707.8] 0.98539
[1.0, 0, 0.0, 0.0, 0, 0.0, 3.0, 0.0, 1.0, 8.0, 8, 0, 19673.8] 0.98369
[1, 0, 0, 0.0, 0.0, 0, 4, 0.0, 2.0, 8, 8.0, 0, 19707.8] 0.98539
