[1.0, 0.0, 0, 0.0, 0.0, 0.0, 4, 0.0, 1, 10.0, 10.0, 16.0, 16428.6] 0.7642899999999998
[1.0, 0.0, 0.0, 0.0, 0, 1.0, 2.0, 0.0, 2.0, 8.0, 10.0, 128.0, 15524.4] 0.62866
[1.0, 0.0, 0.0, 0.0, 0.0, 0.0, 3.0, 0.0, 1.0, 10.0, 8.0, 128.0, 16057.2] 0.7085800000000001
[1.0, 1.0, 0, 0, 0.0, 0.0, 1.0, 0.0, 4.0, 8.0, 8.0, 10.0, 14234.2] 0.43513000000000013
[1.0, 0.0, 0, 0.0, 0.0, 0.0, 4.0, 0.0, 2, 10.0, 32.0, 32.0, 11549.0] 0.2837975583738296
[1.0, 0.0, 0.0, 0.0, 0.0, 0.0, 1.0, 0.0, 3, 10, 10.0, 10.0, 12340.6] 0.32132748607324885
[1.0, 0, 0, 0.0, 0.0, 0.0, 4, 0.0, 1.0, 10.0, 0.0, 128, 10616.4] 0.23958279009126465
[1.0, 0.0, 0.0, 0.0, 0.0, 1, 3, 0.0, 1, 8, 8.0, 32.0, 18124.6] 0.9062299999999999
[1.0, 0, 1.0, 0.0, 0.0, 0.0, 3, 0.0, 1.0, 8.0, 10.0, 16.0, 14295.6] 0.44434000000000007
[1.0, 0.0, 0, 0.0, 0.0, 1.0, 3.0, 0.0, 2.0, 8.0, 10.0, 64.0, 17615.0] 0.88075
[1.0, 0.0, 1, 1.0, 1.0, 1.0, 4.0, 0.0, 3.0, 8, 10.0, 128.0, 13709.4] 0.38622259096835365
[1, 0.0, 1.0, 0.0, 0.0, 0, 4.0, 0.0, 2, 8.0, 8.0, 64, 15463.6] 0.6195400000000001
[1, 0.0, 0.0, 0.0, 0.0, 0.0, 3.0, 0.0, 2.0, 8.0, 10.0, 16.0, 17811.0] 0.89055
[1.0, 1.0, 0.0, 0.0, 0.0, 0.0, 3, 0, 3.0, 8.0, 10.0, 64, 14651.4] 0.49771
[1, 1.0, 0, 0.0, 0.0, 1.0, 4.0, 0.0, 4.0, 8, 10.0, 128.0, 13807.0] 0.39084982813796376
[1, 0.0, 0, 0.0, 0.0, 0.0, 3.0, 0.0, 4.0, 8.0, 10.0, 128.0, 15060.8] 0.5591199999999998
[1, 0.0, 0, 0.0, 0, 1, 3.0, 0, 1.0, 8.0, 16.0, 64, 13826.8] 0.3917885504326182
[1, 0.0, 0.0, 0.0, 0.0, 0, 2.0, 0.0, 2.0, 8.0, 0.0, 32.0, 10900.6] 0.2530567737347399
[1.0, 1, 1, 0, 0.0, 0.0, 4.0, 0.0, 2.0, 10.0, 8, 64.0, 12776.0] 0.3419698945122674
[1.0, 0.0, 1.0, 0.0, 0.0, 1, 3.0, 0.0, 1.0, 8.0, 10.0, 128.0, 14630.4] 0.49455999999999994
[1.0, 0, 1.0, 1.0, 1.0, 0.0, 3.0, 0.0, 1.0, 10.0, 8, 64.0, 14029.8] 0.4044699999999999
[1.0, 0.0, 0.0, 0, 0.0, 0.0, 4.0, 0.0, 3.0, 8.0, 10.0, 128.0, 14910.8] 0.5366199999999999
[1.0, 0.0, 0.0, 0.0, 0.0, 0.0, 2.0, 0.0, 2.0, 20.0, 16.0, 64.0, 9258.0] 0.1751807514519379
[1.0, 1.0, 0, 0.0, 0.0, 0.0, 4.0, 0.0, 2, 10.0, 8, 32.0, 13849.0] 0.3928410572478369
[1.0, 0.0, 1.0, 1.0, 1.0, 1.0, 3.0, 0.0, 2.0, 10.0, 10, 0.0, 13757.8] 0.388517245466398
[1.0, 0.0, 0.0, 0.0, 0, 0.0, 4, 0, 1.0, 8, 10.0, 64, 18757.6] 0.9378799999999999
[1.0, 0.0, 1.0, 0.0, 0.0, 1.0, 4, 0.0, 1, 10.0, 8.0, 20.0, 13680.4] 0.3848476946782031
[1.0, 1, 0.0, 0.0, 0.0, 0.0, 2.0, 0.0, 4.0, 10.0, 8.0, 128.0, 12920.0] 0.3487969657461183
[1.0, 0.0, 0.0, 0.0, 0.0, 0.0, 3.0, 0.0, 1.0, 8.0, 20.0, 8.0, 13655.6] 0.38367192129904
[1.0, 0, 1.0, 0.0, 0.0, 1.0, 2.0, 0.0, 2.0, 8.0, 8.0, 8.0, 15657.0] 0.64855
