[1, 0, 0.0, 0.0, 0, 0.0, 4, 0, 2, 10.0, 8, 0.0, 17862.4] 0.89312
[1, 0, 0, 0.0, 0.0, 0.0, 4.0, 0.0, 2.0, 8.0, 8.0, 128.0, 19600.2] 0.98001
[1, 0, 0.0, 0.0, 0, 0, 3, 0, 1, 8.0, 8, 64, 19555.0] 0.97775
[1.0, 0.0, 0, 0.0, 0.0, 0.0, 3.0, 0.0, 1.0, 8.0, 8, 0.0, 19673.8] 0.98369
[1.0, 0.0, 0, 0.0, 0.0, 0.0, 4, 0.0, 2, 8, 8.0, 0.0, 19707.8] 0.98539
[1, 0.0, 1, 0.0, 0.0, 0.0, 2.0, 0.0, 2, 8.0, 8.0, 0, 16868.0] 0.8301999999999999
[1, 0.0, 1, 0.0, 0, 0, 2.0, 0.0, 2, 8, 8.0, 128, 16856.4] 0.8284600000000002
[1.0, 0.0, 0.0, 0.0, 0.0, 0, 3.0, 0.0, 1.0, 8.0, 8.0, 0, 19673.8] 0.98369
[1.0, 0, 0.0, 0.0, 0.0, 0.0, 1.0, 0, 1.0, 8.0, 8, 0, 16846.2] 0.82693
[1.0, 0, 0.0, 0, 0, 0.0, 4.0, 0, 2, 8, 8.0, 0, 19707.8] 0.98539
[1.0, 0, 0.0, 0, 0.0, 0.0, 4, 0.0, 1, 8, 10.0, 128.0, 18754.8] 0.9377399999999999
[1, 0, 0, 0, 0.0, 0.0, 4, 0.0, 1, 8, 8, 0, 19332.8] 0.9666399999999999
[1, 0, 0, 0.0, 0.0, 0.0, 4.0, 0, 2, 8.0, 8, 0, 19707.8] 0.98539
[1, 0.0, 1.0, 1, 1.0, 0, 2, 0.0, 1, 10.0, 8.0, 0.0, 15190.4] 0.57856
[1.0, 0, 0, 0, 0, 0, 3.0, 0.0, 2, 8.0, 10, 128, 18761.2] 0.93806
[1.0, 0, 1, 0.0, 0.0, 0, 2.0, 0, 2, 8, 8, 128, 16856.4] 0.8284600000000002
[1, 0, 1.0, 1.0, 1, 1, 3, 0.0, 2.0, 8, 8, 0, 16305.0] 0.7457499999999999
[1.0, 0.0, 0.0, 0, 0.0, 0, 3.0, 0.0, 1.0, 8, 8, 0, 19673.8] 0.98369
[1.0, 0, 1.0, 0.0, 0, 0.0, 2.0, 0, 2, 8, 8.0, 128.0, 16856.4] 0.8284600000000002
[1.0, 0.0, 0.0, 0.0, 0.0, 0.0, 3, 0.0, 1.0, 8.0, 8.0, 32.0, 18729.0] 0.93645
[1.0, 0.0, 0.0, 0.0, 0.0, 0, 3, 0.0, 2.0, 8.0, 8, 64, 19541.8] 0.97709
[1, 0, 0, 0, 0.0, 0.0, 3, 0.0, 1.0, 8.0, 10.0, 64, 18790.8] 0.9395399999999999
[1, 0, 1.0, 1, 1, 0, 2, 0.0, 2.0, 10.0, 8.0, 0, 14628.6] 0.49429000000000006
[1.0, 0, 0.0, 0.0, 0.0, 0.0, 3.0, 0.0, 1, 8.0, 8.0, 128.0, 19583.4] 0.9791700000000001
[1.0, 0.0, 0, 0.0, 0.0, 1, 2.0, 0.0, 2, 8, 8, 0.0, 17067.0] 0.8533499999999999
[1.0, 0, 0, 0, 0.0, 0.0, 3.0, 0, 2.0, 8.0, 10.0, 0, 18819.2] 0.94096
[1.0, 0.0, 0, 0.0, 0.0, 1, 3.0, 0.0, 1, 8.0, 8, 64, 19190.0] 0.9595
[1, 0, 1, 0, 0.0, 0.0, 2, 0.0, 1.0, 8, 8, 128, 16579.2] 0.78688
[1, 0, 0, 0.0, 0.0, 0.0, 4.0, 0, 2, 8.0, 8, 64.0, 19505.4] 0.9752700000000001
[1.0, 0, 1, 0.0, 0, 0.0, 2.0, 0.0, 2.0, 8.0, 8, 0, 16868.0] 0.8301999999999999
