[1.0, 0.0, 0, 0.0, 0.0, 0.0, 4, 0.0, 1, 10.0, 10.0, 0, 17357.2] 0.86786
[1.0, 0.0, 0.0, 0.0, 0, 0.0, 4, 0.0, 2, 8.0, 8.0, 128.0, 19600.2] 0.98001
[1.0, 0.0, 0.0, 0.0, 0.0, 0.0, 3.0, 0.0, 2, 8, 8.0, 0, 19692.2] 0.98461
[1, 0, 1.0, 1, 1.0, 0.0, 1, 0.0, 2.0, 8.0, 8.0, 10.0, 15525.6] 0.6288400000000001
[1.0, 0.0, 0, 0, 0, 0, 4.0, 0, 1.0, 10.0, 8, 128, 17484.4] 0.87422
[1.0, 0.0, 1, 0.0, 0.0, 0.0, 1.0, 0.0, 2, 10, 10.0, 128, 14609.6] 0.4914400000000001
[1, 0, 0, 0, 0, 1, 3.0, 0.0, 1.0, 8.0, 8, 128, 19133.6] 0.95668
[1, 0.0, 0, 0.0, 0.0, 0, 4, 0, 2, 8, 8.0, 32, 18805.0] 0.94025
[1, 0, 0, 0.0, 0, 0.0, 3, 0, 1.0, 8.0, 10.0, 8, 18189.2] 0.90946
[1.0, 0.0, 0, 0.0, 0.0, 0.0, 4, 0, 2.0, 8.0, 8, 0.0, 19707.8] 0.98539
[1, 0.0, 0, 0.0, 0.0, 0, 4.0, 0.0, 2.0, 8, 10.0, 128.0, 18654.8] 0.9327399999999999
[1.0, 0.0, 1.0, 0.0, 0.0, 0, 2.0, 0.0, 2, 8.0, 8.0, 0.0, 16868.0] 0.8301999999999999
[1, 0.0, 0.0, 0, 0.0, 0.0, 4, 0.0, 1, 8.0, 10.0, 0, 18857.4] 0.9428700000000001
[1.0, 1, 0.0, 0.0, 0.0, 0.0, 4.0, 0, 2, 8.0, 8, 32, 15553.8] 0.6330699999999999
[1, 0.0, 0, 0.0, 0.0, 1.0, 4.0, 0.0, 4.0, 8, 8, 128.0, 15525.4] 0.6288099999999999
[1, 0.0, 0, 0.0, 0.0, 1, 3.0, 0.0, 1.0, 8.0, 10.0, 128.0, 17464.8] 0.8732399999999999
[1, 0.0, 0, 0.0, 0.0, 0, 3.0, 0, 1.0, 8.0, 8, 64, 19555.0] 0.97775
[1.0, 0, 0.0, 0, 0.0, 0.0, 4, 0, 3, 8.0, 10, 64, 14885.6] 0.5328400000000001
[1.0, 0.0, 0, 0, 0.0, 1.0, 2.0, 0, 2.0, 8.0, 8, 10, 16140.6] 0.72109
[1, 0.0, 0, 0.0, 0.0, 0, 3.0, 0.0, 1.0, 8.0, 10.0, 128.0, 18822.0] 0.9410999999999999
[1, 0, 0, 0, 0.0, 1.0, 3, 0, 1, 8, 8, 64.0, 19190.0] 0.9595
[1.0, 0.0, 0.0, 0.0, 0.0, 0, 3, 0.0, 1.0, 8.0, 8, 16, 18315.6] 0.9157799999999999
[1.0, 0.0, 0, 0.0, 0.0, 0.0, 4.0, 0, 2, 10.0, 8.0, 64, 17750.6] 0.8875299999999999
[1.0, 0.0, 0.0, 0.0, 0.0, 0.0, 4.0, 0.0, 2, 8, 8, 20.0, 18394.2] 0.91971
[1.0, 0.0, 1.0, 1.0, 1, 0, 1, 0, 1, 10.0, 8, 0.0, 15160.8] 0.5741199999999999
[1, 0, 0.0, 0, 0.0, 0.0, 3, 0, 2, 8, 8, 0, 19692.2] 0.98461
[1.0, 0.0, 0, 0.0, 0, 1.0, 4, 0.0, 2, 10.0, 8.0, 128.0, 16581.2] 0.7871800000000001
[1.0, 0.0, 0, 0, 0.0, 1.0, 4.0, 0, 2.0, 10.0, 8.0, 64.0, 16594.6] 0.7891899999999998
[1, 0.0, 0.0, 0.0, 0.0, 0.0, 3.0, 0.0, 1.0, 8, 8, 8.0, 18527.6] 0.92638
[1.0, 0, 0, 0.0, 0.0, 0, 3, 0, 2.0, 8, 8.0, 64, 19541.8] 0.97709
