[1, 0.0, 0.0, 0.0, 0.0, 1.0, 3.0, 0, 1.0, 8.0, 8, 32, 18124.6] 0.9062299999999999
[1.0, 0.0, 0, 0, 0, 0.0, 3, 0.0, 1.0, 8.0, 8.0, 0, 19673.8] 0.98369
[1.0, 0, 1, 0.0, 0, 1, 3.0, 0.0, 2, 8.0, 8, 8, 15409.0] 0.6113500000000001
[1, 0.0, 0, 0, 0, 0.0, 4.0, 0.0, 2, 8.0, 8.0, 0.0, 19707.8] 0.98539
[1, 0.0, 0.0, 0.0, 0.0, 0, 3.0, 0.0, 2, 8.0, 8, 128, 19576.0] 0.9788
[1.0, 0.0, 0, 0.0, 0.0, 0.0, 4, 0.0, 1.0, 10, 10, 16.0, 16428.6] 0.7642899999999998
[1.0, 0.0, 0.0, 0, 0, 0, 2.0, 0.0, 1.0, 8, 8.0, 64, 16651.4] 0.7977100000000001
[1.0, 0.0, 0, 0, 0.0, 0, 4, 0.0, 2.0, 8, 8.0, 64, 19505.4] 0.9752700000000001
[1, 1.0, 0, 0.0, 0.0, 0.0, 3.0, 0.0, 4.0, 8.0, 8.0, 10, 15116.8] 0.5675199999999999
[1.0, 0.0, 0, 0, 0.0, 0.0, 4.0, 0, 2.0, 10.0, 8, 0, 17862.4] 0.89312
[1, 0, 0, 0, 0.0, 0, 4.0, 0.0, 1.0, 8.0, 10.0, 64, 18757.6] 0.9378799999999999
[1.0, 0.0, 1.0, 1, 1, 0.0, 2, 0, 1, 10, 8.0, 0, 15190.4] 0.57856
[1.0, 0.0, 1, 1.0, 1.0, 0.0, 2.0, 0.0, 1.0, 8, 8.0, 64, 15998.2] 0.6997300000000002
[1, 0, 0.0, 0, 0.0, 0.0, 4.0, 0.0, 2, 8, 8.0, 0.0, 19707.8] 0.98539
[1, 0.0, 0.0, 0, 0, 0.0, 3, 0.0, 1.0, 8, 8.0, 64.0, 19555.0] 0.97775
[1, 0.0, 0.0, 0, 0.0, 0, 3, 0.0, 1.0, 8, 8, 64, 19555.0] 0.97775
[1, 0.0, 1, 1, 1, 1, 4.0, 0.0, 2, 8, 8.0, 0.0, 16300.6] 0.74509
[1.0, 0, 0, 0.0, 0.0, 0.0, 3.0, 0.0, 2, 8.0, 8.0, 0.0, 19692.2] 0.98461
[1, 0, 0.0, 0.0, 0.0, 0.0, 4.0, 0, 1, 8.0, 10.0, 32.0, 18365.8] 0.9182899999999999
[1, 0, 0, 0.0, 0.0, 0.0, 1.0, 0.0, 1, 8, 8.0, 0, 16846.2] 0.82693
[1.0, 0, 0, 0.0, 0.0, 0.0, 3, 0.0, 1.0, 8, 8.0, 128.0, 19583.4] 0.9791700000000001
[1.0, 0.0, 0.0, 0.0, 0.0, 0.0, 3.0, 0.0, 1.0, 8.0, 8, 128, 19583.4] 0.9791700000000001
[1, 0.0, 0.0, 0.0, 0.0, 0, 4, 0, 2.0, 10, 8.0, 128, 17769.8] 0.88849
[1.0, 0, 1, 0, 0.0, 0.0, 2.0, 0.0, 2.0, 8, 8.0, 128, 16856.4] 0.8284600000000002
[1.0, 0.0, 0, 0.0, 0, 0, 4, 0.0, 1.0, 10.0, 10, 128.0, 17367.4] 0.8683700000000001
[1, 0, 1, 1.0, 1, 1, 2, 0.0, 2.0, 10.0, 8, 0, 14543.2] 0.48148000000000013
[1.0, 0, 1.0, 1, 1.0, 0.0, 4.0, 0.0, 1.0, 8.0, 8, 0.0, 16275.6] 0.7413400000000001
[1.0, 1, 0.0, 0.0, 0.0, 0.0, 4.0, 0.0, 2, 8.0, 8, 128, 16041.8] 0.70627
[1.0, 0.0, 0.0, 0.0, 0, 0.0, 4, 0, 2, 8.0, 10.0, 8.0, 17975.6] 0.8987799999999999
[1, 0.0, 0.0, 0.0, 0.0, 0, 4.0, 0.0, 1, 10.0, 8.0, 0.0, 17556.0] 0.8778
