[1.0, 0.0, 0, 0.0, 0.0, 1.0, 3.0, 0.0, 1.0, 10, 10.0, 32, 14168.4] 0.42525999999999997
[1.0, 0, 0, 0.0, 0, 0.0, 2.0, 0.0, 2.0, 8.0, 8.0, 128.0, 16544.2] 0.78163
[1.0, 0.0, 1.0, 0.0, 0.0, 1.0, 2.0, 0, 3.0, 10, 10.0, 20.0, 12099.0] 0.30987317766978784
[1.0, 0.0, 1, 0.0, 0.0, 0.0, 2, 0.0, 3.0, 8.0, 8.0, 64.0, 15339.0] 0.60085
[1.0, 1, 0, 0.0, 0.0, 0, 4.0, 0.0, 1, 8.0, 8, 20.0, 15097.6] 0.56464
[1.0, 0, 0.0, 0.0, 0.0, 0.0, 2.0, 0, 1.0, 10.0, 8.0, 10.0, 14619.4] 0.49290999999999996
[1.0, 1, 1, 1.0, 1.0, 0.0, 1, 0.0, 3.0, 8.0, 8, 128, 14475.4] 0.47130999999999995
[1.0, 0.0, 0.0, 0.0, 0.0, 0.0, 3.0, 0.0, 1.0, 8, 20, 20, 13668.0] 0.3842598079886216
[1.0, 0, 0.0, 0.0, 0.0, 1.0, 4.0, 0.0, 2, 10.0, 10.0, 128.0, 15807.2] 0.6710800000000001
[1.0, 0.0, 1.0, 1.0, 1.0, 0, 3.0, 0.0, 1.0, 8.0, 10.0, 0, 15572.8] 0.6359199999999999
[1.0, 0.0, 0, 0, 0.0, 0, 1, 0.0, 1, 8.0, 8, 0.0, 16846.2] 0.82693
[1.0, 0.0, 0.0, 0.0, 0.0, 0.0, 4.0, 0.0, 2, 10.0, 8.0, 64.0, 17750.6] 0.8875299999999999
[1.0, 0, 0.0, 0.0, 0.0, 0.0, 4.0, 0.0, 4.0, 8.0, 10.0, 20.0, 14266.4] 0.43995999999999996
[1.0, 0.0, 0, 0.0, 0.0, 1.0, 3.0, 0.0, 1.0, 8, 10.0, 128.0, 17464.8] 0.8732399999999999
[1.0, 0, 1.0, 1.0, 1.0, 1.0, 4.0, 0.0, 3.0, 8.0, 8.0, 64.0, 14863.2] 0.5294800000000002
[1.0, 0.0, 0.0, 0.0, 0.0, 0, 4.0, 0.0, 1.0, 10.0, 8.0, 64, 17355.2] 0.86776
[1.0, 0.0, 0.0, 0.0, 0.0, 1.0, 4, 0.0, 2.0, 8.0, 8.0, 128.0, 17970.0] 0.8985
[1.0, 0, 1.0, 0.0, 0.0, 1.0, 3.0, 0.0, 4.0, 8, 8.0, 16.0, 14328.0] 0.44920000000000004
[1, 1.0, 0.0, 0.0, 0.0, 0.0, 3.0, 0.0, 2.0, 8.0, 8.0, 64, 16064.4] 0.70966
[1, 0, 1.0, 1, 1.0, 0.0, 3.0, 0.0, 2.0, 8.0, 8.0, 8.0, 15505.0] 0.62575
[1.0, 0.0, 0.0, 0.0, 0.0, 1.0, 2.0, 0, 4, 16.0, 8.0, 0.0, 11191.4] 0.26684366480976646
[1.0, 0.0, 1.0, 1, 1.0, 0, 2.0, 0.0, 1, 10.0, 10.0, 64.0, 13681.6] 0.3849045869384853
[1.0, 0.0, 0.0, 0, 0.0, 1, 4.0, 0.0, 1.0, 8, 10.0, 16.0, 16579.4] 0.7869100000000002
[1.0, 0.0, 1.0, 1.0, 1.0, 0.0, 1.0, 0.0, 1.0, 8.0, 20.0, 8.0, 10284.8] 0.22386156216664688
[1.0, 0.0, 0.0, 0.0, 0.0, 0.0, 2, 0.0, 1.0, 10.0, 10.0, 20.0, 13787.0] 0.3899016237999289
[1.0, 0.0, 0.0, 0.0, 0.0, 0.0, 3, 0.0, 1.0, 10.0, 8.0, 16.0, 15579.4] 0.63691
[1.0, 0.0, 0.0, 0, 0.0, 0.0, 2.0, 0.0, 1.0, 16.0, 8, 64.0, 12076.2] 0.30879222472442813
[1.0, 0, 0.0, 0.0, 0.0, 1.0, 3.0, 0.0, 3.0, 8.0, 10.0, 0.0, 14675.8] 0.5013699999999999
[1.0, 1.0, 1.0, 1.0, 1.0, 0.0, 4.0, 0.0, 4.0, 8.0, 8.0, 128, 14454.0] 0.4681
[1, 0, 0.0, 0, 0.0, 0, 2.0, 0.0, 2.0, 8.0, 8.0, 8.0, 16406.4] 0.7609600000000002
