[1.0, 0.0, 0, 0.0, 0.0, 0.0, 4, 0.0, 1, 10.0, 10.0, 0, 17357.2] 0.86786
[1.0, 0.0, 0.0, 0.0, 0, 0.0, 4, 0.0, 2, 8.0, 8.0, 128.0, 19600.2] 0.98001
[1.0, 0.0, 0.0, 0.0, 0.0, 0.0, 3.0, 0.0, 2, 8, 8.0, 0, 19692.2] 0.98461
[1, 0, 1.0, 1.0, 1.0, 0.0, 1.0, 0.0, 2.0, 8.0, 10.0, 128, 14957.0] 0.54355
[1.0, 0, 0, 0, 0.0, 0.0, 4.0, 0.0, 1.0, 10.0, 8, 20, 16210.8] 0.7316199999999999
[1.0, 0.0, 1, 0.0, 0.0, 0.0, 1.0, 0.0, 3.0, 10, 10.0, 8, 12596.4] 0.33345501955671447
[1.0, 0, 0, 0, 0, 0, 3.0, 0.0, 1.0, 10.0, 8, 128, 16057.2] 0.7085800000000001
[1.0, 0.0, 0.0, 0.0, 0.0, 1, 3, 0.0, 1, 8, 8.0, 32.0, 18124.6] 0.9062299999999999
[1.0, 0, 1.0, 0.0, 0.0, 1, 3, 0.0, 1.0, 8.0, 10.0, 64, 14536.6] 0.4804900000000001
[1.0, 0.0, 0, 0.0, 0.0, 0.0, 4, 0, 2.0, 8.0, 8, 0.0, 19707.8] 0.98539
[1, 0.0, 0, 0.0, 0.0, 0, 4.0, 0.0, 2, 10.0, 10.0, 128.0, 17254.4] 0.86272
[1, 0.0, 1.0, 0.0, 0.0, 0, 2.0, 0.0, 2, 8.0, 8.0, 64, 16724.4] 0.8086600000000002
[1.0, 0.0, 0, 0.0, 0.0, 0.0, 3.0, 0.0, 2.0, 8.0, 10.0, 0, 18819.2] 0.94096
[1, 0, 0.0, 0, 0.0, 0.0, 4.0, 0, 3.0, 8, 10.0, 64, 14885.6] 0.5328400000000001
[1.0, 0.0, 0.0, 0.0, 0.0, 1.0, 4.0, 0.0, 4.0, 10.0, 8, 0.0, 14107.4] 0.41611
[1, 0.0, 0, 0.0, 0.0, 1, 3.0, 0.0, 1.0, 8.0, 10.0, 128.0, 17464.8] 0.8732399999999999
[1, 0.0, 0, 0.0, 0.0, 0, 3.0, 0, 1.0, 8.0, 16.0, 64, 14585.6] 0.48784000000000005
[1.0, 0, 0.0, 0.0, 0, 0.0, 4.0, 0.0, 3.0, 8.0, 16.0, 64, 11466.4] 0.27988147445774564
[1.0, 0.0, 1, 0.0, 0.0, 1.0, 2.0, 0.0, 2.0, 8.0, 8, 10, 15619.6] 0.6429400000000001
[1, 0.0, 0, 0.0, 0.0, 0, 3.0, 0.0, 1.0, 8.0, 10.0, 128.0, 18822.0] 0.9410999999999999
[1, 0, 0, 0, 0.0, 1.0, 3, 0, 1, 8, 8, 8.0, 18049.6] 0.90248
[1.0, 0.0, 0.0, 0.0, 0.0, 0.0, 2.0, 0, 1.0, 8.0, 8, 0.0, 17050.2] 0.85251
[1.0, 0.0, 1.0, 0.0, 0.0, 1, 2, 0.0, 1.0, 10.0, 8.0, 64, 15249.0] 0.58735
[1.0, 0.0, 0.0, 0.0, 0.0, 0.0, 4.0, 0.0, 2.0, 8, 8, 10.0, 18359.4] 0.9179700000000001
[1.0, 0.0, 1.0, 1.0, 1, 0.0, 3, 0.0, 1, 10.0, 10, 0.0, 14095.0] 0.41425
[1, 0.0, 0.0, 0, 0.0, 0.0, 3, 0.0, 1.0, 8, 8, 0, 19673.8] 0.98369
[1.0, 0.0, 0, 0.0, 0, 1.0, 4, 0.0, 2, 10.0, 8.0, 128.0, 16581.2] 0.7871800000000001
[1.0, 0.0, 0, 0, 0.0, 1.0, 4.0, 0, 2.0, 10.0, 8.0, 64.0, 16594.6] 0.7891899999999998
[1, 0.0, 0.0, 0.0, 0.0, 0.0, 3.0, 0.0, 1.0, 8, 8, 8.0, 18527.6] 0.92638
[1.0, 0, 0, 0.0, 0.0, 0, 4, 0, 2.0, 8.0, 8.0, 64, 19505.4] 0.9752700000000001
