[1, 1.0, 0, 0, 1.0, 0.0, 0, 0.0, 0.0, 1.0, 0.0, 40.0, 64.0, 10, 304643.2] 0.7107150769230769
[1, 0.0, 1.0, 1.0, 1.0, 0.0, 1.0, 0.0, 0.0, 0.0, 0.0, 0.0, 4.0, 8.0, 132074.2] 0.06804946666666667
[1.0, 1.0, 1, 1.0, 1, 0, 0, 0.0, 1, 0, 1, 100, 64, 8.0, 125063.0] 0.06337533333333333
[1, 1.0, 1.0, 1, 1, 0.0, 0.0, 0.0, 1, 0.0, 1, 0.0, 1024, 10.0, 422269.6] 0.9821606153846154
[1, 1.0, 1.0, 1.0, 1.0, 1.0, 0, 0.0, 0.0, 0.0, 0.0, 0.0, 16, 8.0, 132598.2] 0.06839880000000001
[1.0, 0.0, 1.0, 1.0, 1.0, 0.0, 0.0, 0.0, 1, 0.0, 1.0, 40.0, 2.0, 10.0, 418187.0] 0.9727392307692307
[1, 0.0, 1.0, 1.0, 1.0, 0.0, 0.0, 0.0, 1.0, 0, 0.0, 0, 4, 10.0, 421755.4] 0.980974
[1, 0.0, 1.0, 1.0, 1, 0.0, 0.0, 0.0, 1.0, 0.0, 1.0, 0.0, 1024, 10.0, 422519.2] 0.9827366153846154
[1.0, 1, 0.0, 1.0, 1, 0.0, 0, 0, 1.0, 0.0, 1, 0, 256, 10.0, 422061.4] 0.9816801538461539
[1.0, 1, 0.0, 1.0, 1.0, 0, 0, 0.0, 1.0, 0.0, 1.0, 0, 128.0, 10.0, 421498.0] 0.98038
[1.0, 0, 0, 0.0, 1, 0.0, 0, 0.0, 0, 1, 1.0, 30.0, 64.0, 10.0, 303752.2] 0.708658923076923
[1.0, 0, 1, 0, 1.0, 0, 0.0, 0.0, 0.0, 1.0, 0, 60.0, 256.0, 10.0, 304798.6] 0.7110736923076922
[1.0, 1.0, 0, 1, 1, 0.0, 0, 0, 1.0, 0.0, 0, 10.0, 2, 10.0, 418818.6] 0.9741967692307691
[1.0, 0.0, 1, 1, 1.0, 0.0, 0.0, 0.0, 0.0, 1.0, 1.0, 100, 512, 10.0, 303364.2] 0.7077635384615385
[1.0, 0.0, 0, 1, 1, 0.0, 0.0, 0, 1, 0, 0, 30, 32.0, 10, 416935.0] 0.96985
[1.0, 1, 1, 1.0, 1, 0.0, 0.0, 0.0, 1, 0, 0, 0, 128.0, 10.0, 422401.4] 0.9824647692307693
[1, 0, 1, 1.0, 1, 0.0, 1, 0.0, 0.0, 0.0, 1.0, 10, 1, 8.0, 125566.2] 0.0637108
[1, 0.0, 0.0, 1, 1, 0.0, 0.0, 0.0, 1, 0.0, 0, 0, 1.0, 10, 420952.4] 0.9791209230769231
[1.0, 0, 1, 1, 1.0, 0.0, 0.0, 0.0, 1.0, 0.0, 1.0, 0.0, 1024.0, 10.0, 422519.2] 0.9827366153846154
[1, 1.0, 1.0, 1.0, 1, 0.0, 0.0, 0.0, 1, 0, 1.0, 50, 2048.0, 10, 415253.4] 0.9659693846153847
[1.0, 0.0, 0.0, 1.0, 1.0, 0.0, 0.0, 0, 1.0, 0.0, 0.0, 20.0, 2.0, 10.0, 418660.0] 0.9738307692307693
[1, 1.0, 0.0, 0.0, 1.0, 0.0, 0, 0.0, 0.0, 1.0, 0.0, 70.0, 64.0, 10.0, 301152.4] 0.7026593846153846
[1.0, 1, 1.0, 1.0, 1.0, 0.0, 0, 0, 1, 0.0, 1, 80.0, 1024.0, 10.0, 416600.6] 0.9690783076923076
[1, 1.0, 1.0, 1.0, 1, 0.0, 0.0, 0.0, 0, 1.0, 0.0, 30.0, 4096.0, 10, 303100.4] 0.7071547692307693
[1, 0, 1, 1, 1, 0, 0.0, 0.0, 1, 0, 1, 50, 1, 10, 420763.0] 0.9786838461538462
[1, 1, 1.0, 1.0, 1, 1.0, 0, 0.0, 0.0, 0.0, 0.0, 40, 1.0, 10, 125620.4] 0.06374693333333334
[1, 1, 1, 1, 1, 0.0, 0, 0, 0.0, 1, 0, 50, 64, 10, 301825.0] 0.7042115384615384
[1.0, 1.0, 1.0, 0.0, 1.0, 0.0, 0.0, 0.0, 0.0, 1.0, 0, 30, 64, 10.0, 303385.0] 0.7078115384615384
[1.0, 1.0, 0.0, 1.0, 1.0, 0.0, 0, 0.0, 1, 0.0, 0, 70, 1, 10.0, 420302.4] 0.977620923076923
[1.0, 1, 0.0, 1.0, 1.0, 0.0, 0.0, 0, 0.0, 1, 1, 90, 1024, 10.0, 303458.4] 0.7079809230769231
