[1.0, 1, 0, 0, 1, 0, 0.0, 0.0, 0.0, 1.0, 0, 40, 64, 10, 304643.2] 0.7107150769230769
[1, 0.0, 1, 1.0, 1, 0, 0, 0, 1.0, 0, 1.0, 0, 1, 10.0, 424574.6] 0.9874798461538461
[1.0, 1.0, 1.0, 1.0, 1.0, 0.0, 0.0, 0, 1.0, 0.0, 0.0, 0, 128, 10.0, 422401.4] 0.9824647692307693
[1, 1.0, 1, 0.0, 1.0, 0.0, 0.0, 0.0, 0, 1.0, 1.0, 50.0, 4096.0, 10.0, 303552.6] 0.7081983076923076
[1.0, 0, 1.0, 1.0, 1, 0.0, 0, 0.0, 1.0, 0, 0, 0, 2048.0, 10.0, 422252.6] 0.9821213846153846
[1.0, 1, 1, 1, 1.0, 1.0, 0.0, 0.0, 0.0, 0.0, 1, 0.0, 8, 8.0, 132275.8] 0.06818386666666666
[1, 1, 1.0, 1.0, 1.0, 0.0, 0.0, 0.0, 1.0, 0, 0, 10, 1, 10.0, 420823.8] 0.9788241538461537
[1.0, 1.0, 1, 1.0, 1, 0.0, 0.0, 0.0, 1.0, 0, 0.0, 10, 1.0, 10.0, 420823.8] 0.9788241538461537
[1, 1, 1, 1, 1, 0, 0, 0, 0, 1, 1, 50, 1024, 10.0, 304187.8] 0.7096641538461538
[1, 1, 1.0, 1.0, 1, 0, 0, 0, 1, 0, 1, 50, 1, 10.0, 420032.8] 0.9769987692307692
[1.0, 0, 1, 1.0, 1, 0.0, 0.0, 0, 1, 0, 0, 0, 2048.0, 10.0, 422252.6] 0.9821213846153846
[1, 0, 1, 0.0, 1.0, 0.0, 0.0, 0.0, 0.0, 1.0, 1, 100, 4096, 10.0, 303869.6] 0.708929846153846
[1.0, 1, 1, 1.0, 1, 0, 0.0, 0.0, 0, 1.0, 0, 100.0, 512, 10, 303810.0] 0.7087923076923076
[1.0, 1.0, 0, 1.0, 1.0, 1.0, 0.0, 0.0, 0.0, 0.0, 1.0, 0.0, 64, 8.0, 131931.4] 0.06795426666666667
[1.0, 0.0, 0, 1, 1.0, 0.0, 0, 0, 0.0, 1.0, 0, 100, 2048, 10.0, 304237.6] 0.7097790769230768
[1, 0, 0, 1, 1, 0, 0, 0.0, 1, 0, 0, 0, 8, 10.0, 422061.6] 0.9816806153846154
[1.0, 0.0, 1, 1, 1.0, 0, 0.0, 0, 1, 0, 1.0, 0, 1, 10.0, 424574.6] 0.9874798461538461
[1.0, 1, 0, 0.0, 1.0, 0.0, 0.0, 0.0, 0, 1.0, 0, 40, 512.0, 10, 305319.4] 0.7122755384615385
[1, 0, 0, 1, 1.0, 0.0, 0, 0, 0.0, 1, 1, 60, 4096, 10.0, 304407.4] 0.7101709230769231
[1.0, 0.0, 1.0, 1, 1.0, 0, 1.0, 0.0, 0.0, 0.0, 1.0, 0.0, 256.0, 8, 131831.2] 0.06788746666666667
[1.0, 0.0, 0, 1.0, 1, 0.0, 0.0, 0.0, 0, 1.0, 1.0, 30, 1024.0, 10.0, 303342.0] 0.7077123076923076
[1.0, 0, 1, 1.0, 1, 0, 0.0, 0, 1, 0.0, 0, 0, 2048.0, 10.0, 422252.6] 0.9821213846153846
[1.0, 0, 1, 1, 1, 0, 0, 0.0, 1, 0, 0.0, 0.0, 2048, 10.0, 422252.6] 0.9821213846153846
[1.0, 1, 1.0, 1, 1, 0.0, 0.0, 0, 1.0, 0, 0, 0, 128.0, 10, 422401.4] 0.9824647692307693
[1.0, 1, 1, 1.0, 1.0, 0, 0.0, 0, 1, 0, 0, 0, 128, 10, 422401.4] 0.9824647692307693
[1.0, 1, 0, 1, 1, 0.0, 0, 0, 1, 0, 0, 100.0, 1, 10.0, 420762.8] 0.9786833846153846
[1, 0, 1, 1.0, 1, 0.0, 0.0, 0, 1.0, 0.0, 0.0, 0, 2048, 10.0, 422252.6] 0.9821213846153846
[1, 0, 0, 1, 1, 0, 0.0, 0.0, 1, 0, 0, 0, 1024, 10, 421959.2] 0.9814443076923077
[1.0, 1, 1, 1, 1, 0.0, 0, 0, 1, 0, 0, 0, 128, 10.0, 422401.4] 0.9824647692307693
[1.0, 1, 1, 1, 1.0, 0, 0, 0.0, 1.0, 0, 0.0, 0.0, 128, 10.0, 422401.4] 0.9824647692307693
