[1, 1, 0, 1, 1, 0.0, 0, 0, 1.0, 0, 1, 90, 2, 10.0, 421820.2] 0.9811235384615384
[1, 0, 0, 1, 1, 0, 0.0, 0.0, 1, 0, 0.0, 60, 4096.0, 10.0, 417210.6] 0.970486
[1.0, 1.0, 1.0, 1.0, 1.0, 0.0, 0.0, 0, 1.0, 0.0, 0.0, 0, 128.0, 10.0, 422401.4] 0.9824647692307693
[1.0, 0.0, 0, 1.0, 1.0, 0.0, 0.0, 0.0, 0.0, 1.0, 0, 30.0, 32.0, 10, 303344.2] 0.7077173846153846
[1, 1, 0.0, 1.0, 1.0, 0, 0.0, 0, 1.0, 0.0, 1.0, 40.0, 1.0, 10.0, 421557.6] 0.9805175384615384
[1, 0, 1, 1.0, 1.0, 0, 0.0, 0.0, 1, 0, 1, 0, 4, 10.0, 422067.4] 0.9816940000000001
[1, 1.0, 1, 1, 1.0, 0, 0, 0, 1, 0, 1, 100, 2, 10, 418034.4] 0.9723870769230769
[1.0, 0, 1, 0.0, 1, 0.0, 0.0, 0.0, 0, 1, 1.0, 40, 1024, 10.0, 303744.6] 0.7086413846153845
[1, 1.0, 0, 1.0, 1.0, 1.0, 0.0, 0.0, 0.0, 0.0, 0.0, 0, 1.0, 8, 131978.6] 0.06798573333333334
[1.0, 1.0, 0, 1.0, 1.0, 1, 0.0, 0.0, 0, 0.0, 0.0, 0.0, 1.0, 8.0, 131978.6] 0.06798573333333334
[1.0, 0, 1.0, 1.0, 1, 0.0, 0, 0.0, 1.0, 0.0, 1.0, 0, 1, 10.0, 424574.6] 0.9874798461538461
[1, 1.0, 0.0, 0.0, 1.0, 0, 0, 0.0, 0.0, 1, 0.0, 40, 512, 10.0, 305319.4] 0.7122755384615385
[1, 0, 0, 1.0, 1, 0.0, 0, 0, 1, 0.0, 0, 0, 8.0, 10.0, 422061.6] 0.9816806153846154
[1, 1.0, 0, 1, 1.0, 0, 0, 0.0, 1.0, 0.0, 1, 90.0, 2, 10.0, 421820.2] 0.9811235384615384
[1.0, 1, 0, 1.0, 1, 0, 0.0, 0.0, 1.0, 0.0, 1, 0, 32, 10.0, 422006.6] 0.9815536923076922
[1.0, 1.0, 0.0, 1, 1.0, 1.0, 0.0, 0.0, 0.0, 0.0, 0.0, 0, 1.0, 8.0, 131978.6] 0.06798573333333334
[1, 0.0, 0, 1.0, 1.0, 0.0, 0.0, 0.0, 1, 0, 0, 80, 1, 10.0, 420688.8] 0.9785126153846153
[1, 1, 0, 1, 1, 0.0, 0.0, 0.0, 0, 1.0, 1.0, 40.0, 2048.0, 10.0, 303936.6] 0.7090844615384615
[1.0, 1, 0, 1, 1, 0, 0, 0, 1, 0.0, 1, 0, 256, 10.0, 422061.4] 0.9816801538461539
[1.0, 1.0, 0.0, 0.0, 1, 0.0, 0.0, 0.0, 0.0, 1.0, 1, 80, 16.0, 10.0, 302888.2] 0.7066650769230769
[1, 1, 1.0, 1.0, 1, 0.0, 0, 0, 1, 0, 0, 100, 512, 10, 417049.4] 0.970114
[1, 0, 0.0, 1.0, 1.0, 0, 0, 0, 1, 0, 0, 90, 256, 10, 416572.6] 0.9690136923076922
[1.0, 1.0, 1.0, 1, 1, 1.0, 0.0, 0.0, 0, 0.0, 1, 0, 8, 8, 132275.8] 0.06818386666666666
[1.0, 0.0, 0, 1, 1.0, 0.0, 0.0, 0.0, 1, 0, 0, 60, 1, 10.0, 420801.0] 0.9787715384615385
[1, 1, 0, 1, 1.0, 0.0, 0, 0.0, 1, 0, 0.0, 0, 16, 10.0, 421525.0] 0.9804423076923077
[1.0, 1.0, 0, 1.0, 1, 0, 0, 0, 1, 0.0, 1.0, 0, 256, 10.0, 422061.4] 0.9816801538461539
[1, 1, 1.0, 1, 1, 0, 0, 0, 1, 0, 0, 0, 64, 10, 421857.4] 0.9812093846153846
[1, 1, 1, 1, 1.0, 0.0, 0, 0.0, 1.0, 0, 0, 0, 128, 10.0, 422401.4] 0.9824647692307693
[1, 1, 0.0, 1, 1, 0, 0.0, 0, 1, 0.0, 1.0, 0, 256, 10.0, 422061.4] 0.9816801538461539
[1, 0, 1, 1, 1, 0.0, 1.0, 0.0, 0.0, 0, 0, 0, 4, 8.0, 132074.2] 0.06804946666666667
