[1.0, 1.0, 1.0, 0, 1.0, 0.0, 0.0, 0.0, 0.0, 1.0, 1, 10.0, 64, 10, 300577.6] 0.701332923076923
[1, 0.0, 1.0, 1.0, 1.0, 0.0, 0.0, 0.0, 1.0, 0.0, 1.0, 40, 2.0, 10.0, 418187.0] 0.9727392307692307
[1.0, 1.0, 1.0, 1.0, 1.0, 0.0, 0.0, 0.0, 1.0, 0.0, 0.0, 50.0, 64, 10.0, 416933.0] 0.9698453846153846
[1, 1.0, 1, 0.0, 1.0, 0.0, 0.0, 0.0, 0, 1.0, 1.0, 50.0, 4096.0, 10.0, 303552.6] 0.7081983076923076
[1.0, 1.0, 1.0, 1.0, 1, 0.0, 0.0, 0.0, 1.0, 0.0, 0.0, 90.0, 2048.0, 10.0, 416848.4] 0.9696501538461539
[1.0, 0.0, 1, 1.0, 1.0, 1.0, 0.0, 0.0, 0.0, 0.0, 0.0, 0.0, 512.0, 8.0, 132073.0] 0.06804866666666667
[1.0, 0.0, 1.0, 1.0, 1.0, 0.0, 0, 0.0, 1.0, 0, 0, 60.0, 1, 10.0, 420242.4] 0.9774824615384616
[1.0, 1.0, 1, 1.0, 1, 0.0, 0.0, 0.0, 1.0, 0, 0.0, 10, 1.0, 10.0, 420823.8] 0.9788241538461537
[1, 1.0, 0.0, 1, 1.0, 1.0, 0.0, 0.0, 0, 0, 0, 50, 2, 10.0, 117809.6] 0.05853973333333334
[1, 1.0, 1.0, 1.0, 1.0, 0, 0.0, 0.0, 0.0, 1.0, 1.0, 50, 64.0, 10.0, 303666.6] 0.7084613846153845
[1.0, 0, 0.0, 1.0, 1, 0.0, 0.0, 0.0, 0.0, 1.0, 0, 100, 2048.0, 10.0, 304237.6] 0.7097790769230768
[1.0, 0, 1, 0.0, 1.0, 0.0, 0.0, 0.0, 0.0, 1.0, 1, 40.0, 1024.0, 10.0, 303744.6] 0.7086413846153845
[1.0, 0.0, 1, 1.0, 1, 0, 0.0, 0.0, 0, 1.0, 0, 100.0, 1024.0, 10, 303597.2] 0.7083012307692308
[1.0, 1.0, 0, 1.0, 1.0, 1.0, 0.0, 0.0, 0.0, 0.0, 1.0, 0.0, 64, 8.0, 131931.4] 0.06795426666666667
[1.0, 0.0, 0, 0.0, 1.0, 0.0, 0.0, 0.0, 0.0, 1.0, 0, 50.0, 2048, 10.0, 303036.4] 0.707007076923077
[1, 0, 0, 1.0, 1.0, 0, 0.0, 0.0, 1, 0, 0, 60.0, 1, 10.0, 420801.0] 0.9787715384615385
[1.0, 0.0, 1, 1.0, 1.0, 0.0, 0.0, 0, 1, 0, 1.0, 0, 4096, 10.0, 421549.6] 0.9804990769230768
[1, 0.0, 0, 0.0, 1.0, 0.0, 0.0, 0.0, 0, 1.0, 1, 40.0, 512.0, 10, 303522.4] 0.7081286153846154
[1.0, 1.0, 1.0, 1, 1.0, 0.0, 1, 0, 0.0, 0, 0.0, 0, 2, 10.0, 131955.8] 0.06797053333333333
[1.0, 0.0, 1.0, 1, 1.0, 0, 1.0, 0.0, 0.0, 0.0, 1.0, 0.0, 256.0, 8, 131831.2] 0.06788746666666667
[1.0, 0.0, 0, 1.0, 1, 0.0, 0.0, 0.0, 0, 1.0, 1.0, 30, 1024.0, 10.0, 303342.0] 0.7077123076923076
[1.0, 0, 1, 1.0, 1, 0, 0.0, 0, 1, 0.0, 0, 0, 2048.0, 10.0, 422252.6] 0.9821213846153846
[1.0, 0.0, 0, 1, 1, 0, 0, 0.0, 1, 0.0, 0.0, 0.0, 2048, 10.0, 421657.6] 0.9807483076923076
[1.0, 1, 1.0, 1.0, 1.0, 0.0, 0.0, 0.0, 1.0, 0, 0, 10, 128.0, 10, 416835.6] 0.9696206153846154
[1.0, 1.0, 1.0, 1, 1.0, 0, 0.0, 0.0, 1, 0.0, 0, 80.0, 64, 10, 417541.8] 0.9712503076923077
[1.0, 1.0, 1.0, 1, 1.0, 0.0, 0, 0.0, 0, 1, 1, 100.0, 2048, 10.0, 302709.4] 0.7062524615384616
[1.0, 1, 0.0, 1.0, 1, 0.0, 0.0, 0.0, 1, 0.0, 0.0, 0, 1.0, 10.0, 421349.8] 0.980038
[1, 1.0, 0, 0, 1.0, 0.0, 0.0, 0.0, 0, 1.0, 0, 60, 128, 10.0, 302744.4] 0.7063332307692308
[1.0, 0.0, 0.0, 1.0, 1.0, 0, 0, 0.0, 1.0, 0, 0.0, 60, 1.0, 10.0, 420801.0] 0.9787715384615385
[1.0, 1.0, 1.0, 1.0, 1.0, 0, 0, 0.0, 1.0, 0.0, 0.0, 0.0, 64, 10.0, 421857.4] 0.9812093846153846
