[1, 1, 0, 1, 1, 0.0, 0, 0.0, 1.0, 0, 1, 40, 1, 10.0, 421557.6] 0.9805175384615384
[1.0, 1.0, 1, 1, 1.0, 0.0, 0.0, 0.0, 0.0, 1.0, 0.0, 60, 4096.0, 10.0, 304027.8] 0.709294923076923
[1.0, 1.0, 1.0, 1.0, 1.0, 0.0, 0.0, 0, 1.0, 0.0, 0.0, 0, 128.0, 10.0, 422401.4] 0.9824647692307693
[1.0, 0.0, 0, 1.0, 1.0, 0.0, 0.0, 0.0, 0.0, 1.0, 0, 30.0, 32.0, 10, 303344.2] 0.7077173846153846
[1, 1.0, 0.0, 1.0, 1, 0.0, 0.0, 0, 1.0, 0.0, 1.0, 40.0, 1.0, 10.0, 421557.6] 0.9805175384615384
[1, 0.0, 1, 1.0, 1.0, 0.0, 0.0, 0.0, 1, 0, 1, 100.0, 4096.0, 10.0, 416612.8] 0.9691064615384615
[1, 1.0, 1, 0, 1.0, 0.0, 0.0, 0, 0.0, 1.0, 0.0, 100, 1024.0, 10.0, 303076.4] 0.7070993846153846
[1.0, 0, 0.0, 0.0, 1, 0.0, 0.0, 0.0, 0.0, 1.0, 1.0, 90.0, 512, 10.0, 302907.4] 0.7067093846153846
[1.0, 1.0, 0.0, 1.0, 1.0, 0.0, 1.0, 0.0, 0.0, 0.0, 0.0, 80.0, 1.0, 8.0, 125150.4] 0.0634336
[1.0, 1.0, 0, 1.0, 1.0, 1, 0.0, 0.0, 0, 0.0, 0.0, 0.0, 1.0, 8.0, 131978.6] 0.06798573333333334
[1.0, 0.0, 1.0, 1.0, 1, 0.0, 0, 0.0, 1.0, 0.0, 1.0, 0, 16.0, 10.0, 420304.6] 0.9776259999999999
[1, 1.0, 0.0, 0.0, 1.0, 0.0, 0.0, 0.0, 0.0, 1, 0.0, 20.0, 2.0, 10.0, 302118.0] 0.7048876923076922
[1.0, 0.0, 0, 1.0, 1, 0.0, 0.0, 0, 1.0, 0.0, 1.0, 0, 2048.0, 10.0, 420723.4] 0.9785924615384616
[1, 1.0, 0, 1, 1.0, 0, 0, 0.0, 1.0, 0.0, 1, 90.0, 2, 10.0, 421820.2] 0.9811235384615384
[1.0, 1, 0, 1.0, 1, 0, 0.0, 0.0, 1.0, 0.0, 1, 10, 64, 10.0, 417488.6] 0.9711275384615384
[1.0, 1.0, 0.0, 1, 1.0, 1.0, 0.0, 0.0, 0.0, 0.0, 0.0, 0, 1.0, 8.0, 131978.6] 0.06798573333333334
[1.0, 0.0, 1.0, 1, 1.0, 0.0, 0, 0.0, 1.0, 0.0, 1.0, 20.0, 2048.0, 10.0, 415858.8] 0.9673664615384615
[1, 1, 0, 1, 1, 0.0, 0.0, 0.0, 0, 1.0, 1.0, 40.0, 2048.0, 10.0, 303936.6] 0.7090844615384615
[1.0, 1, 1.0, 1.0, 1, 0.0, 0.0, 0.0, 1, 0.0, 1.0, 20.0, 1, 10.0, 419619.0] 0.9760438461538461
[1.0, 1.0, 0.0, 0.0, 1, 0.0, 0.0, 0.0, 0.0, 1.0, 1, 80, 16.0, 10.0, 302888.2] 0.7066650769230769
[1.0, 1, 1.0, 1.0, 1, 0.0, 0, 0, 0, 1.0, 0, 10, 4, 10, 301471.6] 0.7033959999999999
[1, 0.0, 0.0, 1.0, 1.0, 0, 0.0, 0.0, 0.0, 1, 0, 60, 2.0, 10.0, 300310.8] 0.7007172307692306
[1.0, 1.0, 1.0, 1, 1.0, 1.0, 0.0, 0.0, 0, 0.0, 1, 0, 4096, 8, 131781.6] 0.06785440000000001
[1.0, 1, 1, 1, 1.0, 0.0, 0.0, 0.0, 1.0, 0.0, 0, 20, 2, 10.0, 419684.4] 0.9761947692307693
[1.0, 1, 0, 1, 1.0, 0.0, 0, 0.0, 1, 0, 0.0, 60.0, 128.0, 10.0, 415257.0] 0.9659776923076924
[1.0, 1.0, 1.0, 1.0, 1, 0, 0.0, 0.0, 1, 0, 1.0, 100.0, 2.0, 10.0, 418034.4] 0.9723870769230769
[1, 0.0, 1.0, 1.0, 1, 0, 0.0, 0, 1, 0, 1.0, 60, 32, 8.0, 124973.4] 0.0633156
[1, 1, 0, 1, 1.0, 0.0, 0.0, 0.0, 1, 0.0, 0.0, 10.0, 1.0, 10.0, 420377.2] 0.9777935384615385
[1.0, 1.0, 0.0, 1, 1, 0.0, 0.0, 0.0, 1, 0.0, 1.0, 0, 1, 10.0, 420997.4] 0.9792247692307693
[1, 1.0, 1.0, 1, 1.0, 0.0, 1.0, 0.0, 0, 0.0, 1.0, 0, 1.0, 8.0, 131724.6] 0.0678164
