[1, 0.0, 1.0, 1, 1.0, 0.0, 0.0, 0.0, 1.0, 0.0, 1.0, 0, 4, 10, 422067.4] 0.9816940000000001
[1.0, 1.0, 1.0, 1.0, 1.0, 0.0, 0.0, 0.0, 1, 0, 1.0, 30, 32, 10.0, 416729.2] 0.9693750769230769
[1.0, 1.0, 1.0, 0.0, 1.0, 0.0, 0.0, 0.0, 0.0, 1.0, 1.0, 90.0, 32.0, 10.0, 301339.0] 0.70309
[1.0, 1, 0.0, 0.0, 1.0, 0.0, 0, 0.0, 0.0, 1.0, 0, 80.0, 16.0, 10, 302574.2] 0.7059404615384616
[1, 0.0, 1, 1, 1, 0, 0.0, 0.0, 1, 0, 0, 0, 2048, 10.0, 422252.6] 0.9821213846153846
[1, 1.0, 1.0, 1.0, 1.0, 0.0, 0.0, 0.0, 1.0, 0.0, 1.0, 100.0, 1, 10.0, 421113.8] 0.9794933846153846
[1.0, 0.0, 1, 1.0, 1.0, 0.0, 0.0, 0.0, 1.0, 0, 1, 0, 1, 10.0, 424574.6] 0.9874798461538461
[1.0, 1.0, 1.0, 0, 1, 0.0, 0.0, 0, 0, 1, 0.0, 60, 128, 10, 304046.0] 0.7093369230769231
[1, 1.0, 1.0, 1, 1.0, 1.0, 0.0, 0.0, 0.0, 0.0, 0, 0, 1.0, 10.0, 131828.0] 0.06788533333333334
[1, 0.0, 0, 1, 1, 0.0, 0.0, 0.0, 0.0, 1, 1.0, 60.0, 4096.0, 10, 304407.4] 0.7101709230769231
[1, 0, 1, 1.0, 1.0, 0.0, 1, 0.0, 0.0, 0.0, 0.0, 0, 4.0, 8.0, 132074.2] 0.06804946666666667
[1, 0.0, 1, 1.0, 1, 0, 0.0, 0.0, 1.0, 0.0, 1, 0, 1.0, 10.0, 424574.6] 0.9874798461538461
[1.0, 0.0, 1.0, 0.0, 1.0, 0.0, 0.0, 0.0, 1.0, 0.0, 1.0, 70, 128.0, 10.0, 113946.4] 0.055964266666666665
[1, 1, 0.0, 1, 1.0, 0.0, 0.0, 0.0, 0.0, 1.0, 1.0, 10, 1024.0, 10.0, 303251.6] 0.7075036923076922
[1.0, 1, 0, 1.0, 1.0, 0, 0.0, 0, 0.0, 1, 0.0, 100, 256.0, 10, 303350.0] 0.7077307692307692
[1, 1, 1, 0.0, 1.0, 0.0, 0.0, 0, 0.0, 1.0, 1.0, 100, 256, 10, 303902.8] 0.7090064615384615
[1.0, 0.0, 0.0, 1, 1.0, 0, 0.0, 0.0, 0.0, 1.0, 1, 50.0, 64, 10.0, 303834.2] 0.7088481538461539
[1, 1, 1.0, 1, 1.0, 0.0, 0, 0.0, 1.0, 0.0, 0, 80.0, 4096, 10, 417646.0] 0.9714907692307693
[1.0, 1, 1, 1.0, 1.0, 0.0, 0.0, 0, 1, 0, 1, 90.0, 1, 10.0, 420240.2] 0.9774773846153846
[1.0, 0, 0.0, 1.0, 1, 0.0, 0.0, 0.0, 1, 0, 0.0, 60.0, 1, 10.0, 420801.0] 0.9787715384615385
[1.0, 1.0, 1.0, 1.0, 1.0, 0.0, 0.0, 0.0, 1.0, 0.0, 0.0, 0.0, 128.0, 10.0, 422401.4] 0.9824647692307693
[1.0, 0.0, 1.0, 1.0, 1, 1.0, 0.0, 0, 0.0, 0.0, 0, 10.0, 2.0, 10.0, 118020.4] 0.05868026666666666
[1.0, 1.0, 1.0, 1.0, 1.0, 0.0, 0.0, 0.0, 1, 0, 1, 50.0, 1, 10.0, 420032.8] 0.9769987692307692
[1.0, 0.0, 1.0, 1.0, 1, 0.0, 0.0, 0.0, 1.0, 0.0, 1, 0, 2048.0, 10.0, 421291.6] 0.9799036923076923
[1.0, 1.0, 0, 1.0, 1.0, 0.0, 0.0, 0.0, 1.0, 0.0, 0.0, 0.0, 8.0, 10.0, 421809.2] 0.9810981538461538
[1, 1.0, 0, 1.0, 1.0, 0.0, 0.0, 0.0, 1, 0.0, 0.0, 0.0, 8, 10.0, 421809.2] 0.9810981538461538
[1.0, 0, 1.0, 1.0, 1, 0.0, 0, 0.0, 1.0, 0.0, 0, 50, 2.0, 10.0, 418131.8] 0.9726118461538461
[1.0, 1, 0, 1, 1, 1.0, 0, 0, 0, 0.0, 1, 0, 32, 10, 131811.4] 0.06787426666666667
[1.0, 1.0, 1.0, 1.0, 1, 0.0, 0.0, 0.0, 1, 0.0, 1.0, 0.0, 256.0, 10.0, 421523.0] 0.9804376923076923
[1.0, 0.0, 0, 1.0, 1, 0.0, 0.0, 0.0, 1, 0.0, 0.0, 80.0, 4096.0, 8.0, 125220.2] 0.06348013333333334
