[1.0, 0, 0, 0, 0, 0, 3, 0, 1, 8.0, 8.0, 0.0, 19673.8] 0.96941875
[1, 0, 0.0, 0.0, 0.0, 0.0, 3.0, 0.0, 1, 8.0, 10.0, 0, 18899.0] 0.89678125
[1.0, 0, 0, 0.0, 0, 0, 3, 0.0, 1, 8.0, 8.0, 0, 19673.8] 0.96941875
[1, 0.0, 1, 1, 1.0, 0, 1, 0, 1, 8.0, 8, 0, 16523.4] 0.6604857142857145
[1.0, 0.0, 0.0, 0, 0.0, 0.0, 3, 0, 2, 8.0, 8.0, 0.0, 19692.2] 0.9711437500000001
[1, 0.0, 1, 1, 1.0, 0, 2, 0.0, 1, 8.0, 8, 0, 16447.8] 0.6496857142857142
[1.0, 0.0, 0, 0.0, 0.0, 0.0, 3, 0.0, 2, 8.0, 8.0, 0, 19692.2] 0.9711437500000001
[1, 0, 0, 0.0, 0.0, 0, 3, 0, 4.0, 8.0, 8, 64, 16323.8] 0.6319714285714284
[1, 0, 0, 0.0, 0, 0, 3, 0.0, 1, 8, 8.0, 0, 19673.8] 0.96941875
[1, 0, 0, 0.0, 0.0, 0, 4.0, 0.0, 2.0, 8.0, 8.0, 0, 19707.8] 0.9726062499999999
[1.0, 0, 0.0, 0, 0.0, 0.0, 3, 0.0, 2, 8.0, 8, 0.0, 19692.2] 0.9711437500000001
[1, 1.0, 0.0, 0.0, 0.0, 0, 3.0, 0, 3, 8, 8, 128, 15815.6] 0.5593714285714286
[1.0, 0, 0.0, 0, 0.0, 1.0, 3.0, 0.0, 2, 8.0, 8, 8.0, 17812.8] 0.7949499999999999
[1, 0, 0, 0, 0, 0.0, 4.0, 0.0, 2.0, 8, 8.0, 0.0, 19707.8] 0.9726062499999999
[1.0, 0.0, 0, 0.0, 0.0, 0, 3.0, 0.0, 1, 8.0, 8.0, 128, 19583.4] 0.9609437500000001
[1.0, 0.0, 0.0, 0.0, 0, 0.0, 4, 0.0, 1.0, 8, 8, 128, 19149.2] 0.9202375
[1, 0.0, 0.0, 0.0, 0.0, 0, 3.0, 0.0, 1.0, 8.0, 8.0, 32, 18729.0] 0.8808437499999999
[1, 0.0, 0.0, 0.0, 0.0, 0.0, 3, 0.0, 2, 8, 8.0, 32, 18826.2] 0.88995625
[1, 0, 1, 0, 0, 0, 1, 0, 2.0, 8, 8.0, 0, 16772.6] 0.696085714285714
[1, 0, 0, 0.0, 0.0, 0.0, 4, 0, 2.0, 8.0, 8, 0, 19707.8] 0.9726062499999999
[1, 0, 0, 0, 0, 0, 3, 0, 2, 8.0, 10, 0, 18819.2] 0.8893000000000001
[1, 0, 0.0, 0.0, 0, 0, 4, 0.0, 2.0, 10.0, 10, 0, 17325.0] 0.7492187499999999
[1, 0.0, 0, 0.0, 0.0, 0.0, 3, 0.0, 1.0, 8, 8.0, 0, 19673.8] 0.96941875
[1, 0, 0.0, 0.0, 0.0, 0, 4, 0, 2, 8, 8, 0.0, 19707.8] 0.9726062499999999
[1.0, 0.0, 0.0, 0.0, 0, 0, 3.0, 0.0, 1.0, 8, 10.0, 0.0, 18899.0] 0.89678125
[1.0, 0, 0, 0, 0, 0, 4, 0, 2, 8, 8.0, 0.0, 19707.8] 0.9726062499999999
[1, 0.0, 1, 0.0, 0.0, 0, 3, 0.0, 1, 10, 10, 0.0, 13934.2] 0.28600992204110576
[1.0, 0.0, 0, 0.0, 0.0, 0, 3, 0.0, 2, 8.0, 8, 128.0, 19576.0] 0.96025
[1.0, 0.0, 1, 1.0, 1, 0, 1, 0, 1, 8, 8, 0, 16523.4] 0.6604857142857145
[1, 0, 1.0, 0.0, 0.0, 0.0, 2.0, 0.0, 2, 8, 8, 32.0, 16169.2] 0.6098857142857144
