[1.000e+00 1.000e+00 0.000e+00 1.000e+00 1.000e+00 0.000e+00 1.000e+00
 1.000e+00 0.000e+00 0.000e+00 0.000e+00 1.000e+00 1.000e+00 0.000e+00
 1.024e+03 5.000e+00] 0.2089504950495095
[1.000e+00 1.000e+00 0.000e+00 1.000e+00 0.000e+00 0.000e+00 0.000e+00
 1.000e+00 0.000e+00 0.000e+00 0.000e+00 1.000e+00 1.000e+00 0.000e+00
 1.024e+03 1.000e+00] 0
[  1.   1.   0.   1.   0.   1.   0.   1.   0.   0.   1.   1.   0.   1.
 512.   5.] 0.2567920792079156
[  1.   1.   0.   1.   0.   1.   1.   0.   1.   0.   1.   1.   0.   1.
 512.   0.] 0
[  1.   1.   0.   1.   0.   1.   1.   1.   0.   0.   0.   1.   0.   1.
 512.   1.] 0
[  1.   1.   0.   1.   0.   1.   0.   1.   0.   0.   1.   1.   0.   1.
 512.   1.] 0.4813600000000065
[1.000e+00 1.000e+00 1.000e+00 0.000e+00 0.000e+00 0.000e+00 1.000e+00
 1.000e+00 0.000e+00 0.000e+00 0.000e+00 1.000e+00 1.000e+00 0.000e+00
 4.096e+03 1.000e+00] 0.30542574257424626
[  1.   1.   0.   1.   0.   1.   0.   1.   0.   0.   1.   1.   1.   0.
 512.   1.] 0
[1.000e+00 1.000e+00 0.000e+00 1.000e+00 0.000e+00 1.000e+00 0.000e+00
 1.000e+00 0.000e+00 0.000e+00 1.000e+00 1.000e+00 1.000e+00 0.000e+00
 1.024e+03 9.000e+00] 0.29100990099010443
[  1.   1.   0.   1.   0.   0.   1.   0.   1.   0.   0.   1.   0.   1.
 512.   0.] 0.4315600000000075
[1.000e+00 1.000e+00 1.000e+00 0.000e+00 0.000e+00 0.000e+00 0.000e+00
 1.000e+00 0.000e+00 0.000e+00 1.000e+00 1.000e+00 1.000e+00 0.000e+00
 2.048e+03 5.000e+00] 0.2643960396039601
[1.000e+00 1.000e+00 0.000e+00 1.000e+00 0.000e+00 1.000e+00 1.000e+00
 0.000e+00 1.000e+00 0.000e+00 1.000e+00 1.000e+00 1.000e+00 0.000e+00
 1.024e+03 0.000e+00] 0.2995643564356404
[  1.   1.   1.   0.   0.   0.   1.   0.   1.   0.   0.   1.   1.   0.
 512.   0.] 0
[  1.   1.   1.   0.   0.   0.   1.   1.   0.   0.   0.   1.   0.   1.
 512.   1.] 0.5479600000000004
[1.000e+00 1.000e+00 1.000e+00 0.000e+00 0.000e+00 0.000e+00 0.000e+00
 1.000e+00 0.000e+00 0.000e+00 0.000e+00 1.000e+00 0.000e+00 1.000e+00
 1.024e+03 5.000e+00] 0.8121999999999985
[1.000e+00 1.000e+00 1.000e+00 0.000e+00 0.000e+00 0.000e+00 0.000e+00
 1.000e+00 0.000e+00 0.000e+00 0.000e+00 1.000e+00 0.000e+00 1.000e+00
 1.024e+03 5.000e+00] 0.5213200000000029
[1.000e+00 1.000e+00 0.000e+00 1.000e+00 0.000e+00 0.000e+00 1.000e+00
 1.000e+00 0.000e+00 0.000e+00 1.000e+00 1.000e+00 0.000e+00 1.000e+00
 4.096e+03 1.000e+00] 0.10645544554455495
[1.000e+00 1.000e+00 1.000e+00 0.000e+00 0.000e+00 0.000e+00 1.000e+00
 1.000e+00 0.000e+00 0.000e+00 1.000e+00 1.000e+00 1.000e+00 0.000e+00
 1.024e+03 9.000e+00] 0.504520000000008
[1.000e+00 1.000e+00 0.000e+00 1.000e+00 0.000e+00 0.000e+00 1.000e+00
 1.000e+00 0.000e+00 0.000e+00 1.000e+00 1.000e+00 0.000e+00 1.000e+00
 4.096e+03 1.000e+00] 0.7441900000000004
[1.000e+00 1.000e+00 0.000e+00 1.000e+00 1.000e+00 0.000e+00 0.000e+00
 1.000e+00 0.000e+00 0.000e+00 1.000e+00 1.000e+00 0.000e+00 1.000e+00
 1.024e+03 1.000e+00] 0.5393200000000036
[1.000e+00 1.000e+00 1.000e+00 0.000e+00 0.000e+00 0.000e+00 0.000e+00
 1.000e+00 0.000e+00 0.000e+00 0.000e+00 1.000e+00 0.000e+00 1.000e+00
 1.024e+03 5.000e+00] 0.5490400000000022
[  1.   1.   0.   1.   0.   0.   0.   1.   0.   0.   0.   1.   0.   1.
 512.   1.] 0.7078900000000018
[1.000e+00 1.000e+00 0.000e+00 1.000e+00 1.000e+00 0.000e+00 0.000e+00
 1.000e+00 0.000e+00 0.000e+00 1.000e+00 1.000e+00 0.000e+00 1.000e+00
 4.096e+03 9.000e+00] 0
[  1.   1.   0.   1.   1.   0.   1.   1.   0.   0.   0.   1.   0.   1.
 512.   5.] 0
[1.000e+00 1.000e+00 0.000e+00 1.000e+00 1.000e+00 0.000e+00 0.000e+00
 0.000e+00 1.000e+00 0.000e+00 1.000e+00 1.000e+00 0.000e+00 1.000e+00
 4.096e+03 0.000e+00] 0.7046199999999998
[1.000e+00 1.000e+00 0.000e+00 1.000e+00 0.000e+00 1.000e+00 1.000e+00
 0.000e+00 1.000e+00 0.000e+00 0.000e+00 1.000e+00 0.000e+00 1.000e+00
 2.048e+03 0.000e+00] 0.22922772277227976
[1.000e+00 1.000e+00 0.000e+00 1.000e+00 0.000e+00 0.000e+00 0.000e+00
 0.000e+00 1.000e+00 0.000e+00 1.000e+00 1.000e+00 1.000e+00 0.000e+00
 2.048e+03 0.000e+00] 0.5081200000000081
[6.17796807e-01 9.23898578e-01 3.60834060e-01 8.94867122e-01
 4.07960761e-02 2.54467815e-01 1.90793114e-01 6.58235073e-01
 3.24499579e-01 1.37434710e-02 7.89742122e-01 8.08092221e-01
 1.82765305e-01 9.54457866e-01 1.35832207e+03 1.11780839e+00] 0.7404099999999985
[5.97111665e-01 4.33689503e-01 5.68105641e-01 3.88503641e-01
 4.13149980e-01 1.66827882e-01 9.50066180e-01 2.31845165e-02
 9.21784433e-01 1.75229967e-01 1.37916436e-01 7.53214263e-01
 8.00409079e-01 1.78841156e-02 9.17606563e+02 3.05663268e-01] 0.19659405940594007
[1.000e+00 1.000e+00 0.000e+00 1.000e+00 1.000e+00 0.000e+00 0.000e+00
 1.000e+00 0.000e+00 0.000e+00 0.000e+00 1.000e+00 0.000e+00 1.000e+00
 2.048e+03 1.000e+00] 0.5222800000000006
