[0.0, 0.0, 0.0, 1.0, 0.0, 0.0, 1.0, 0.0, 0.0, 1.0, 0.0, 1.0, 0.0, 1.0, 1, 0.0, 0.0, 10.0, 7.51] 0.8720720720720719
[0.0, 0.0, 1, 1.0, 0.0, 0, 0, 0.0, 0.0, 1, 0.0, 1, 1.0, 1.0, 0.0, 0.0, 0.0, 10.0, 7.66] 0.899099099099099
[0.0, 0.0, 0.0, 1.0, 0.0, 0.0, 1.0, 0.0, 0.0, 0.0, 0.0, 1.0, 0.0, 1.0, 1, 1.0, 0, 10.0, 7.09] 0.7963963963963963
[0.0, 0.0, 0.0, 1.0, 0.0, 1.0, 0.0, 0.0, 0.0, 1.0, 0.0, 0.0, 0, 1.0, 1.0, 0.0, 0.0, 10.0, 7.0] 0.7801801801801801
[0.0, 0.0, 0.0, 1.0, 0.0, 0, 1.0, 0.0, 0.0, 0.0, 0.0, 1.0, 1.0, 1.0, 1.0, 0.0, 1.0, 10.0, 7.01] 0.7819819819819819
[0.0, 0.0, 1.0, 1.0, 0.0, 0, 1.0, 0.0, 0.0, 0.0, 0.0, 0.0, 1.0, 1.0, 0.0, 0.0, 1.0, 10.0, 7.41] 0.854054054054054
[0.0, 0.0, 1.0, 1.0, 0.0, 0.0, 0, 0.0, 0.0, 0.0, 0.0, 1.0, 1.0, 0.0, 0.0, 1, 0.0, 10, 6.73] 0.7315315315315316
[0.0, 0.0, 1.0, 1.0, 0.0, 0.0, 1.0, 0.0, 0.0, 0.0, 0.0, 1.0, 1.0, 1.0, 0.0, 1.0, 0.0, 10.0, 7.88] 0.9387387387387386
[0.0, 0.0, 0.0, 1.0, 0.0, 0.0, 1.0, 0.0, 0.0, 1.0, 0.0, 0.0, 0.0, 1.0, 0.0, 0.0, 0.0, 10.0, 4.75] 0.26666666666666666
[0.0, 0.0, 0.0, 1.0, 0.0, 0.0, 1.0, 0.0, 1.0, 0.0, 0, 0.0, 1.0, 0, 0, 0.0, 1.0, 10.0, 3.99] 0.13928571428571432
[0.0, 0.0, 1, 1.0, 0.0, 0.0, 1.0, 0.0, 0.0, 0.0, 0, 1.0, 1.0, 0.0, 0.0, 0, 1.0, 10.0, 6.94] 0.7693693693693694
[0.0, 0.0, 0.0, 1.0, 0.0, 1.0, 0.0, 0.0, 0.0, 0.0, 0.0, 1, 0, 1.0, 1.0, 0.0, 1, 10.0, 7.09] 0.7963963963963963
[0.0, 0, 0.0, 1.0, 0, 1, 0.0, 0.0, 0.0, 1.0, 0.0, 0.0, 0.0, 0.0, 1, 0.0, 0.0, 10.0, 6.27] 0.6486486486486486
[0.0, 0.0, 0.0, 1.0, 0.0, 0.0, 1.0, 0.0, 0.0, 0.0, 0.0, 1.0, 0.0, 1, 0, 0, 1.0, 10.0, 4.91] 0.30933333333333335
[0.0, 0, 1, 1.0, 0.0, 0, 0, 0.0, 0, 1, 0.0, 1, 0.0, 1, 0.0, 0.0, 0, 10, 7.82] 0.9279279279279279
[0.0, 0.0, 1, 1.0, 0.0, 0.0, 0.0, 0.0, 0.0, 1.0, 0.0, 0.0, 0.0, 1.0, 0.0, 0.0, 0.0, 10.0, 7.27] 0.8288288288288287
[0.0, 0.0, 1.0, 1.0, 0.0, 1.0, 0.0, 0.0, 0.0, 1.0, 0.0, 1.0, 1.0, 1.0, 0, 0.0, 0.0, 10.0, 7.49] 0.8684684684684685
[0.0, 0.0, 0.0, 1.0, 0.0, 0.0, 1.0, 0.0, 1.0, 0.0, 0.0, 1.0, 0.0, 1.0, 0.0, 0.0, 1.0, 10, 5.34] 0.42399999999999993
[0.0, 0, 0.0, 1.0, 0.0, 0.0, 0.0, 0.0, 0.0, 0.0, 0.0, 1.0, 1, 1.0, 1, 0.0, 1.0, 10.0, 7.19] 0.8144144144144144
[0.0, 0.0, 1.0, 1.0, 0.0, 1.0, 0.0, 0.0, 0.0, 1.0, 0.0, 0.0, 0.0, 0.0, 0.0, 0, 0, 10.0, 6.26] 0.6468468468468468
[0.0, 0.0, 1.0, 1.0, 0.0, 0, 1.0, 0.0, 0, 1.0, 0.0, 1.0, 0.0, 0.0, 0.0, 0.0, 0.0, 10, 6.86] 0.754954954954955
[0.0, 0.0, 0.0, 1.0, 0.0, 0.0, 1.0, 0.0, 1.0, 0.0, 0.0, 1.0, 0.0, 1.0, 0.0, 0.0, 1.0, 10.0, 5.34] 0.42399999999999993
[0.0, 0.0, 0.0, 1.0, 0.0, 0.0, 0.0, 0.0, 0.0, 1, 0, 0, 0.0, 1.0, 1.0, 0.0, 0.0, 10.0, 7.39] 0.8504504504504503
[0.0, 0, 0.0, 1.0, 0.0, 1.0, 1.0, 0.0, 0, 0.0, 0.0, 1.0, 0.0, 1.0, 1.0, 0, 1.0, 10.0, 7.13] 0.8036036036036035
[0.0, 0.0, 0.0, 1.0, 0.0, 1.0, 1.0, 0.0, 0, 0.0, 0.0, 0.0, 1.0, 1.0, 0, 0.0, 1.0, 10.0, 4.6] 0.22666666666666657
[0.0, 0.0, 1, 1.0, 0.0, 1, 1, 0, 0.0, 0, 0.0, 1, 0, 1.0, 0.0, 0, 1.0, 10.0, 7.95] 0.9513513513513513
[0.0, 0.0, 1.0, 1.0, 0.0, 0.0, 1.0, 0.0, 0.0, 0.0, 0.0, 0.0, 1, 1, 0.0, 1.0, 0.0, 10.0, 7.05] 0.7891891891891891
[0.0, 0.0, 0.0, 1.0, 0.0, 1.0, 1.0, 0.0, 0.0, 0.0, 0.0, 1.0, 1.0, 0, 1.0, 1.0, 0.0, 10.0, 6.32] 0.6576576576576577
[0.0, 0.0, 1.0, 1.0, 0.0, 0.0, 0, 0.0, 0.0, 0.0, 0.0, 1.0, 0.0, 1.0, 0, 0, 1.0, 10.0, 7.61] 0.8900900900900901
[0.0, 0, 1.0, 1.0, 0, 1, 0.0, 0.0, 0.0, 0.0, 0.0, 1.0, 1.0, 0.0, 0.0, 0.0, 1.0, 10, 6.68] 0.7225225225225225
