[1, 0, 0, 0.0, 0.0, 0, 4.0, 0.0, 2, 8, 8.0, 0, 19707.8] 0.9123399999999997
[1, 0, 0, 0.0, 0.0, 0, 4, 0, 2, 8, 8, 0, 19707.8] 0.9123399999999997
[1, 0, 0, 0, 0, 0.0, 4, 0.0, 2, 8, 8.0, 0, 19707.8] 0.9123399999999997
[1.0, 0, 0, 0.0, 0, 0, 3, 0.0, 1, 8, 8, 0, 19673.8] 0.9021399999999998
[1, 0, 0, 0.0, 0.0, 0.0, 4, 0.0, 2, 8, 8, 0, 19707.8] 0.9123399999999997
[1, 0.0, 0, 0.0, 0, 0.0, 4.0, 0, 2, 8, 8, 0, 19707.8] 0.9123399999999997
[1, 0.0, 0, 0, 0.0, 0, 4, 0.0, 2, 8, 8, 0, 19707.8] 0.9123399999999997
[1, 0.0, 0.0, 0.0, 0, 0.0, 3, 0, 1, 8, 10.0, 0, 18899.0] 0.6697
[1.0, 0.0, 0.0, 0.0, 0, 0, 3, 0, 2, 8.0, 8, 0, 19692.2] 0.9076600000000001
[1, 0, 0.0, 0, 0.0, 0, 4.0, 0, 2, 8, 8.0, 0, 19707.8] 0.9123399999999997
[1.0, 0, 0, 0, 0.0, 0.0, 4, 0.0, 2, 8.0, 8.0, 0, 19707.8] 0.9123399999999997
[1, 0.0, 0.0, 0, 0.0, 0, 4.0, 0.0, 2, 8, 8.0, 0, 19707.8] 0.9123399999999997
[1.0, 0.0, 0, 0, 0.0, 0, 4, 0.0, 2, 8, 8, 0, 19707.8] 0.9123399999999997
[1.0, 0, 0, 0, 0, 0, 4, 0.0, 1, 8, 10.0, 32, 18365.8] 0.5097399999999997
[1.0, 0.0, 0.0, 0, 0.0, 0, 4.0, 0.0, 2.0, 8.0, 8, 0, 19707.8] 0.9123399999999997
[1, 0, 0, 0.0, 0.0, 0, 4, 0, 2.0, 8.0, 8.0, 0.0, 19707.8] 0.9123399999999997
[1.0, 0.0, 1.0, 0.0, 0.0, 0.0, 2.0, 0, 2, 8.0, 8.0, 0, 16868.0] 0.1
[1.0, 0, 0, 0.0, 0.0, 0, 4, 0, 2, 8.0, 8, 0, 19707.8] 0.9123399999999997
[1, 0.0, 0.0, 0, 0.0, 0, 4, 0.0, 2, 8.0, 8.0, 0, 19707.8] 0.9123399999999997
[1, 0, 0, 0.0, 0.0, 0.0, 4, 0.0, 2, 8, 8.0, 64.0, 19505.4] 0.8516200000000005
[1, 0, 0.0, 0.0, 0, 0, 4, 0.0, 2, 8.0, 8, 0.0, 19707.8] 0.9123399999999997
[1.0, 0.0, 0, 0.0, 0, 0, 4, 0, 2.0, 8, 8.0, 0, 19707.8] 0.9123399999999997
[1, 0, 0.0, 0, 0.0, 0, 4.0, 0.0, 2.0, 8, 8.0, 0, 19707.8] 0.9123399999999997
[1, 0, 0, 0, 0.0, 0, 3, 0.0, 2, 8, 8, 0, 19692.2] 0.9076600000000001
[1, 0, 0, 0, 0.0, 0, 4, 0.0, 2, 8.0, 8.0, 128, 19600.2] 0.8800600000000002
[1, 0, 0, 0, 0.0, 0, 3, 0, 2, 8.0, 8.0, 0, 19692.2] 0.9076600000000001
[1.0, 0.0, 0, 0.0, 0.0, 0.0, 3.0, 0.0, 2, 8, 8, 0, 19692.2] 0.9076600000000001
[1, 0.0, 0, 0.0, 0.0, 0.0, 4.0, 0, 2, 8.0, 8.0, 0, 19707.8] 0.9123399999999997
[1.0, 0.0, 0, 0.0, 0, 0, 4, 0.0, 2, 8, 8, 0, 19707.8] 0.9123399999999997
[1, 0.0, 0.0, 0.0, 0, 0, 4, 0.0, 2.0, 8.0, 8, 0, 19707.8] 0.9123399999999997
