[1, 0.0, 0.0, 0.0, 0.0, 0, 4.0, 0, 2, 10.0, 8, 0, 17862.4] 0.3587200000000005
[1, 0, 0.0, 0, 0, 0.0, 3, 0, 2, 8.0, 8, 0, 19692.2] 0.9076600000000001
[1, 0, 0, 0, 0, 0, 4, 0, 2, 8, 8, 0, 19707.8] 0.9123399999999997
[1, 0.0, 0.0, 0.0, 0.0, 0.0, 4, 0, 2, 8.0, 8.0, 0, 19707.8] 0.9123399999999997
[1, 0.0, 0, 0.0, 0, 0.0, 4, 0, 2, 8.0, 8, 0, 19707.8] 0.9123399999999997
[1, 0.0, 0, 0, 0.0, 0, 4, 0.0, 2, 8, 8, 128, 19600.2] 0.8800600000000002
[1.0, 0, 0, 0, 0.0, 0.0, 4, 0.0, 2, 8, 8, 0, 19707.8] 0.9123399999999997
[1, 0, 0, 0, 0.0, 0, 4, 0, 2, 8, 8.0, 0, 19707.8] 0.9123399999999997
[1, 0, 0, 0, 0, 0, 4, 0, 2.0, 8.0, 8, 0, 19707.8] 0.9123399999999997
[1, 0, 0, 0.0, 0.0, 0, 4, 0, 2, 8.0, 8, 0.0, 19707.8] 0.9123399999999997
[1, 0, 0.0, 0.0, 0.0, 0.0, 4, 0.0, 2.0, 8.0, 8.0, 0, 19707.8] 0.9123399999999997
[1, 0, 0, 0, 0, 0.0, 4.0, 0.0, 2, 8.0, 8.0, 0.0, 19707.8] 0.9123399999999997
[1, 0.0, 0, 0.0, 0.0, 0.0, 4, 0.0, 2.0, 8.0, 8.0, 0.0, 19707.8] 0.9123399999999997
[1.0, 0.0, 0, 0.0, 0.0, 0.0, 4, 0.0, 2, 8.0, 8, 0, 19707.8] 0.9123399999999997
[1.0, 0, 0, 0, 0.0, 0, 4, 0, 2, 8.0, 8, 0.0, 19707.8] 0.9123399999999997
[1.0, 0.0, 0, 0, 0.0, 0.0, 4, 0, 2, 8.0, 8, 0, 19707.8] 0.9123399999999997
[1, 0, 0.0, 0.0, 0.0, 0, 4.0, 0, 2, 8.0, 8, 0.0, 19707.8] 0.9123399999999997
[1.0, 0, 0, 0.0, 0, 0, 4, 0.0, 2, 8, 8, 0, 19707.8] 0.9123399999999997
[1, 0, 0, 0, 0, 0, 3, 0.0, 2, 8, 8.0, 0, 19692.2] 0.9076600000000001
[1.0, 0.0, 0, 0.0, 0, 0, 3, 0.0, 2, 8.0, 8, 0, 19692.2] 0.9076600000000001
[1, 0.0, 0, 0.0, 0.0, 0.0, 3.0, 0.0, 2, 8.0, 8.0, 0.0, 19692.2] 0.9076600000000001
[1, 0, 0, 0.0, 0, 0, 4, 0.0, 2, 8.0, 8.0, 0.0, 19707.8] 0.9123399999999997
[1, 0, 0, 0.0, 0.0, 0, 4, 0, 2, 8, 8, 0, 19707.8] 0.9123399999999997
[1.0, 0.0, 0, 0.0, 0, 0, 4.0, 0, 2, 8, 8, 0, 19707.8] 0.9123399999999997
[1, 0, 0, 0.0, 0, 0, 4, 0.0, 2.0, 8, 8, 0, 19707.8] 0.9123399999999997
[1, 0, 0.0, 0.0, 0, 0, 4, 0, 2.0, 8.0, 8.0, 0.0, 19707.8] 0.9123399999999997
[1, 0, 1.0, 1, 1.0, 0, 1, 0, 1, 8.0, 8, 0, 16523.4] 0.1
[1, 0.0, 0, 0.0, 0.0, 0, 4, 0, 2, 8, 8.0, 0, 19707.8] 0.9123399999999997
[1, 0, 0.0, 0, 0, 0, 4, 0, 2, 8, 8, 0, 19707.8] 0.9123399999999997
[1.0, 0.0, 0, 0.0, 0.0, 0, 4.0, 0.0, 2.0, 8.0, 8.0, 0.0, 19707.8] 0.9123399999999997
