[1, 0, 0, 0, 0.0, 1, 4, 0.0, 1.0, 8, 8.0, 0.0, 17575.4] 0.2726200000000004
[1, 0, 0, 0, 0.0, 0, 4, 0.0, 2.0, 8.0, 8, 0, 19707.8] 0.9123399999999997
[1, 0.0, 0, 0, 0, 0, 3, 0.0, 1.0, 8, 8, 0, 19673.8] 0.9021399999999998
[1, 0.0, 0.0, 0.0, 0, 0.0, 3.0, 0.0, 2, 8, 8.0, 0, 19692.2] 0.9076600000000001
[1.0, 0.0, 0.0, 0.0, 0, 0.0, 4, 0, 1.0, 8, 10.0, 0, 18857.4] 0.6572200000000005
[1.0, 0, 0, 0.0, 0.0, 0, 4, 0.0, 2, 10, 8, 64.0, 17750.6] 0.3251799999999996
[1.0, 0, 0.0, 0, 0, 0.0, 3, 0.0, 1.0, 8.0, 8.0, 0, 19673.8] 0.9021399999999998
[1, 0, 0.0, 0.0, 0.0, 0.0, 3, 0.0, 1.0, 8.0, 10.0, 0, 18899.0] 0.6697
[1, 0.0, 0.0, 0.0, 0.0, 0.0, 4.0, 0.0, 2, 8, 8.0, 0, 19707.8] 0.9123399999999997
[1, 0, 0.0, 0.0, 0.0, 0.0, 4.0, 0.0, 2.0, 8.0, 8.0, 0, 19707.8] 0.9123399999999997
[1, 0, 0, 0.0, 0.0, 0.0, 3.0, 0.0, 1, 8.0, 8, 0, 19673.8] 0.9021399999999998
[1, 0.0, 0, 0, 0, 0.0, 3, 0.0, 1.0, 10.0, 10.0, 10.0, 15182.2] 0.1
[1, 0, 0.0, 0, 0.0, 0.0, 3.0, 0.0, 1, 8, 8.0, 128, 19583.4] 0.8750200000000005
[1.0, 0.0, 0, 0.0, 0.0, 0.0, 3, 0.0, 1, 8.0, 8.0, 128.0, 19583.4] 0.8750200000000005
[1.0, 0.0, 1, 0, 0.0, 0.0, 2, 0, 2, 8.0, 8.0, 128, 16856.4] 0.1
[1.0, 0, 1, 1, 1.0, 0.0, 1.0, 0, 2, 8.0, 8, 0, 16509.6] 0.1
[1, 0, 0, 0, 0.0, 1, 3, 0.0, 1, 8, 8.0, 64, 19190.0] 0.757
[1.0, 0, 0.0, 0, 0, 0, 3, 0, 1, 8, 8, 0, 19673.8] 0.9021399999999998
[1, 0.0, 0.0, 0.0, 0.0, 0.0, 3, 0.0, 2.0, 8.0, 8, 128, 19576.0] 0.8728
[1.0, 0, 0, 0.0, 0.0, 0.0, 3, 0, 1, 8.0, 8, 0, 19673.8] 0.9021399999999998
[1, 0, 0.0, 0.0, 0, 0, 3.0, 0.0, 2.0, 8, 8, 0, 19692.2] 0.9076600000000001
[1, 0.0, 0, 0.0, 0, 0.0, 3, 0.0, 1, 8, 10.0, 0, 18899.0] 0.6697
[1, 0, 0.0, 0.0, 0, 0.0, 3.0, 0, 1.0, 8.0, 8, 10, 18828.6] 0.6485799999999995
[1.0, 0, 0.0, 0.0, 0.0, 0, 4.0, 0.0, 2, 8, 8.0, 0, 19707.8] 0.9123399999999997
[1.0, 0.0, 0, 0, 0, 0, 3, 0, 1.0, 8.0, 8.0, 128, 19583.4] 0.8750200000000005
[1, 0.0, 0.0, 0.0, 0, 0, 4, 0.0, 2, 8.0, 8.0, 0, 19707.8] 0.9123399999999997
[1, 0, 1, 1, 1, 1, 3, 0.0, 2, 10.0, 8.0, 0, 14485.2] 0.09343367346938777
[1, 0, 1.0, 1.0, 1, 0.0, 3, 0, 2, 8.0, 10.0, 0, 15167.0] 0.1
[1, 0.0, 1.0, 1, 1, 0.0, 2.0, 0.0, 2, 8, 8.0, 8.0, 15530.4] 0.1
[1.0, 0.0, 1.0, 1.0, 1.0, 0.0, 3.0, 0.0, 2.0, 8.0, 8.0, 16, 15493.0] 0.1
