[0.0, 1.0, 0.0, 1.0, 0.0, 0.0, 0.0, 1.0, 0.0, 1.0, 0.0, 64.0, 5.0, 4.0, 3141.32] 0.8521536129060747
[0.0, 1.0, 0.0, 1.0, 0.0, 0.0, 0.0, 1.0, 0.0, 1.0, 0.0, 4096.0, 6.0, 4.0, 3686.21] 0.9163177649881508
[0.0, 1.0, 0.0, 1.0, 0.0, 0.0, 0.0, 1.0, 1.0, 0.0, 0.0, 4096.0, 6.0, 5.0, 3981.36] 0.9510734945611375
[0.0, 1.0, 0.0, 1.0, 0.0, 0.0, 0.0, 1.0, 1.0, 0.0, 0.0, 4096.0, 5.0, 5.0, 3634.64] 0.9102450800005888
[0.0, 1.0, 0.0, 1.0, 0.0, 1.0, 0.0, 0.0, 1.0, 0.0, 0.0, 4096.0, 5.0, 6.0, 601.159] 0.36538764705882354
[0.0, 1.0, 0.0, 1.0, 0.0, 0.0, 0.0, 1.0, 1.0, 0.0, 0.0, 4096.0, 4.0, 4.0, 2933.98] 0.8277380514300013
[0.0, 1.0, 0.0, 1.0, 0.0, 0.0, 1.0, 1.0, 0.0, 0.0, 0.0, 256.0, 5.0, 4.0, 3139.14] 0.8518969044850375
[0.0, 1.0, 0.0, 1.0, 0.0, 0.0, 0.0, 1.0, 0.0, 1.0, 0.0, 4096.0, 6.0, 3.0, 3321.44] 0.8733638518038771
[0.0, 1.0, 0.0, 1.0, 0.0, 0.0, 1.0, 1.0, 0.0, 0.0, 0.0, 256.0, 4.0, 6.0, 3479.77] 0.8920081840528724
[0.0, 1.0, 0.0, 1.0, 0.0, 0.0, 1.0, 1.0, 0.0, 0.0, 0.0, 1024.0, 5.0, 5.0, 3623.05] 0.9088802861474601
[0.0, 1.0, 0.0, 1.0, 0.0, 0.0, 0.0, 1.0, 0.0, 1.0, 0.0, 1024.0, 5.0, 6.0, 3894.73] 0.9408722787288223
[0.0, 1.0, 0.0, 1.0, 0.0, 0.0, 0.0, 1.0, 1.0, 0.0, 0.0, 256.0, 6.0, 6.0, 4267.32] 0.9847470450564493
[0.0, 1.0, 0.0, 1.0, 0.0, 0.0, 1.0, 1.0, 0.0, 0.0, 0.0, 1024.0, 4.0, 4.0, 2918.12] 0.8258704387888779
[0.0, 1.0, 0.0, 1.0, 0.0, 0.0, 0.0, 1.0, 0.0, 1.0, 0.0, 1024.0, 2.0, 6.0, 2871.17] 0.8203417872440644
[0.0, 1.0, 0.0, 1.0, 0.0, 0.0, 0.0, 1.0, 1.0, 0.0, 0.0, 4096.0, 6.0, 2.0, 2933.21] 0.8276473791895432
[0.0, 1.0, 0.0, 1.0, 0.0, 0.0, 0.0, 1.0, 0.0, 1.0, 0.0, 1024.0, 4.0, 0.0, 1466.11] 0.6548873220778073
[0.0, 1.0, 0.0, 1.0, 0.0, 0.0, 0.0, 0.0, 0.0, 1.0, 1.0, 256.0, 6.0, 6.0, 440.814] 0.27106705882352944
[0.0, 1.0, 0.0, 1.0, 0.0, 0.0, 1.0, 1.0, 0.0, 0.0, 0.0, 4096.0, 6.0, 1.0, 2657.13] 0.7951372595198493
[0.0, 1.0, 0.0, 1.0, 0.0, 0.0, 0.0, 1.0, 0.0, 1.0, 0.0, 256.0, 4.0, 6.0, 3620.05] 0.908527017678143
[0.0, 1.0, 0.0, 1.0, 0.0, 0.0, 1.0, 1.0, 0.0, 0.0, 0.0, 64.0, 3.0, 5.0, 2890.07] 0.8225673786007625
[0.0, 1.0, 0.0, 1.0, 1.0, 0.0, 1.0, 0.0, 0.0, 0.0, 0.0, 4096.0, 1.0, 3.0, 308.79] 0
[0.0, 1.0, 0.0, 1.0, 0.0, 0.0, 0.0, 1.0, 1.0, 0.0, 0.0, 256.0, 4.0, 5.0, 3225.5] 0.8620663261551142
[0.0, 1.0, 0.0, 1.0, 0.0, 0.0, 1.0, 1.0, 0.0, 0.0, 0.0, 4096.0, 6.0, 6.0, 4396.85] 1.0
[0.0, 1.0, 0.0, 1.0, 0.0, 0.0, 1.0, 1.0, 0.0, 0.0, 0.0, 64.0, 5.0, 6.0, 3951.83] 0.9475961552614922
[0.0, 1.0, 0.0, 1.0, 0.0, 0.0, 0.0, 1.0, 1.0, 0.0, 0.0, 1024.0, 2.0, 3.0, 1785.65] 0.6925151243063427
[0.0, 1.0, 0.0, 1.0, 0.0, 0.0, 0.0, 1.0, 0.0, 1.0, 0.0, 4096.0, 6.0, 6.0, 4392.68] 0.9995089568276492
[0.0, 1.0, 0.0, 1.0, 0.0, 0.0, 0.0, 1.0, 1.0, 0.0, 0.0, 4096.0, 5.0, 3.0, 2929.63] 0.8272258121494914
[0.0, 1.0, 0.0, 1.0, 0.0, 0.0, 1.0, 1.0, 0.0, 0.0, 0.0, 4096.0, 3.0, 6.0, 3343.28] 0.875935646260506
[0.0, 1.0, 0.0, 1.0, 0.0, 0.0, 0.0, 1.0, 1.0, 0.0, 0.0, 4096.0, 4.0, 4.0, 2933.98] 0.8277380514300013
[0.0, 1.0, 0.0, 1.0, 0.0, 0.0, 0.0, 1.0, 1.0, 0.0, 0.0, 1024.0, 3.0, 6.0, 3152.57] 0.8534783696660141
