[0.0, 1.0, 0.0, 1.0, 1.0, 1, 1, 0.0, 0.0, 0.0, 0.0, 1.0, 171.4235804] 0.9978984153730086
[0.0, 1.0, 0.0, 1.0, 1.0, 1.0, 1.0, 1.0, 1, 0.0, 1.0, 1.0, 170.4742329] 0.9887793613887634
[0.0, 1, 1, 1.0, 1.0, 1.0, 1.0, 0.0, 0, 0.0, 1, 0, 171.6423678] 1.0
[0, 1.0, 0.0, 1.0, 1, 0, 1.0, 0.0, 0, 1.0, 0, 0.0, 117.2540631] 0.4111713051851851
[1.0, 1.0, 0.0, 1.0, 1.0, 1.0, 1.0, 0, 0.0, 1.0, 1, 0.0, 170.7705431] 0.9916255991572123
[0.0, 1, 1.0, 1.0, 1.0, 1, 1.0, 0, 0.0, 0, 1, 0.0, 171.6423678] 1.0
[0.0, 1.0, 1, 1.0, 1.0, 1.0, 1.0, 0, 1, 0.0, 1.0, 0.0, 170.2916942] 0.9870259673370447
[0, 1.0, 1.0, 1.0, 1, 1.0, 1.0, 1.0, 1, 0.0, 1.0, 1, 170.6282685] 0.9902589660139355
[0, 1, 0.0, 1.0, 1, 1.0, 1.0, 1, 0, 0, 1.0, 0, 170.735281] 0.991286885468602
[0.0, 1.0, 1.0, 1.0, 1, 1.0, 1.0, 0.0, 0.0, 0.0, 1.0, 0.0, 171.6423678] 1.0
[1.0, 1, 0, 1.0, 1, 1.0, 1.0, 0, 1, 0, 1, 1, 170.3253386] 0.9873491420437435
[0, 1.0, 0, 1.0, 1.0, 1.0, 1.0, 1.0, 0.0, 0.0, 1.0, 0.0, 170.735281] 0.991286885468602
[0.0, 1.0, 1, 1, 1.0, 1, 1.0, 0.0, 0.0, 0, 1, 0, 171.6423678] 1.0
[0.0, 1.0, 1.0, 1.0, 1.0, 1.0, 1, 0, 0.0, 0, 1, 0, 171.6423678] 1.0
[0.0, 1.0, 1, 1.0, 1.0, 1.0, 1.0, 0.0, 0.0, 0, 0.0, 1.0, 171.5690527] 0.9992957643489235
[0.0, 1.0, 0.0, 1, 1.0, 1, 1, 0.0, 1.0, 1, 0, 1, 171.1972303] 0.9957241864618468
[0, 1.0, 1.0, 1.0, 1.0, 1.0, 1.0, 0, 0.0, 0, 1.0, 0, 171.6423678] 1.0
[1, 1.0, 0.0, 1.0, 1.0, 1, 1.0, 0, 0.0, 1.0, 1.0, 0.0, 170.7705431] 0.9916255991572123
[0, 1.0, 0.0, 1.0, 1.0, 1, 1, 1, 1.0, 0.0, 0, 0.0, 170.6651847] 0.9906135683283601
[0.0, 1.0, 0, 1, 1, 1.0, 1.0, 0.0, 0.0, 1.0, 1, 0.0, 170.5559134] 0.9895639517405158
[0, 1.0, 1.0, 1.0, 1.0, 1.0, 1.0, 0.0, 0.0, 0.0, 1.0, 0.0, 171.6423678] 1.0
[1.0, 1.0, 0.0, 1.0, 1.0, 1.0, 1.0, 0.0, 0.0, 1.0, 1.0, 0.0, 170.7705431] 0.9916255991572123
[0, 1.0, 0.0, 1.0, 1.0, 1.0, 1, 1.0, 0, 0.0, 1.0, 0.0, 170.735281] 0.991286885468602
[1.0, 1.0, 0.0, 1, 1.0, 1.0, 1.0, 0.0, 1.0, 0, 1.0, 1.0, 170.3253386] 0.9873491420437435
[0.0, 1, 1, 1.0, 1.0, 1.0, 1.0, 0, 0.0, 0, 1, 0, 171.6423678] 1.0
[1.0, 1.0, 0, 1.0, 1.0, 1.0, 1, 0, 0, 0.0, 0, 0.0, 170.0170183] 0.9843875400380091
[0.0, 1.0, 1.0, 1.0, 1, 1, 1.0, 0.0, 0, 0, 0.0, 1.0, 171.5690527] 0.9992957643489235
[1.0, 1.0, 0.0, 1.0, 1, 1, 1, 0, 0.0, 1.0, 1.0, 0, 170.7705431] 0.9916255991572123
[0, 1, 1.0, 1, 1.0, 1, 1.0, 0, 0.0, 0.0, 1, 0, 171.6423678] 1.0
[0.0, 1.0, 1.0, 1.0, 1.0, 1.0, 1.0, 0.0, 0.0, 0, 0.0, 1.0, 171.5690527] 0.9992957643489235
