[1, 1, 0, 1.0, 1.0, 1.0, 1.0, 0, 0.0, 1.0, 1, 0.0, 170.7705431] 0.9916255991572123
[0.0, 1, 1.0, 1.0, 1.0, 1.0, 1.0, 0, 0.0, 0.0, 0.0, 1.0, 171.5690527] 0.9992957643489235
[0.0, 1.0, 1.0, 1.0, 1, 1, 1.0, 0.0, 0.0, 0.0, 1, 0, 171.6423678] 1.0
[0, 1, 1, 1.0, 1.0, 1.0, 1, 1.0, 1.0, 0.0, 1, 1, 170.6282685] 0.9902589660139355
[0.0, 1.0, 0, 1.0, 1.0, 1.0, 1, 0.0, 1.0, 1.0, 0.0, 1, 171.1972303] 0.9957241864618468
[0, 1.0, 1, 1.0, 1, 1, 1, 0, 0, 0, 1.0, 0, 171.6423678] 1.0
[0, 1, 1, 1, 1.0, 1.0, 1.0, 0, 0.0, 0, 1.0, 0.0, 171.6423678] 1.0
[0.0, 1.0, 1, 1, 1, 1.0, 1, 0, 0, 0.0, 1, 0, 171.6423678] 1.0
[1, 1.0, 0, 1.0, 1.0, 1.0, 1, 1.0, 0, 1, 0, 0.0, 170.4227512] 0.9882848486824037
[0.0, 1, 1, 1.0, 1.0, 1.0, 1, 1, 1.0, 0, 1, 1.0, 170.6282685] 0.9902589660139355
[0.0, 1, 1.0, 1.0, 1.0, 1.0, 1.0, 0.0, 0.0, 0.0, 1.0, 0.0, 171.6423678] 1.0
[0, 1, 1, 1.0, 1, 1.0, 1, 0, 0, 0, 1, 0, 171.6423678] 1.0
[0.0, 1.0, 1, 1.0, 1.0, 1.0, 1.0, 0.0, 0.0, 0.0, 1, 0, 171.6423678] 1.0
[1.0, 1.0, 0.0, 1, 1, 1, 1.0, 0, 0.0, 1, 1, 0, 170.7705431] 0.9916255991572123
[0, 1.0, 1.0, 1.0, 1, 1.0, 1.0, 0.0, 0.0, 0.0, 1.0, 0.0, 171.6423678] 1.0
[0, 1, 1, 1.0, 1, 1, 1, 1, 1, 0, 1, 1.0, 170.6282685] 0.9902589660139355
[1.0, 1.0, 0.0, 1.0, 1.0, 1.0, 1.0, 0.0, 0.0, 1.0, 1.0, 0.0, 170.7705431] 0.9916255991572123
[0.0, 1.0, 1.0, 1.0, 1.0, 1.0, 1.0, 1.0, 1.0, 0.0, 1, 1.0, 170.6282685] 0.9902589660139355
[0, 1, 1, 1.0, 1.0, 1, 1, 0, 0, 0, 0, 1.0, 171.5690527] 0.9992957643489235
[0.0, 1, 1.0, 1.0, 1.0, 1.0, 1.0, 0.0, 0, 0, 1.0, 0, 171.6423678] 1.0
[0.0, 1.0, 0.0, 1.0, 1, 1.0, 1.0, 1.0, 1.0, 0, 0.0, 0.0, 170.6651847] 0.9906135683283601
[0, 1, 1, 1.0, 1.0, 1.0, 1, 0, 0.0, 0, 1, 0, 171.6423678] 1.0
[0.0, 1, 1, 1.0, 1.0, 1.0, 1.0, 0, 0, 0.0, 1, 0, 171.6423678] 1.0
[0.0, 1, 1.0, 1, 1, 1.0, 1.0, 0.0, 0.0, 0.0, 0.0, 1.0, 171.5690527] 0.9992957643489235
[0.0, 1, 1.0, 1.0, 1.0, 1.0, 1.0, 0, 0, 0, 1, 0, 171.6423678] 1.0
[0.0, 1.0, 1, 1.0, 1.0, 1, 1, 0, 0, 0, 1, 0, 171.6423678] 1.0
[0.0, 1, 0, 1.0, 1.0, 1.0, 1.0, 1.0, 0, 0.0, 1, 0, 170.735281] 0.991286885468602
[0, 1.0, 1, 1, 1, 1, 1, 0, 0, 0.0, 1, 0, 171.6423678] 1.0
[0, 1.0, 1, 1, 1.0, 1.0, 1, 0.0, 0, 0.0, 1, 0, 171.6423678] 1.0
[0.0, 1, 1, 1.0, 1.0, 1.0, 1.0, 0, 0.0, 0.0, 1, 0, 171.6423678] 1.0
