[1.0, 1, 1.0, 0.0, 0.0, 1, 0.0, 1.0, 0, 0.0, 1.0, 0, 0.0, 1.0, 0, 0, 1.0, 0.0, 0.0, 0.0, 0.0, 0.0, 0.0, 1, 1.0, 1.0, 0.0, 1.0, 1.0, 0.0, 0.0, 1.0, 1.0, 0.0, 1.0, 1.0, 0.0, 0.0, 0.0, 16.3006967605101] 0.7004544090283253
[1.0, 1.0, 1.0, 0.0, 0.0, 0.0, 1.0, 1, 0, 1, 1, 0.0, 0.0, 1.0, 0.0, 0.0, 0.0, 0.0, 0.0, 0.0, 0.0, 0.0, 0, 1.0, 1, 1, 0.0, 1.0, 1.0, 0.0, 0.0, 1.0, 1.0, 0.0, 1.0, 1.0, 0.0, 0.0, 0.0, 16.850945398615902] 1.0
[1.0, 1.0, 1.0, 0.0, 0.0, 1.0, 0.0, 1.0, 0.0, 0.0, 1.0, 0.0, 0.0, 1.0, 0.0, 0.0, 1.0, 0.0, 0.0, 0.0, 0.0, 0.0, 0.0, 1.0, 1.0, 1.0, 0.0, 1.0, 1.0, 0.0, 0.0, 1.0, 1.0, 0.0, 1.0, 1.0, 0.0, 0.0, 0.0, 16.3006967605101] 0.7004544090283253
[1.0, 0, 1.0, 0.0, 0.0, 0.0, 1, 1.0, 0.0, 0.0, 1, 0.0, 0, 1.0, 0.0, 0, 0.0, 0.0, 0, 0.0, 0.0, 0.0, 1, 1.0, 1.0, 1.0, 0.0, 1.0, 1.0, 0, 0.0, 1, 0.0, 1.0, 1, 1.0, 0.0, 0.0, 0.0, 15.6491471867769] 0.499008356717326
[1.0, 0.0, 1.0, 1.0, 0.0, 0.0, 0, 1.0, 0.0, 0.0, 1.0, 0.0, 0, 1.0, 0.0, 0.0, 0.0, 0, 0, 0, 0.0, 0, 0.0, 1, 1.0, 0.0, 1.0, 1.0, 1.0, 0, 0.0, 1.0, 1.0, 0.0, 1.0, 1.0, 0.0, 0, 0.0, 15.1767853444185] 0
[1.0, 1, 1.0, 0.0, 0.0, 0.0, 1, 1, 0, 0.0, 1, 1, 0.0, 1, 0, 0, 0.0, 0.0, 0.0, 0, 0, 0, 0, 1.0, 1.0, 1.0, 0, 1.0, 1.0, 0.0, 0.0, 1.0, 1.0, 0.0, 1.0, 1.0, 0.0, 0.0, 0.0, 16.533944379797802] 0.8525724216072614
[1, 0, 1.0, 0, 0, 0.0, 1.0, 1, 0.0, 0.0, 1, 1.0, 0.0, 1.0, 0, 0.0, 0.0, 1, 0.0, 0.0, 0, 0.0, 0, 1, 1.0, 1.0, 0.0, 1.0, 1.0, 0.0, 0.0, 1, 1.0, 0, 1.0, 1.0, 0, 0.0, 0.0, 16.5638378085506] 0.872068136011259
[1.0, 0, 0, 0.0, 0, 0.0, 0.0, 1.0, 0.0, 0.0, 1, 0, 0.0, 1, 0.0, 1, 1.0, 0.0, 0.0, 0.0, 0.0, 0.0, 0.0, 1.0, 1, 0.0, 1.0, 1, 1.0, 0.0, 0.0, 1, 0, 1.0, 1.0, 1, 0.0, 0.0, 0, 15.8212472750041] 0.5526914692320309
[1, 0.0, 0.0, 0.0, 0, 0.0, 0.0, 1.0, 0.0, 0, 1.0, 0.0, 0, 1.0, 1, 1.0, 0, 0.0, 0.0, 0.0, 0.0, 0, 0.0, 1.0, 1.0, 0.0, 1.0, 1.0, 0, 0.0, 1, 1.0, 1.0, 0.0, 1.0, 1.0, 0.0, 0.0, 0.0, 15.5426223930376] 0.37514231748558136
[1.0, 0.0, 1, 0.0, 0.0, 1.0, 0.0, 1.0, 1.0, 0.0, 1.0, 0.0, 0.0, 1.0, 0.0, 0.0, 0.0, 0, 1, 0.0, 0.0, 0.0, 0.0, 1.0, 1.0, 0, 1.0, 1.0, 1.0, 0.0, 0.0, 1.0, 1.0, 0.0, 1.0, 1.0, 0.0, 0.0, 0.0, 15.7051709209675] 0.5169756679899999
[1.0, 1, 1.0, 0.0, 0.0, 0.0, 1, 1.0, 0.0, 1.0, 1.0, 0.0, 0.0, 1, 0.0, 0, 0.0, 0, 0.0, 0.0, 0.0, 0, 0.0, 1, 1.0, 1.0, 0.0, 1.0, 1.0, 0, 0.0, 1, 1.0, 0.0, 1, 1.0, 0.0, 0, 0.0, 16.850945398615902] 1.0
[1.0, 0.0, 1, 0.0, 0, 1, 0.0, 1.0, 0.0, 1, 1.0, 0.0, 0.0, 1.0, 0, 1, 0.0, 0.0, 0.0, 0.0, 0, 0.0, 0.0, 1.0, 1.0, 0.0, 1, 1.0, 1.0, 0, 0, 1, 1.0, 0.0, 1, 1.0, 0, 0.0, 0.0, 15.7442934601324] 0.5290133723484308
[1.0, 0.0, 1, 0, 0, 1.0, 0.0, 1.0, 0.0, 0.0, 1.0, 0.0, 0.0, 1.0, 0.0, 0.0, 1.0, 0.0, 0, 0.0, 0.0, 0, 0.0, 1, 1.0, 1.0, 0.0, 1.0, 1.0, 0.0, 0.0, 1.0, 1.0, 0.0, 1.0, 0.0, 0.0, 0.0, 1.0, 16.0712711288039] 0.6296218857858152
[1, 0.0, 1.0, 0.0, 0.0, 0.0, 1, 1, 0.0, 0, 1.0, 0.0, 0, 1.0, 0.0, 0.0, 0.0, 0.0, 0, 0.0, 1, 0.0, 0.0, 1, 1, 1.0, 0.0, 1.0, 1.0, 0.0, 0.0, 1.0, 1.0, 0.0, 1.0, 0.0, 0, 0, 1.0, 16.5780700497099] 0.8813500324194995
[1.0, 1, 1.0, 0.0, 0.0, 0.0, 1.0, 1.0, 0.0, 0.0, 1.0, 1.0, 0, 1.0, 0.0, 0, 0, 0.0, 0.0, 0.0, 0.0, 0.0, 0.0, 1.0, 1.0, 1.0, 0.0, 1.0, 1.0, 0.0, 0, 1.0, 1.0, 0.0, 1.0, 1.0, 0.0, 0.0, 0.0, 16.533944379797802] 0.8525724216072614
[1.0, 0.0, 1.0, 0.0, 0, 1, 0.0, 1.0, 0.0, 0.0, 1.0, 0.0, 0, 1.0, 0.0, 0.0, 1.0, 0, 0.0, 0.0, 0.0, 0.0, 0, 1.0, 1.0, 0.0, 1.0, 1, 1.0, 0.0, 0.0, 1.0, 1.0, 0.0, 1.0, 0, 0.0, 0.0, 1.0, 15.524686337704802] 0.3542864391916296
[1.0, 0.0, 0.0, 0.0, 0.0, 0.0, 0.0, 1.0, 0.0, 1.0, 1.0, 0.0, 0.0, 1.0, 0.0, 0.0, 1.0, 0.0, 0.0, 0.0, 0.0, 0.0, 0.0, 1.0, 1.0, 0.0, 1.0, 1.0, 1.0, 0.0, 0.0, 1.0, 1.0, 0.0, 1.0, 0.0, 1.0, 0.0, 0.0, 15.6317294256082] 0.4787551460560453
[1.0, 0.0, 0.0, 0.0, 0.0, 0.0, 0.0, 1.0, 0.0, 0.0, 1.0, 0.0, 0.0, 1.0, 0.0, 0.0, 0.0, 0.0, 1.0, 0.0, 0.0, 0.0, 0.0, 1.0, 1.0, 0.0, 1.0, 1.0, 0.0, 0.0, 1.0, 1.0, 1.0, 0.0, 1.0, 0.0, 1.0, 0.0, 0.0, 15.9082461268323] 0.5794603467176305
[1.0, 0.0, 1.0, 0.0, 0.0, 1.0, 0.0, 1.0, 0.0, 0.0, 1.0, 0.0, 0.0, 1.0, 0.0, 1.0, 0.0, 0.0, 0.0, 0.0, 0.0, 0.0, 0.0, 1.0, 1.0, 1.0, 0.0, 1.0, 1.0, 0.0, 0.0, 1.0, 1.0, 0.0, 1.0, 0.0, 0.0, 1.0, 0.0, 15.914345975023402] 0.5813372230841234
[1.0, 1.0, 1, 0.0, 0.0, 1.0, 0.0, 1, 0.0, 0.0, 1, 0, 1, 1.0, 0, 0.0, 0.0, 0, 0.0, 0, 0.0, 0.0, 0.0, 1.0, 1.0, 1.0, 0.0, 1.0, 1, 0.0, 0.0, 1.0, 1.0, 0, 1.0, 1.0, 0.0, 0.0, 0.0, 16.183312443924102] 0.664096136592031
[1.0, 0.0, 1.0, 0, 1, 0.0, 0.0, 1.0, 0, 0.0, 1, 1.0, 0.0, 1.0, 0, 1, 0.0, 0.0, 0, 0, 0.0, 0.0, 0.0, 1.0, 1.0, 1.0, 0.0, 1.0, 1.0, 0.0, 0.0, 1.0, 1, 0.0, 1.0, 1.0, 0.0, 0.0, 0, 16.1886568334405] 0.6657405641355384
[1.0, 0.0, 0.0, 0.0, 0.0, 0.0, 0.0, 1, 0.0, 0, 1.0, 0, 1, 1.0, 1.0, 0.0, 0, 0.0, 0.0, 0.0, 1.0, 0.0, 0.0, 1.0, 1.0, 1.0, 0.0, 1.0, 1.0, 0.0, 0.0, 1.0, 1.0, 0.0, 1.0, 1.0, 0, 0.0, 0.0, 15.594908039061902] 0.43593958030453717
[1, 0.0, 1, 0.0, 0.0, 1.0, 0.0, 1.0, 0.0, 0.0, 1.0, 0, 1.0, 1.0, 0.0, 0.0, 0.0, 0.0, 0, 1.0, 0.0, 0.0, 0.0, 1.0, 1.0, 1.0, 0.0, 1.0, 1.0, 0.0, 0.0, 1.0, 1.0, 0.0, 1.0, 1.0, 0.0, 0.0, 0.0, 16.0301271788333] 0.6169622088717845
[1.0, 0.0, 1.0, 0.0, 1.0, 0, 0.0, 1.0, 1, 0.0, 1, 0.0, 0.0, 1.0, 0.0, 0, 0.0, 0.0, 0.0, 0.0, 0, 0.0, 1, 1.0, 1.0, 1.0, 0, 1.0, 1, 0.0, 0.0, 1.0, 1.0, 0.0, 1.0, 1.0, 0.0, 0.0, 0.0, 16.262225285576196] 0.6883770109465217
[1.0, 0.0, 1.0, 0.0, 1.0, 0.0, 0.0, 1.0, 1.0, 0.0, 1.0, 0.0, 0.0, 1.0, 0.0, 0.0, 0, 0.0, 1.0, 0, 0.0, 0, 0.0, 1, 1.0, 1.0, 0.0, 1.0, 1.0, 0.0, 0.0, 1.0, 1.0, 0.0, 1.0, 1.0, 0.0, 0.0, 0.0, 16.6942842723616] 0.957141916757564
[1.0, 0.0, 1.0, 0.0, 0.0, 0.0, 1, 1.0, 0.0, 1, 1.0, 0.0, 0.0, 1.0, 0, 1.0, 0.0, 0.0, 0.0, 0.0, 0.0, 0.0, 0.0, 1.0, 1.0, 1.0, 0.0, 1, 1.0, 0.0, 0.0, 1.0, 1.0, 0.0, 1.0, 1.0, 0.0, 0.0, 0.0, 16.347081061552597] 0.7307050401429975
[1.0, 0.0, 1.0, 0.0, 0.0, 0, 1.0, 1.0, 0.0, 0.0, 1.0, 1.0, 0.0, 1, 0.0, 0.0, 0.0, 0, 0.0, 0.0, 1, 0.0, 0.0, 1.0, 1.0, 1.0, 0.0, 1.0, 1.0, 0.0, 0, 1.0, 1.0, 0.0, 1.0, 1.0, 0, 0, 0.0, 16.4602913274569] 0.8045378222544997
[1.0, 0.0, 1.0, 0.0, 0.0, 1.0, 0.0, 1.0, 0.0, 0, 1.0, 0.0, 0.0, 1.0, 0.0, 0.0, 0.0, 0.0, 0.0, 0.0, 0.0, 0.0, 0.0, 1.0, 1.0, 0.0, 1.0, 1.0, 0.0, 0.0, 1.0, 1.0, 1.0, 0.0, 1, 0.0, 1.0, 0.0, 0.0, 16.0999280230462] 0.6384393917065228
[1.0, 0.0, 1.0, 1.0, 0.0, 0.0, 0, 1.0, 0, 0.0, 1.0, 0.0, 0, 1.0, 0.0, 0.0, 1.0, 0.0, 0.0, 0.0, 1.0, 0.0, 0.0, 1.0, 1.0, 0.0, 1.0, 1.0, 1.0, 0.0, 0.0, 1.0, 1.0, 0.0, 1.0, 1.0, 0.0, 0.0, 0.0, 15.7392591025307] 0.527464339240215
[1.0, 0.0, 1.0, 0.0, 0.0, 1.0, 0.0, 1.0, 0.0, 1.0, 1.0, 0.0, 0.0, 1.0, 0.0, 0.0, 0.0, 0.0, 0, 0, 1, 0.0, 0.0, 1.0, 1.0, 1, 0.0, 1.0, 1.0, 0, 0.0, 1, 1.0, 0.0, 1.0, 1.0, 0.0, 0, 0.0, 16.349149896206697] 0.7320542801348018
