[1.0, 0.0, 0.0, 0.0, 0.0, 1.0, 3.0, 0.0, 2.0, 8.0, 10.0, 20.0, 16728.8] 0.7240585365853658
[1.0, 0.0, 0.0, 0.0, 0.0, 0.0, 3.0, 0.0, 2.0, 8.0, 8, 32.0, 18826.2] 0.8775268292682927
[1.0, 0.0, 1.0, 0.0, 0.0, 1.0, 2.0, 0.0, 1.0, 10.0, 8.0, 64, 15249.0] 0.07755555555555556
[1, 0, 0, 0.0, 0.0, 0.0, 3.0, 0.0, 1, 8, 8.0, 64, 19555.0] 0.9308536585365854
[1.0, 1.0, 1.0, 1.0, 1.0, 1.0, 3.0, 0.0, 3.0, 64.0, 32.0, 16.0, 5542.2] 0
[1.0, 0.0, 1.0, 1.0, 1.0, 0.0, 4.0, 0, 1.0, 8.0, 8.0, 128.0, 15861.8] 0.2514999999999994
[1.0, 0.0, 0.0, 0.0, 0.0, 0.0, 4.0, 0.0, 1.0, 10.0, 8.0, 10.0, 16279.6] 0
[1.0, 0.0, 0.0, 0.0, 0.0, 0.0, 2.0, 0.0, 1, 8, 8.0, 64.0, 16651.4] 0.7183951219512196
[1.0, 1.0, 1.0, 0.0, 0.0, 0.0, 2.0, 0.0, 2.0, 8.0, 8.0, 10.0, 14009.0] 0
[1.0, 0.0, 1.0, 0.0, 0.0, 1.0, 2.0, 0.0, 4.0, 10.0, 128.0, 10.0, 6624.0] 0
[1.0, 1, 0.0, 0.0, 0.0, 0.0, 4.0, 0.0, 3.0, 8.0, 8.0, 128.0, 15683.0] 0.17400000000000002
[1.0, 0.0, 0.0, 0.0, 0.0, 0.0, 4.0, 0.0, 1.0, 16.0, 128.0, 20.0, 7897.2] 0
[1.0, 0.0, 1.0, 1.0, 1.0, 0.0, 1.0, 0, 2, 8.0, 8.0, 8, 15720.2] 0.18226666666666683
[1, 0, 0, 0, 0.0, 0.0, 4, 0.0, 2.0, 8.0, 8.0, 128, 19600.2] 0.9341609756097562
[1.0, 1.0, 1.0, 0.0, 0.0, 0.0, 2.0, 0.0, 2.0, 20.0, 8.0, 32.0, 8867.6] 0
[1.0, 0.0, 1.0, 1.0, 1, 0, 3.0, 0.0, 1.0, 8.0, 8, 0.0, 16281.4] 0.6011666666666663
[1.0, 0.0, 1.0, 1.0, 1.0, 0.0, 2.0, 0.0, 3.0, 8.0, 64.0, 128.0, 8470.0] 0
[1.0, 1.0, 1.0, 1.0, 1.0, 0.0, 1.0, 0.0, 2.0, 0.0, 20.0, 128.0, 4944.6] 0
[1.0, 0.0, 1.0, 1.0, 1.0, 0.0, 4.0, 0.0, 1.0, 20.0, 0.0, 32.0, 8193.8] 0
[1.0, 1.0, 0.0, 0.0, 0.0, 1.0, 2.0, 0.0, 4.0, 128.0, 0.0, 8.0, 9381.8] 0
[1.0, 1.0, 1.0, 0.0, 0.0, 1.0, 2.0, 0.0, 4.0, 0.0, 16.0, 16.0, 4913.6] 0
[1.0, 1.0, 1.0, 1.0, 1.0, 1.0, 4.0, 0.0, 4.0, 0.0, 16.0, 64.0, 4915.0] 0
[1.0, 0.0, 1.0, 1, 1, 0.0, 1.0, 0.0, 3.0, 8.0, 8.0, 0.0, 15566.2] 0.14804444444444462
[1.0, 1.0, 1.0, 1.0, 1.0, 1.0, 3.0, 0.0, 4.0, 20.0, 32.0, 20.0, 6136.4] 0
[1.0, 0.0, 0.0, 0.0, 0, 0.0, 3, 0.0, 1, 8.0, 8.0, 128.0, 19583.4] 0.9329317073170733
[1.0, 0.0, 0.0, 0.0, 0.0, 1.0, 3.0, 0.0, 1.0, 10.0, 0.0, 0.0, 10445.0] 0
[1.0, 0.0, 0.0, 0.0, 0.0, 0.0, 4.0, 0.0, 1.0, 64.0, 10.0, 10.0, 9351.4] 0
[1.0, 1.0, 1.0, 1.0, 1.0, 1.0, 2.0, 0.0, 3.0, 128.0, 128.0, 8.0, 5770.4] 0
[1.0, 1.0, 0.0, 0.0, 0.0, 0.0, 2.0, 0.0, 1.0, 0.0, 8.0, 16.0, 5379.6] 0
[1.0, 0.0, 0.0, 0.0, 0, 0, 3.0, 0, 1.0, 8.0, 8.0, 64, 19555.0] 0.9308536585365854
