[1.0, 0, 0, 1, 1.0, 0.0, 0.0, 0.0, 0.0, 1.0, 1, 30.0, 1024, 10, 303342.0] 0.3256476923076923
[1.0, 0.0, 0.0, 1.0, 1.0, 1.0, 0.0, 0.0, 0.0, 0, 0.0, 0.0, 256.0, 8.0, 131930.0] 0.18532727272727273
[1.0, 1, 0, 1.0, 1, 0, 1.0, 0.0, 0.0, 0.0, 1.0, 0, 4096, 8.0, 132000.8] 0.18545599999999998
[1, 0, 0, 1, 1, 0.0, 0.0, 0.0, 1, 0.0, 1.0, 0, 512, 10, 421557.8] 0.8311559999999998
[1, 0.0, 1, 1.0, 1, 0, 0, 0.0, 1.0, 0.0, 0, 90.0, 1024.0, 10, 416866.0] 0.73732
[1.0, 0.0, 0.0, 1.0, 1.0, 0.0, 0, 0.0, 0.0, 1.0, 1.0, 40.0, 256.0, 10.0, 302876.6] 0.32528969230769234
[1.0, 1.0, 1, 1, 1.0, 0.0, 0.0, 0, 1.0, 0.0, 0, 20, 2, 10.0, 419684.4] 0.7936880000000004
[1.0, 0, 0.0, 1.0, 1, 0, 0.0, 0.0, 1, 0.0, 0, 80, 128, 10, 416856.0] 0.73712
[1.0, 1.0, 0, 1.0, 1, 0.0, 0, 0.0, 1, 0.0, 1, 40.0, 1.0, 10.0, 421557.6] 0.8311519999999996
[1.0, 1.0, 1, 1, 1.0, 0.0, 0, 0, 1, 0, 0.0, 80, 64, 10, 417541.8] 0.7508359999999998
[1.0, 0.0, 0.0, 1, 1.0, 1, 0, 0.0, 0.0, 0.0, 0.0, 80.0, 1.0, 8.0, 125667.2] 0.17394036363636364
[1.0, 0, 0.0, 1, 1.0, 0, 0.0, 0.0, 1, 0, 1, 10.0, 2, 10.0, 417301.6] 0.7460319999999996
[1, 1.0, 1, 1, 1, 0, 0.0, 0.0, 1.0, 0, 1.0, 100, 1, 10, 421113.8] 0.8222759999999998
[1.0, 0, 0, 1, 1.0, 0.0, 0.0, 0, 1, 0, 0, 0, 8, 10.0, 422061.6] 0.8412319999999995
[1.0, 1.0, 1.0, 1.0, 1.0, 1, 0.0, 0.0, 0.0, 0.0, 1.0, 0.0, 8.0, 8.0, 132275.8] 0.185956
[1, 1.0, 1.0, 1.0, 1, 0.0, 0.0, 0.0, 1.0, 0, 0, 40.0, 32, 10, 415672.0] 0.7134400000000001
[1.0, 0.0, 0, 0, 1.0, 0.0, 0.0, 0.0, 0.0, 1, 1, 30.0, 64, 10.0, 303752.2] 0.3259632307692308
[1, 1, 1.0, 1.0, 1.0, 1.0, 0.0, 0.0, 0.0, 0.0, 0.0, 0, 1, 10.0, 131828.0] 0.18514181818181819
[1.0, 0, 1, 1.0, 1.0, 0, 0, 0, 1.0, 0.0, 1.0, 0.0, 1, 10.0, 424574.6] 0.8914919999999995
[1, 0.0, 0.0, 1, 1.0, 0, 0, 0, 1, 0, 1, 40.0, 1024.0, 10.0, 415565.6] 0.7113119999999995
[1, 1, 1.0, 1.0, 1.0, 0, 0, 0.0, 1, 0, 0.0, 100.0, 512.0, 10.0, 417049.4] 0.7409880000000004
[1, 0.0, 0, 1, 1, 0.0, 0, 0, 0.0, 1, 1, 30, 1024, 10.0, 303342.0] 0.3256476923076923
[1.0, 0, 0, 1.0, 1.0, 0, 0.0, 0.0, 1, 0.0, 1, 90, 256, 10, 417030.8] 0.7406159999999997
[1.0, 0, 1, 1.0, 1.0, 0.0, 0.0, 0.0, 1, 0, 0.0, 0, 4.0, 10.0, 421755.4] 0.8351080000000005
[1, 1.0, 0, 1.0, 1, 0.0, 0, 0.0, 1, 0.0, 1, 0, 2.0, 10.0, 421628.6] 0.8325719999999995
[1.0, 1, 0.0, 0, 1.0, 0.0, 0.0, 0.0, 0.0, 1, 0, 40, 512, 10.0, 305319.4] 0.32716876923076926
[1.0, 0.0, 1.0, 0.0, 1, 0.0, 0, 0.0, 0.0, 1, 0.0, 80, 64, 10.0, 303251.6] 0.32557815384615385
[1.0, 1, 0, 1.0, 1.0, 1.0, 0.0, 0, 0.0, 0, 0.0, 0, 1, 8.0, 131978.6] 0.1854156363636364
[1, 0, 1.0, 1, 1.0, 0, 0.0, 0, 0.0, 1, 1, 0, 4096, 10, 300050.4] 0.3231156923076923
[1, 0, 0, 1, 1, 0, 0.0, 0.0, 1, 0.0, 1, 50, 256, 8.0, 125147.6] 0.17299563636363638
