[1.0, 0, 0, 1, 1.0, 0.0, 0.0, 0.0, 0.0, 1.0, 1, 30.0, 1024, 10, 303342.0] 0.3256476923076923
[1.0, 0.0, 0.0, 1.0, 1.0, 1.0, 0.0, 0.0, 0.0, 0, 0.0, 0.0, 256.0, 8.0, 131930.0] 0.18532727272727273
[1.0, 1, 0, 1.0, 1, 0, 1.0, 0.0, 0.0, 0.0, 1.0, 0, 4096, 8.0, 132000.8] 0.18545599999999998
[1, 0, 1, 1, 1, 0.0, 0.0, 0.0, 1, 0.0, 1.0, 0, 1, 10, 424574.6] 0.8914919999999995
[1, 0.0, 1, 1, 1, 0, 0, 0.0, 1, 0.0, 0, 70, 2, 10, 417277.4] 0.7455480000000004
[1, 0.0, 0.0, 1.0, 1.0, 0.0, 0, 0.0, 0.0, 1.0, 1, 40.0, 512, 10, 303336.2] 0.3256432307692308
[1, 1.0, 1, 1, 1.0, 0, 0, 0, 1.0, 0, 0, 0, 512, 10.0, 421840.6] 0.8368119999999996
[1.0, 0, 0.0, 1.0, 1, 0.0, 0.0, 0.0, 1.0, 0.0, 0, 50, 2048.0, 10, 417073.8] 0.7414759999999998
[1.0, 1.0, 0, 1.0, 1, 0.0, 0, 0.0, 1, 0.0, 1, 40.0, 1.0, 10.0, 421557.6] 0.8311519999999996
[1, 1.0, 1, 1, 1.0, 0.0, 0.0, 0, 1, 0, 0.0, 20, 2, 10, 419684.4] 0.7936880000000004
[1.0, 0.0, 0.0, 1, 1.0, 1, 0, 0.0, 0.0, 0.0, 0.0, 80.0, 1.0, 8.0, 125667.2] 0.17394036363636364
[1, 1, 1, 1, 1.0, 0, 0, 0.0, 1, 0, 1, 10.0, 2, 10.0, 418086.2] 0.7617240000000003
[1, 1.0, 1, 1, 1, 0.0, 0.0, 0.0, 1.0, 0, 1, 0, 4, 10, 421181.4] 0.8236280000000005
[1.0, 0, 0, 1, 1.0, 0.0, 0.0, 0, 1, 0, 0, 0, 8, 10.0, 422061.6] 0.8412319999999995
[1.0, 1.0, 1.0, 1.0, 1.0, 1, 0.0, 0.0, 0.0, 0.0, 1.0, 0.0, 8.0, 8.0, 132275.8] 0.185956
[1, 1.0, 1.0, 1.0, 1, 0.0, 0.0, 0.0, 1.0, 0, 0, 0, 2, 10, 421697.4] 0.8339480000000006
[1.0, 0.0, 0, 0, 1.0, 0.0, 0.0, 0.0, 0.0, 1, 1, 30.0, 64, 10.0, 303752.2] 0.3259632307692308
[1.0, 0, 0.0, 1.0, 1.0, 1, 0.0, 0.0, 0.0, 0.0, 0.0, 0, 8.0, 10.0, 131914.2] 0.1852985454545455
[1.0, 0, 1, 1.0, 1.0, 0, 0, 0, 1.0, 0.0, 1.0, 0.0, 1, 10.0, 424574.6] 0.8914919999999995
[1, 0.0, 0.0, 1, 1, 0, 0, 0, 1, 0, 0, 0, 32, 10.0, 421248.2] 0.8249640000000003
[1, 1, 1.0, 1.0, 1.0, 0, 0, 0.0, 1, 0, 0.0, 100.0, 512.0, 10.0, 417049.4] 0.7409880000000004
[1, 0.0, 0, 1, 1, 0.0, 0, 0, 1, 0, 1, 0, 1024, 10.0, 420589.0] 0.81178
[1.0, 0, 0, 1.0, 1.0, 0, 0.0, 0.0, 1, 0.0, 1, 0, 256, 10, 420996.2] 0.8199240000000002
[1.0, 0.0, 1, 1.0, 1, 0, 0, 0.0, 1, 0, 1.0, 0, 4.0, 10.0, 422067.4] 0.8413480000000004
[1, 1.0, 0, 1.0, 1, 0.0, 0, 0.0, 1, 0.0, 1, 0, 2.0, 10.0, 421628.6] 0.8325719999999995
[1.0, 1, 0.0, 0, 1.0, 0.0, 0.0, 0.0, 0.0, 1, 0, 40, 512, 10.0, 305319.4] 0.32716876923076926
[1.0, 0.0, 1.0, 0.0, 1, 0.0, 0, 0.0, 0.0, 1, 0.0, 80, 64, 10.0, 303251.6] 0.32557815384615385
[1.0, 1, 0, 1.0, 1.0, 1.0, 0.0, 0, 0.0, 0, 0.0, 0, 1, 8.0, 131978.6] 0.1854156363636364
[1, 0, 1.0, 1, 1.0, 0, 0, 0, 1, 0.0, 0, 0, 4096, 10, 421396.8] 0.8279359999999998
[1, 0, 0, 1, 1, 0, 0.0, 0.0, 1, 0.0, 1, 50, 256, 10, 416109.6] 0.7221919999999995
