[4.96828023e-01 4.67923166e-01 7.33576694e-01 8.99230703e-01
 9.49072452e-01 4.89332727e-01 9.39182335e-02 4.29007446e-01
 9.80560567e-01 3.49460993e-01 2.36068152e-03 6.13749594e+01
 1.29261438e+03 9.16006112e+00] [0.6860375]
[8.87216500e-01 2.32461054e-01 9.92144188e-01 5.85651278e-01
 8.87539330e-01 9.46847118e-01 5.21690649e-02 1.63272682e-01
 2.51035836e-01 3.34107611e-01 1.23998104e-01 5.59505912e+01
 5.45150377e+02 7.35490189e+00] [0.00991529]
[  1.   1.   0.   1.   1.   1.   0.   0.   0.   0.   0.  30. 128.   8.] [0.01908058]
[9.38488853e-01 7.91294727e-01 3.45340612e-01 3.20322198e-01
 8.01098641e-01 6.08353863e-01 2.19122870e-01 3.21498052e-01
 2.59580687e-01 2.83063715e-01 3.76461580e-01 6.45785907e+01
 6.88913939e+02 9.88463539e+00] [0.0027376]
[ 1.  0.  1.  1.  1.  0.  0.  0.  1.  0.  0. 40.  8. 10.] [0.7025575]
[1.000e+00 0.000e+00 0.000e+00 1.000e+00 1.000e+00 0.000e+00 0.000e+00
 0.000e+00 1.000e+00 0.000e+00 0.000e+00 6.000e+01 1.024e+03 1.000e+01] [0.695175]
[  1.   0.   1.   1.   1.   0.   1.   0.   0.   0.   1.  20. 512.   8.] [0.02421281]
[  1.   1.   0.   0.   1.   0.   0.   0.   0.   1.   0. 100.  16.  10.] [0.5]
[  1.   0.   1.   0.   1.   0.   0.   0.   0.   1.   1. 100.  16.   8.] [0.20723554]
[ 1.  0.  0.  1.  1.  0.  0.  0.  1.  0.  1.  0.  2. 10.] [0.76531]
[ 1.  0.  1.  0.  1.  0.  0.  0.  0.  1.  1. 10. 16. 10.] [0.5]
[ 1.  0.  1.  1.  1.  1.  0.  0.  0.  0.  1. 50.  8.  8.] [0.08049174]
[8.53190599e-01 5.71417242e-02 1.25412583e-01 1.28874115e-01
 7.85232126e-01 1.64932467e-01 1.31561549e-01 1.62991835e-02
 2.16079101e-01 9.15076865e-01 2.94015586e-01 4.76724468e+00
 6.16230319e+02 8.06030308e+00] [0.20267562]
[  1.   0.   1.   1.   1.   0.   0.   0.   1.   0.   1. 100.  64.   8.] [0.2444814]
[ 1.  1.  0.  1.  1.  0.  0.  0.  1.  0.  0. 20. 64.  8.] [0.2328843]
[9.48364320e-01 5.42891295e-01 3.87934478e-02 6.87606112e-01
 8.45506251e-01 1.93489831e-01 2.99990754e-03 2.13570624e-01
 6.31620674e-01 3.86520952e-01 3.68764845e-01 1.78616717e+01
 3.72587549e+03 9.47881769e+00] [0.6811675]
[ 1.  1.  1.  1.  1.  1.  0.  0.  0.  0.  1. 80. 16.  8.] [0.04229132]
[9.62265287e-01 6.87968477e-01 2.82036104e-01 9.98639236e-01
 8.91980040e-01 3.61926798e-01 3.23272923e-01 9.04659971e-02
 6.21705552e-01 1.99842596e-02 6.31251422e-01 8.10509335e+01
 7.15464478e+02 8.37947878e+00] [0.24037603]
[1.000e+00 1.000e+00 0.000e+00 0.000e+00 1.000e+00 0.000e+00 0.000e+00
 0.000e+00 0.000e+00 1.000e+00 0.000e+00 3.000e+01 1.024e+03 1.000e+01] [0.5]
[  1.   0.   1.   0.   1.   0.   0.   0.   1.   0.   0.  20. 128.  10.] [0.22934504]
[6.61987894e-01 9.11314519e-01 4.55951204e-02 9.99812836e-01
 7.67017365e-01 4.24847056e-02 1.70540172e-02 3.70227285e-01
 6.39697669e-01 3.14893031e-01 7.21278937e-02 3.77929706e+01
 1.45418377e+03 7.47319201e+00] [0.23812603]
[ 1.  1.  0.  1.  1.  1.  0.  0.  0.  0.  0. 80. 32. 10.] [0.02091116]
[  1.   1.   0.   0.   1.   1.   0.   0.   0.   0.   0. 100.   1.   0.] [0.]
[ 1.  0.  0.  0.  1.  0.  1.  0.  0.  0.  1. 40.  2.  6.] [0.]
[1.000e+00 1.000e+00 0.000e+00 1.000e+00 1.000e+00 0.000e+00 0.000e+00
 0.000e+00 1.000e+00 0.000e+00 0.000e+00 2.000e+01 2.048e+03 1.000e+01] [0.67927]
[1.000e+00 0.000e+00 0.000e+00 1.000e+00 1.000e+00 0.000e+00 0.000e+00
 0.000e+00 1.000e+00 0.000e+00 0.000e+00 9.000e+01 4.096e+03 1.000e+01] [0.70066]
[1.000e+00 1.000e+00 0.000e+00 0.000e+00 1.000e+00 0.000e+00 0.000e+00
 0.000e+00 1.000e+00 0.000e+00 0.000e+00 2.000e+01 2.048e+03 1.000e+01] [0.23240083]
[ 1.  1.  0.  1.  1.  0.  0.  0.  1.  0.  0. 90.  2. 10.] [0.702645]
[5.23091939e-01 5.84266069e-01 1.00283718e-01 9.97434684e-01
 5.87388033e-01 2.72625638e-01 3.48631966e-02 4.10545131e-01
 6.30335786e-01 4.30500786e-01 5.22000488e-01 4.27807399e+01
 1.95180295e+03 8.74259147e+00] [0.24279545]
[ 1.  1.  1.  1.  1.  0.  0.  0.  1.  0.  1. 70. 64. 10.] [0.6971175]
