[1. 1. 0. 1. 1. 1. 1. 0. 0. 1. 1. 1.] 0.997356110276411
[1. 1. 1. 1. 1. 1. 0. 1. 0. 0. 1. 0.] 0.9308891308028487
[0. 1. 0. 1. 1. 1. 1. 1. 0. 0. 1. 1.] 0.9967101853660398
[0.26674736 0.59553593 0.01170773 0.93337144 0.62833786 0.04207088
 0.66289211 0.26704231 0.37764421 0.41884595 0.0082198  0.36196622] 0.9235022212652217
[0.11803214 0.80397512 0.89861016 0.632235   0.80318917 0.61274189
 0.39298347 0.11102984 0.04998604 0.09702279 0.98051102 0.0300311 ] 0.9353913421326089
[1. 0. 1. 1. 1. 1. 1. 0. 0. 1. 1. 1.] 0.906403902803447
[0. 1. 1. 1. 1. 0. 1. 0. 0. 1. 0. 1.] 0.9233076369650641
[0. 1. 0. 1. 0. 1. 0. 1. 0. 0. 0. 0.] 0.5783983719000001
[1. 1. 0. 1. 1. 0. 0. 0. 1. 0. 0. 1.] 0.9022251798048473
[1. 1. 1. 1. 1. 1. 0. 0. 0. 0. 0. 1.] 0.9330536747000147
[0.92431654 0.89932285 0.9061872  0.91327849 0.9563517  0.97385509
 0.77009959 0.83006082 0.12280221 0.99253971 0.19646347 0.14006712] 0.9978108360343724
[1. 1. 0. 1. 0. 1. 1. 1. 1. 0. 1. 0.] 0.9337779087195385
[1. 1. 0. 1. 0. 1. 1. 0. 0. 0. 0. 1.] 0.9092541565886102
[0. 1. 1. 1. 1. 0. 1. 1. 0. 1. 0. 1.] 0.9234462612219805
[0. 1. 1. 1. 1. 0. 1. 0. 0. 1. 0. 1.] 0.9233076369650641
[0. 1. 0. 1. 1. 1. 0. 0. 0. 1. 0. 1.] 0.9338887275023873
[1. 1. 1. 1. 1. 1. 1. 1. 0. 0. 1. 1.] 0.9977618697577442
[1. 1. 1. 1. 0. 1. 1. 0. 0. 0. 0. 0.] 0.9328713330158807
[0. 1. 0. 1. 0. 1. 1. 1. 1. 1. 0. 0.] 0.9328102244828373
[0. 1. 0. 1. 0. 1. 1. 1. 1. 0. 1. 0.] 0.9332152062120984
[1. 0. 0. 1. 1. 1. 1. 1. 0. 0. 1. 0.] 0.9062724576783181
[1. 1. 1. 1. 0. 1. 1. 0. 0. 1. 1. 1.] 0.9332517728427172
[1. 1. 1. 1. 0. 1. 1. 1. 1. 1. 0. 1.] 0.9320863965079613
[1. 1. 1. 1. 1. 1. 0. 1. 0. 0. 1. 1.] 0.9335664673550893
[1. 1. 0. 1. 0. 1. 0. 1. 0. 1. 0. 0.] 0.5734647882000001
[0. 1. 1. 1. 1. 1. 0. 0. 0. 0. 1. 0.] 0.9353913421326089
[0.70053609 0.90422689 0.63500548 0.94924148 0.5211556  0.23041775
 0.54162738 0.18123555 0.333256   0.44271608 0.38531182 0.01109013] 0.9216632354242206
[0. 1. 1. 1. 1. 1. 1. 0. 1. 0. 1. 1.] 0.9975604905956221
[0. 1. 0. 1. 1. 1. 0. 0. 0. 0. 1. 1.] 0.9342245840735599
[1. 1. 1. 1. 1. 1. 0. 0. 1. 0. 0. 1.] 0.9318673311632227
