[1.0, 1.0, 1, 1, 1, 0.0, 0.0, 0, 1.0, 0, 0.0, 0, 128, 10, 422401.4] 0.9824647692307693
[1.0, 1.0, 1.0, 1.0, 1.0, 0.0, 0.0, 0, 1, 0.0, 1, 100, 1, 10.0, 421113.8] 0.9794933846153846
[1.0, 0.0, 0, 1.0, 1, 0.0, 0.0, 0, 1, 0, 0.0, 0, 1, 10, 420952.4] 0.9791209230769231
[1.0, 1.0, 0.0, 1.0, 1, 1.0, 0, 0.0, 0.0, 0.0, 0, 0, 1, 8, 131978.6] 0.06798573333333334
[1, 0, 1, 1, 1, 0, 0.0, 0.0, 1, 0, 1.0, 0, 1, 10, 424574.6] 0.9874798461538461
[1, 1.0, 0, 0, 1.0, 0, 0.0, 0.0, 0, 1.0, 1.0, 60, 128, 10, 303197.6] 0.7073790769230768
[1.0, 0, 1, 1.0, 1, 0, 0, 0, 1, 0, 1, 0.0, 1.0, 10, 424574.6] 0.9874798461538461
[1, 0.0, 1, 1, 1, 0, 0.0, 0, 1, 0, 1, 40.0, 2, 10, 418187.0] 0.9727392307692307
[1, 0, 1, 1, 1, 0, 0.0, 0.0, 1, 0.0, 1.0, 0, 1, 10, 424574.6] 0.9874798461538461
[1, 0, 1, 1.0, 1, 0.0, 0, 0, 1.0, 0.0, 1.0, 0, 1, 10, 424574.6] 0.9874798461538461
[1.0, 0, 0, 1, 1, 0.0, 0.0, 0, 1, 0, 0, 60, 4096, 10.0, 417210.6] 0.970486
[1, 0, 0, 1, 1, 0, 0, 0, 1, 0, 1.0, 0, 16, 10, 421936.6] 0.9813921538461539
[1.0, 0.0, 1.0, 1, 1.0, 0, 0.0, 0.0, 1, 0.0, 1.0, 0, 1, 10.0, 424574.6] 0.9874798461538461
[1.0, 1.0, 0.0, 1.0, 1.0, 0.0, 0.0, 0.0, 1.0, 0.0, 1.0, 40.0, 1.0, 10.0, 421557.6] 0.9805175384615384
[1, 0, 0, 1, 1, 0.0, 0, 0.0, 0.0, 1.0, 0.0, 30.0, 32.0, 10, 303344.2] 0.7077173846153846
[1, 0, 1, 1.0, 1, 0.0, 0.0, 0, 1, 0, 0.0, 100.0, 8, 10, 417626.4] 0.9714455384615386
[1.0, 1.0, 0.0, 1.0, 1, 0.0, 1.0, 0.0, 0.0, 0.0, 1.0, 0, 4096.0, 8.0, 132000.8] 0.06800053333333332
[1, 0, 1, 1, 1, 0.0, 0, 0.0, 1, 0.0, 1.0, 0, 1024, 10.0, 422519.2] 0.9827366153846154
[1, 0.0, 1, 1, 1, 1, 0, 0, 0.0, 0.0, 1, 0, 1024, 8.0, 131887.0] 0.06792466666666667
[1.0, 1, 1.0, 1, 1.0, 0.0, 0.0, 0.0, 1.0, 0.0, 0.0, 0.0, 128.0, 10.0, 422401.4] 0.9824647692307693
[1, 0.0, 1, 1, 1.0, 1, 0, 0, 0, 0.0, 1, 20, 4096, 8.0, 103891.0] 0.049260666666666675
[1.0, 1, 0.0, 1.0, 1.0, 0.0, 1.0, 0.0, 0.0, 0.0, 0, 60.0, 1, 10.0, 125483.6] 0.06365573333333334
[1.0, 0.0, 1, 1.0, 1, 0.0, 0.0, 0, 1.0, 0.0, 0, 90, 2048, 10, 416340.0] 0.968476923076923
[1, 1.0, 1, 1.0, 1.0, 0.0, 0, 0.0, 1.0, 0.0, 0.0, 0, 128, 10.0, 422401.4] 0.9824647692307693
[1.0, 1, 0.0, 1, 1, 0.0, 1, 0, 0, 0, 0, 0, 1024.0, 10, 131587.2] 0.06772480000000002
[1, 1, 0, 1, 1.0, 0.0, 0, 0.0, 1, 0.0, 0.0, 0, 2048, 10, 421753.6] 0.9809698461538461
[1, 1, 0, 1, 1, 0, 0.0, 0, 1.0, 0.0, 0.0, 100, 1, 10, 420762.8] 0.9786833846153846
[1.0, 0, 1, 1, 1, 0.0, 0.0, 0, 1, 0.0, 1.0, 0, 1, 10, 424574.6] 0.9874798461538461
[1.0, 1, 1.0, 1, 1, 1.0, 0.0, 0.0, 0.0, 0.0, 1, 20, 4, 8.0, 114069.6] 0.05604640000000001
[1.0, 0.0, 1.0, 1, 1.0, 0.0, 0.0, 0.0, 0.0, 1, 0, 100, 1024, 10.0, 303597.2] 0.7083012307692308
