[1.0, 1.0, 1, 1, 1, 0.0, 0.0, 0, 1.0, 0, 0.0, 0, 128, 10, 422401.4] 0.9824647692307693
[1.0, 1.0, 1.0, 1.0, 1.0, 0.0, 0.0, 0, 1, 0.0, 1, 100, 1, 10.0, 421113.8] 0.9794933846153846
[1.0, 0.0, 1, 1, 1, 0, 0.0, 0, 1, 0, 1, 0, 1, 10, 424574.6] 0.9874798461538461
[1.0, 1.0, 0.0, 1.0, 1, 1.0, 0, 0.0, 0.0, 0.0, 0, 0, 1, 8, 131978.6] 0.06798573333333334
[1, 0, 1, 1, 1, 0, 0.0, 0.0, 1, 0, 1.0, 0, 1, 10, 424574.6] 0.9874798461538461
[1, 1.0, 0, 0, 1.0, 0, 0.0, 0.0, 0, 1.0, 1.0, 60, 128, 10, 303197.6] 0.7073790769230768
[1.0, 0, 1, 1.0, 1, 0, 0, 0, 1, 0, 1, 0.0, 1.0, 10, 424574.6] 0.9874798461538461
[1, 0.0, 1, 1, 1, 0, 0.0, 0, 1, 0, 1, 40.0, 1, 10, 418615.2] 0.9737273846153847
[1, 0, 1, 1, 1, 0, 0.0, 0.0, 1, 0.0, 1.0, 0, 1, 10, 424574.6] 0.9874798461538461
[1, 0, 1, 1.0, 1, 0.0, 0, 0, 1.0, 0.0, 1.0, 0, 1, 10, 424574.6] 0.9874798461538461
[1.0, 0, 1, 1, 1, 0.0, 0.0, 0, 1, 0, 0, 0, 2048, 10.0, 422252.6] 0.9821213846153846
[1, 0, 0, 1, 1, 0, 0, 0, 1, 0, 1.0, 0, 16, 10, 421936.6] 0.9813921538461539
[1.0, 0.0, 1.0, 1, 1.0, 0, 0.0, 0.0, 1, 0.0, 1.0, 0, 1, 10.0, 424574.6] 0.9874798461538461
[1.0, 1.0, 0.0, 1.0, 1.0, 0.0, 0.0, 0.0, 1.0, 0.0, 1.0, 40.0, 1.0, 10.0, 421557.6] 0.9805175384615384
[1, 0, 0, 1, 1, 0.0, 0, 0.0, 0.0, 1.0, 0.0, 30.0, 32.0, 10, 303344.2] 0.7077173846153846
[1, 1, 1, 1, 1, 0.0, 0.0, 0, 1, 0, 0, 20, 2, 10, 419684.4] 0.9761947692307693
[1.0, 1.0, 0.0, 1.0, 1, 0.0, 1.0, 0.0, 0.0, 0.0, 1.0, 0, 4096.0, 8.0, 132000.8] 0.06800053333333332
[1, 0, 1, 1, 1, 0.0, 0, 0.0, 1, 0.0, 1.0, 0, 1, 10.0, 424574.6] 0.9874798461538461
[1, 1, 1, 1, 1, 1, 0, 0, 0, 0.0, 1, 0, 8, 8.0, 132275.8] 0.06818386666666666
[1.0, 1, 1.0, 1, 1.0, 0.0, 0.0, 0.0, 1.0, 0.0, 0.0, 0.0, 128.0, 10.0, 422401.4] 0.9824647692307693
[1, 0.0, 1, 1, 1, 1, 0, 0, 0, 0.0, 1, 0, 16, 8.0, 131872.8] 0.0679152
[1.0, 1, 0, 1.0, 1, 1, 0, 0, 0.0, 0, 0, 0, 1, 10.0, 131670.4] 0.06778026666666667
[1.0, 0.0, 1, 1.0, 1, 0.0, 0.0, 0, 1.0, 0.0, 0, 90, 1024, 10, 416866.0] 0.9696907692307692
[1, 1.0, 1, 1.0, 1.0, 0.0, 0, 0.0, 1.0, 0.0, 0.0, 0, 128, 10.0, 422401.4] 0.9824647692307693
[1.0, 0, 0.0, 1, 1, 0.0, 1, 0, 0, 0, 0, 0, 4096, 10, 131798.8] 0.06786586666666666
[1, 1, 0, 1, 1.0, 0.0, 0, 0, 1, 0.0, 0.0, 0, 8, 10, 421809.2] 0.9810981538461538
[1, 1, 0, 1, 1, 0.0, 0.0, 0, 1.0, 0, 1, 40, 1, 10, 421557.6] 0.9805175384615384
[1.0, 0, 1, 1, 1, 0.0, 0.0, 0, 1, 0.0, 1.0, 0, 1, 10, 424574.6] 0.9874798461538461
[1, 0, 1.0, 1, 1, 1.0, 0.0, 0.0, 0.0, 0.0, 0, 20, 4, 8.0, 114621.4] 0.05641426666666667
[1.0, 0.0, 0, 1, 1, 0.0, 0.0, 0.0, 1, 0, 0, 0, 1024, 10.0, 421959.2] 0.9814443076923077
