[1.0, 0.0, 0.0, 1.0, 1.0, 1.0, 0.0, 0.0, 0, 0.0, 1, 10.0, 1, 8.0, 126171.8] 0.1551601225285436
[1, 1.0, 1, 1.0, 1.0, 0, 0, 0.0, 1.0, 0, 0.0, 10, 1, 10, 420823.8] 0.9470633333333331
[1.0, 1.0, 1.0, 1, 1.0, 0.0, 0.0, 0.0, 1.0, 0.0, 1.0, 100.0, 1, 10, 421113.8] 0.9518966666666665
[1.0, 1, 0, 1, 1, 0, 0.0, 0, 1.0, 0, 0, 10.0, 1, 10.0, 420377.2] 0.9396200000000002
[1, 1, 1.0, 1.0, 1.0, 0.0, 0, 0.0, 1, 0.0, 0, 0.0, 16.0, 10, 420780.2] 0.9463366666666668
[1, 0, 1.0, 1.0, 1.0, 0, 0, 0.0, 1.0, 0.0, 1, 0.0, 4.0, 10.0, 422067.4] 0.9677900000000004
[1, 0, 1.0, 0.0, 1.0, 0, 0.0, 0, 1, 0.0, 0, 0, 4096, 10.0, 274982.8] 0.39165015374103174
[1.0, 1.0, 0.0, 1, 1, 0.0, 0, 0.0, 1, 0.0, 1, 90, 128, 10.0, 417769.2] 0.8961533333333336
[1, 1.0, 0.0, 1.0, 1, 0.0, 1.0, 0.0, 0.0, 0.0, 0.0, 0, 4, 8, 131842.0] 0.16267918473432258
[1.0, 0, 0.0, 1.0, 1, 0, 0.0, 0.0, 1.0, 0.0, 0.0, 60, 1, 10.0, 420801.0] 0.9466833333333333
[1.0, 1.0, 0, 0.0, 1.0, 0.0, 0, 0, 0.0, 1.0, 1.0, 90, 512.0, 10.0, 302483.8] 0.43748248018865565
[1, 1, 0, 1.0, 1, 0, 0, 0.0, 0, 1, 0, 100, 256, 10, 303350.0] 0.4389260626463456
[1.0, 0, 1.0, 1.0, 1.0, 0.0, 0, 0.0, 1.0, 0, 0, 10, 8, 10, 416646.2] 0.8774366666666669
[1.0, 0.0, 0, 0.0, 1.0, 0.0, 0.0, 0.0, 0.0, 1.0, 1.0, 60.0, 16.0, 10.0, 302225.6] 0.4370521719566358
[1.0, 0.0, 1.0, 1.0, 1.0, 0.0, 0.0, 0.0, 1.0, 0.0, 1, 0.0, 1.0, 10.0, 424574.6] 1.0
[1.0, 1.0, 0.0, 1.0, 1.0, 0, 0, 0.0, 0.0, 1, 1.0, 90.0, 1024, 10.0, 303458.4] 0.43910671877473817
[1.0, 1, 1.0, 1.0, 1.0, 0.0, 0.0, 0.0, 1, 0, 1, 0, 256, 10.0, 421523.0] 0.9587166666666667
[1.0, 0.0, 1.0, 1, 1, 0.0, 0.0, 0, 1.0, 0.0, 1.0, 50, 1, 10.0, 420763.0] 0.9460500000000001
[1, 0, 0, 1.0, 1.0, 0.0, 0.0, 0.0, 1.0, 0.0, 0, 0, 8, 10.0, 422061.6] 0.967693333333333
[1.0, 1.0, 0, 1.0, 1, 0, 0, 0.0, 0.0, 1.0, 1, 10.0, 1024, 10.0, 303251.6] 0.4387620722124542
[1, 0.0, 1.0, 1.0, 1, 0.0, 0.0, 0, 1.0, 0.0, 1, 50, 2, 10, 418064.0] 0.9010666666666667
[1, 0, 1, 1, 1.0, 0.0, 1.0, 0.0, 0.0, 0.0, 1, 0.0, 64, 10, 132163.4] 0.16310538250387874
[1.0, 1, 1.0, 1, 1.0, 0.0, 0.0, 0, 0, 1.0, 0, 10.0, 512.0, 10.0, 302257.2] 0.43710483555125956
[1.0, 1, 1, 1, 1, 1.0, 0.0, 0, 0.0, 0.0, 1.0, 0.0, 256, 10, 131741.4] 0.16254578244553183
[1.0, 1, 1.0, 0, 1.0, 0, 0.0, 0.0, 0.0, 1.0, 1, 100, 256, 10.0, 303902.8] 0.4398473422383694
[1.0, 1.0, 0.0, 1, 1, 0, 0.0, 0.0, 1, 0.0, 0.0, 0, 1.0, 10.0, 421349.8] 0.9558299999999998
[1.0, 0, 0.0, 0, 1.0, 0.0, 0.0, 0.0, 0.0, 1.0, 1.0, 40.0, 512.0, 10, 303522.4] 0.43921337921954556
[1.0, 1, 0.0, 1, 1, 0.0, 0.0, 0.0, 1, 0, 1, 30, 256.0, 10.0, 415597.2] 0.8599533333333336
[1, 0, 1.0, 1.0, 1.0, 0.0, 0, 0, 1, 0.0, 0.0, 100, 128, 10, 417364.0] 0.8894
[1.0, 1.0, 0, 1.0, 1.0, 0.0, 0.0, 0.0, 1, 0.0, 0.0, 0, 16, 10, 421525.0] 0.95875
