[1.0, 0, 0, 1.0, 1.0, 0.0, 0.0, 0.0, 1, 0, 0.0, 30.0, 512.0, 10.0, 415941.2] 0.8656866666666668
[1.0, 1.0, 1.0, 1.0, 1.0, 0.0, 0.0, 0, 1.0, 0.0, 0.0, 0, 128, 10.0, 422401.4] 0.9733566666666671
[1, 1, 0.0, 1.0, 1, 1, 0.0, 0.0, 0, 0.0, 0, 0, 1, 8.0, 131978.6] 0.1628603254167164
[1, 1.0, 1, 1.0, 1, 0, 0.0, 0.0, 1.0, 0, 1, 0, 1024, 10, 422269.6] 0.9711599999999996
[1, 1, 0.0, 0.0, 1.0, 0.0, 0, 0.0, 0, 1.0, 0.0, 40, 64.0, 10.0, 304643.2] 0.44108127025923494
[1, 1, 1, 1.0, 1, 0, 0.0, 0.0, 1.0, 0, 0, 0, 64, 10.0, 421857.4] 0.9642900000000004
[1, 0.0, 1, 1, 1.0, 0.0, 0.0, 0.0, 1.0, 0, 1, 0.0, 1, 10.0, 424574.6] 1.0
[1.0, 0.0, 1, 1.0, 1.0, 0, 0.0, 0, 1, 0.0, 1, 0, 1.0, 10.0, 424574.6] 1.0
[1.0, 0, 1, 1, 1, 0, 0.0, 0, 1.0, 0, 1.0, 0, 1, 10.0, 424574.6] 1.0
[1.0, 0.0, 1, 1.0, 1.0, 0.0, 0.0, 0.0, 1, 0.0, 1, 0, 1, 10.0, 424574.6] 1.0
[1, 1, 0, 1.0, 1, 0.0, 0.0, 0, 1.0, 0, 0, 0.0, 2048, 10.0, 421753.6] 0.9625599999999996
[1, 0, 1.0, 1.0, 1.0, 0.0, 0.0, 0.0, 1, 0, 1, 0, 1, 10.0, 424574.6] 1.0
[1, 0, 0.0, 1, 1.0, 0.0, 0.0, 0, 1.0, 0.0, 0.0, 0.0, 8, 10.0, 422061.6] 0.967693333333333
[1, 0.0, 0, 1, 1, 0.0, 1.0, 0.0, 0.0, 0, 0, 0, 32, 8.0, 131869.4] 0.16271551895612046
[1, 0, 1, 0, 1, 0.0, 0.0, 0.0, 0.0, 1.0, 1, 40.0, 1024, 10, 303744.6] 0.4395836909513611
[1, 1, 1.0, 1.0, 1, 0.0, 0, 0.0, 0.0, 1, 0, 90, 64, 10.0, 302938.6] 0.4382404359745681
[1.0, 0.0, 0, 1.0, 1, 0, 0.0, 0, 0.0, 1.0, 0.0, 90, 256.0, 10.0, 303681.8] 0.4394790303898939
[1, 1, 0, 1.0, 1.0, 0.0, 0.0, 0, 1, 0.0, 1, 10, 1024, 10, 417038.8] 0.8839799999999998
[1.0, 0, 1.0, 1.0, 1.0, 0.0, 0, 0.0, 1.0, 0, 0.0, 0, 4, 10.0, 421755.4] 0.9625900000000004
[1.0, 1, 0.0, 0.0, 1.0, 0.0, 0.0, 0, 0, 1.0, 0, 40.0, 512.0, 10.0, 305319.4] 0.44220820452140297
[1, 0, 0, 1, 1, 0.0, 0.0, 0.0, 1.0, 0, 0.0, 0.0, 8, 10.0, 422061.6] 0.967693333333333
[1, 0, 1, 1.0, 1.0, 0, 0.0, 0, 1, 0, 1, 0, 1, 10, 424574.6] 1.0
[1.0, 0, 0, 1.0, 1, 0, 0.0, 0, 1, 0, 0.0, 80, 1, 10.0, 420688.8] 0.9448133333333332
[1.0, 0.0, 1, 0, 1, 0.0, 0.0, 0.0, 0.0, 1.0, 1, 40.0, 1024.0, 10.0, 303744.6] 0.4395836909513611
[1.0, 0.0, 1.0, 0, 1, 0.0, 0, 0, 0.0, 1.0, 0.0, 30, 512, 10.0, 303371.4] 0.4389617272325781
[1, 0, 0.0, 1.0, 1, 0.0, 0, 0.0, 1, 0.0, 0.0, 0, 8.0, 10.0, 422061.6] 0.967693333333333
[1.0, 1, 0.0, 1, 1, 0.0, 1.0, 0.0, 0.0, 0.0, 1, 0, 8.0, 8.0, 131993.4] 0.16287995120075321
[1, 1, 0, 0.0, 1, 0.0, 0.0, 0.0, 0.0, 1, 0, 40.0, 512, 10.0, 305319.4] 0.44220820452140297
[1.0, 0, 1, 0.0, 1, 0.0, 0.0, 0, 0.0, 1, 0, 80.0, 64, 10.0, 303251.6] 0.4387620722124542
[1.0, 0.0, 1.0, 1, 1, 0, 0, 0.0, 1, 0.0, 1, 0, 1, 10.0, 424574.6] 1.0
