[1.0, 0.0, 0.0, 1.0, 1.0, 1.0, 0.0, 0.0, 0, 0.0, 1, 10.0, 1, 8.0, 126171.8] 0.1551601225285436
[1, 1.0, 0.0, 1.0, 1.0, 0, 0, 0.0, 1.0, 0, 0.0, 50, 1, 10, 419864.4] 0.9310733333333338
[1.0, 1.0, 1.0, 1.0, 1.0, 0.0, 0.0, 0.0, 1, 0.0, 1.0, 30.0, 1, 10, 418823.0] 0.9137166666666667
[1.0, 1, 1, 1.0, 1.0, 0, 0.0, 0.0, 1.0, 0.0, 1.0, 10.0, 2, 10.0, 418086.2] 0.9014366666666669
[1, 1.0, 1.0, 1.0, 1.0, 0.0, 1.0, 0.0, 0.0, 0.0, 0, 0.0, 16.0, 10, 132016.4] 0.1629104507299996
[1, 0, 1.0, 1.0, 1.0, 0, 0.0, 0.0, 1.0, 0.0, 0.0, 0.0, 4.0, 10.0, 421755.4] 0.9625900000000004
[1.0, 0.0, 0.0, 0, 1.0, 0.0, 0.0, 0.0, 1.0, 0.0, 1, 0, 4, 10.0, 274769.6] 0.39129484113426716
[1.0, 1.0, 0.0, 1, 1.0, 0, 0.0, 0.0, 1, 0.0, 1.0, 90, 8, 10.0, 417403.0] 0.89005
[1.0, 1.0, 1.0, 1.0, 1.0, 0, 1.0, 0.0, 0.0, 0.0, 1.0, 0, 1, 6, 123993.8] 0.15227194971555877
[1.0, 0, 0.0, 1.0, 1, 0, 0.0, 0.0, 1.0, 0.0, 0.0, 60, 1, 10.0, 420801.0] 0.9466833333333333
[1.0, 1.0, 1, 0.0, 1.0, 0.0, 0, 0.0, 0.0, 1.0, 1.0, 90, 16.0, 10.0, 302312.2] 0.4371964968710159
[1, 1, 1, 1.0, 1, 0, 0, 0.0, 0.0, 1, 0, 100, 4096, 10, 302449.8] 0.4374258168273517
[1.0, 1, 1.0, 1.0, 1.0, 0.0, 0, 0.0, 1.0, 0, 0.0, 10, 8, 10, 416014.6] 0.8669099999999996
[1.0, 0.0, 0, 0.0, 1.0, 0.0, 0.0, 0.0, 0.0, 1.0, 1.0, 60.0, 16.0, 10.0, 302225.6] 0.4370521719566358
[1.0, 0.0, 1.0, 1.0, 1.0, 0.0, 0.0, 0.0, 1.0, 0.0, 1, 0.0, 1.0, 10.0, 424574.6] 1.0
[1.0, 1.0, 0.0, 1.0, 1.0, 0, 0, 0.0, 0.0, 1, 1.0, 90.0, 1024, 10.0, 303458.4] 0.43910671877473817
[1, 0, 1.0, 1.0, 1.0, 0.0, 0, 0.0, 1, 0, 1, 50.0, 32.0, 10.0, 414385.2] 0.8397533333333336
[1.0, 0.0, 1.0, 1, 1, 0.0, 0.0, 0, 1.0, 0.0, 1.0, 50, 1, 10.0, 420763.0] 0.9460500000000001
[1.0, 1.0, 0, 1.0, 1.0, 0.0, 0.0, 0.0, 1.0, 0.0, 0.0, 0, 32, 10.0, 421086.8] 0.9514466666666664
[1.0, 1.0, 0, 1.0, 1, 0, 0, 0.0, 0.0, 1.0, 1, 10.0, 1024, 10.0, 303251.6] 0.4387620722124542
[1, 0.0, 1.0, 1.0, 1, 0.0, 0.0, 0, 1.0, 0.0, 1, 50, 2, 10, 418064.0] 0.9010666666666667
[1, 0, 1, 1, 1.0, 0.0, 1.0, 0.0, 0.0, 0.0, 1, 0.0, 64, 10, 132163.4] 0.16310538250387874
[1.0, 1, 1.0, 1, 1.0, 0.0, 0.0, 0, 0, 1.0, 0, 10.0, 512.0, 10.0, 302257.2] 0.43710483555125956
[1.0, 1, 1, 1, 1, 1.0, 0.0, 0, 0.0, 0.0, 1.0, 0.0, 256, 10, 131741.4] 0.16254578244553183
[1.0, 1, 1.0, 1.0, 1.0, 0, 0.0, 0.0, 0.0, 1.0, 1, 100, 256, 10.0, 301769.8] 0.4362925496012732
[1.0, 1.0, 0.0, 1, 1, 0, 0.0, 0.0, 1, 0.0, 0.0, 0, 1.0, 10.0, 421349.8] 0.9558299999999998
[1.0, 0, 0.0, 0, 1.0, 0.0, 0.0, 0.0, 0.0, 1.0, 1.0, 40.0, 512.0, 10, 303522.4] 0.43921337921954556
[1, 1.0, 0.0, 0, 1.0, 0.0, 0.0, 0.0, 0, 1.0, 0.0, 30, 256.0, 10.0, 302751.6] 0.4379287874873965
[1, 0, 1.0, 1.0, 1.0, 0.0, 0, 0, 1, 0.0, 0.0, 100, 128, 10, 417364.0] 0.8894
[1.0, 1.0, 0, 1.0, 1.0, 0.0, 0.0, 0.0, 1.0, 0.0, 0.0, 50, 16, 10, 416554.8] 0.8759133333333331
