[1, 0, 0, 1.0, 1, 0.0, 0, 0, 0.0, 1, 1, 40, 64, 10.0, 301534.2] 0.4358999058388261
[1, 0, 1, 1, 1, 0.0, 0, 0.0, 1.0, 0.0, 1, 0, 1, 10.0, 424574.6] 1.0
[1, 1, 1, 1.0, 1, 0, 0, 0, 1, 0, 0, 0, 2, 10, 421697.4] 0.9616233333333337
[1, 0, 0.0, 1.0, 1, 0, 0.0, 0.0, 1.0, 0.0, 0, 0, 8, 10, 422061.6] 0.967693333333333
[1.0, 1, 0.0, 1.0, 1, 1, 0, 0, 0.0, 0.0, 1, 0.0, 64, 8.0, 131931.4] 0.16279773507843684
[1.0, 0.0, 1, 1.0, 1, 0.0, 0, 0.0, 1, 0.0, 1, 0, 1, 10.0, 424574.6] 1.0
[1.0, 1.0, 0.0, 1.0, 1.0, 0.0, 1.0, 0.0, 0.0, 0.0, 0, 70, 1.0, 10, 125449.2] 0.15420190688361116
[1, 0.0, 0, 1, 1, 0, 0, 0.0, 1, 0, 0, 0, 1024, 10, 421959.2] 0.9659866666666669
[1.0, 0.0, 1, 1, 1, 0.0, 0.0, 0.0, 1.0, 0.0, 1.0, 0, 1, 10.0, 424574.6] 1.0
[1, 1, 0, 1, 1.0, 0, 0.0, 0, 1, 0, 1, 90, 2, 10.0, 421820.2] 0.9636700000000002
[1.0, 1.0, 1.0, 1, 1, 0, 0, 0, 1, 0, 0, 70, 4, 10.0, 418398.2] 0.9066366666666669
[1, 0, 0, 1.0, 1.0, 0.0, 0, 0.0, 1, 0.0, 1, 0, 16, 10, 421936.6] 0.9656099999999996
[1.0, 0.0, 1, 1, 1, 0.0, 0, 0.0, 1, 0, 0, 100, 8, 10.0, 417626.4] 0.8937733333333338
[1, 1, 1, 1.0, 1, 0.0, 0.0, 0, 1.0, 0.0, 0, 0, 128, 10, 422401.4] 0.9733566666666671
[1.0, 1, 1.0, 1.0, 1, 0.0, 0.0, 0.0, 1.0, 0.0, 0, 0.0, 128, 10.0, 422401.4] 0.9733566666666671
[1.0, 1, 0, 1, 1.0, 0.0, 0, 0.0, 0.0, 1.0, 1, 40, 2048, 10.0, 303936.6] 0.4399036722857833
[1, 0, 1, 1, 1.0, 0, 0, 0, 1, 0.0, 1, 0, 1, 10, 424574.6] 1.0
[1.0, 0, 1, 0, 1.0, 0.0, 0.0, 0, 0.0, 1, 1.0, 40, 1024, 10.0, 303744.6] 0.4395836909513611
[1, 0.0, 0.0, 1, 1.0, 0.0, 0.0, 0.0, 0.0, 1.0, 1, 50, 64.0, 10.0, 303834.2] 0.4397330155740915
[1.0, 0, 1, 1.0, 1, 0, 0.0, 0.0, 1.0, 0.0, 1, 0, 1, 10.0, 424574.6] 1.0
[1, 0, 0, 0, 1.0, 0.0, 0, 0, 0, 1.0, 1, 60, 256, 10.0, 304254.4] 0.44043330805703007
[1, 0, 1.0, 0.0, 1.0, 0.0, 0, 0.0, 0, 1.0, 0, 60, 512, 10.0, 303686.8] 0.4394873632371445
[1, 0.0, 0.0, 1, 1, 0, 0.0, 0.0, 1, 0.0, 1, 0, 16, 10.0, 421936.6] 0.9656099999999996
[1.0, 0.0, 1.0, 0.0, 1, 0, 0, 0, 0.0, 1.0, 0, 60, 256, 10.0, 304798.6] 0.44134025515178277
[1, 0.0, 1.0, 0.0, 1.0, 0.0, 0.0, 0.0, 0.0, 1.0, 1, 40, 128, 10.0, 303736.4] 0.43957002508187026
[1, 0.0, 0, 1.0, 1.0, 0, 0.0, 0.0, 1, 0, 0, 60, 1, 10.0, 420801.0] 0.9466833333333333
[1, 0, 1, 1.0, 1, 0.0, 0, 0.0, 1.0, 0.0, 1, 0, 4, 10.0, 422067.4] 0.9677900000000004
[1, 1.0, 0, 1.0, 1, 0.0, 0.0, 0.0, 1.0, 0, 1.0, 0, 256, 10.0, 422061.4] 0.9676900000000004
[1.0, 0, 1, 0.0, 1, 0, 0, 0.0, 0, 1, 0, 60, 256.0, 10, 304798.6] 0.44134025515178277
[1.0, 0.0, 0, 1.0, 1.0, 0, 0, 0.0, 1, 0, 1, 0.0, 64, 10, 421875.8] 0.9645966666666664
