[1.0, 0.0, 1.0, 0, 0.0, 0, 0.0, 0.0, 0.0, 0.0, 0.0, 1.0, 1, 0.0, 0.0, 0.0, 0.0, 0.0, 0.0, 0, 1.0, 0.0, 0.0, 1.0, 0.0, 0.0, 0, 0.0, 0, 0.0, 0.0, 3605.418] 0.1801844049275086
[1.0, 1.0, 0.0, 1.0, 1.0, 1.0, 1.0, 1.0, 0.0, 0.0, 1.0, 1.0, 1.0, 1.0, 0.0, 1.0, 0.0, 0.0, 1.0, 0.0, 0.0, 1.0, 0.0, 0.0, 0.0, 0.0, 0.0, 1.0, 0.0, 0.0, 0.0, 2310.772] 0.11516830967171705
[1.0, 0.0, 1.0, 0.0, 1.0, 0.0, 0.0, 1.0, 0.0, 0.0, 0.0, 1.0, 1.0, 1.0, 0.0, 0.0, 0.0, 0.0, 0.0, 0.0, 0.0, 0.0, 1.0, 1.0, 0.0, 1.0, 0.0, 1.0, 0.0, 0.0, 0.0, 4065.202] 0.23725828571428587
[1.0, 1.0, 1.0, 1.0, 0.0, 1.0, 0.0, 0.0, 1.0, 0.0, 0.0, 1.0, 1.0, 0.0, 1.0, 1.0, 0.0, 0.0, 1.0, 0.0, 0.0, 1.0, 0.0, 0.0, 0.0, 1.0, 0.0, 1.0, 0.0, 1.0, 0.0, 2798.742] 0.13967377603238137
[1.0, 0.0, 1.0, 0.0, 1.0, 0.0, 0.0, 1.0, 0.0, 0.0, 0.0, 1.0, 1.0, 1.0, 1.0, 0.0, 0.0, 0.0, 0.0, 0.0, 1.0, 0.0, 0.0, 1.0, 0.0, 1.0, 0.0, 0.0, 0.0, 0.0, 0.0, 3720.606] 0.18596905492474655
[1.0, 0.0, 1.0, 0.0, 1, 0.0, 0.0, 1, 1, 0.0, 0.0, 1, 1.0, 0, 1.0, 0.0, 0, 0.0, 0.0, 0.0, 1.0, 0.0, 0.0, 1, 0.0, 0, 0.0, 1.0, 0.0, 0.0, 0.0, 4633.596] 0.5620548571428569
[1.0, 0.0, 0, 0, 1.0, 0.0, 1.0, 0.0, 0.0, 0.0, 0.0, 1.0, 1, 1.0, 1.0, 0.0, 0.0, 0.0, 0.0, 0.0, 0.0, 1.0, 0.0, 0.0, 0.0, 0.0, 0.0, 0.0, 0.0, 0.0, 0.0, 1484.698] 0.07368352860234927
[1.0, 1, 1.0, 0.0, 0.0, 0.0, 0.0, 1.0, 0.0, 0, 0.0, 1.0, 1.0, 1.0, 0.0, 0.0, 0.0, 0.0, 0.0, 0.0, 1.0, 0.0, 0.0, 1, 0.0, 1.0, 0.0, 1.0, 0.0, 0.0, 0.0, 4660.808] 0.5776045714285714
[1.0, 1.0, 1.0, 1.0, 0.0, 1.0, 0.0, 1.0, 1.0, 0.0, 1.0, 1.0, 1.0, 0.0, 1.0, 1.0, 0.0, 0.0, 1.0, 0.0, 1.0, 0.0, 0.0, 1.0, 0.0, 0.0, 0.0, 0.0, 0.0, 0.0, 0.0, 3747.904] 0.1873399388330061
[1.0, 0.0, 0.0, 0.0, 0.0, 0.0, 0.0, 1.0, 1.0, 0.0, 1.0, 1.0, 1.0, 1.0, 1.0, 0.0, 0.0, 0.0, 0.0, 0.0, 1.0, 0.0, 0.0, 1.0, 0.0, 1.0, 0.0, 0.0, 0.0, 0.0, 0.0, 2807.502] 0.1401136962842809
[1.0, 0.0, 1.0, 1.0, 1.0, 1.0, 1.0, 1.0, 1.0, 0.0, 1.0, 1.0, 1.0, 0.0, 0.0, 1.0, 0.0, 1.0, 1.0, 0.0, 0.0, 1.0, 0.0, 0.0, 0.0, 0.0, 0.0, 0.0, 0.0, 0.0, 0.0, 2624.908] 0.130943970430931
[1.0, 1.0, 1.0, 0.0, 1.0, 0.0, 0.0, 1.0, 0.0, 0.0, 0.0, 1.0, 1.0, 0.0, 1.0, 0.0, 0.0, 0.0, 0.0, 0.0, 0.0, 0.0, 1.0, 1.0, 0.0, 0.0, 0.0, 1.0, 0.0, 0.0, 0.0, 4080.452] 0.24597257142857157
[1.0, 1.0, 0.0, 0.0, 1.0, 0.0, 0.0, 1.0, 0.0, 0.0, 0.0, 1.0, 1.0, 1.0, 1.0, 0.0, 0.0, 0.0, 0.0, 0.0, 1.0, 0.0, 0.0, 1.0, 0.0, 0.0, 0.0, 1.0, 0.0, 0.0, 0.0, 3289.876] 0.1643381359634806
[1.0, 0.0, 0.0, 0.0, 1.0, 1.0, 0.0, 0.0, 1.0, 0.0, 1.0, 1.0, 1.0, 0.0, 1.0, 1.0, 0.0, 1.0, 1.0, 0.0, 0.0, 0.0, 1.0, 1.0, 0.0, 0.0, 0.0, 0.0, 0.0, 0.0, 0.0, 2491.084] 0.12422343529506295
[1.0, 1.0, 1.0, 0.0, 1, 0.0, 0.0, 1.0, 0, 0.0, 0.0, 1, 1, 0.0, 0.0, 0.0, 0.0, 0.0, 0.0, 0.0, 1.0, 0.0, 0.0, 1.0, 0.0, 1.0, 0.0, 1.0, 0.0, 0.0, 0.0, 4671.844] 0.5839108571428571
[1, 1.0, 1, 1.0, 0.0, 1, 0.0, 0.0, 1.0, 0.0, 0, 1, 1.0, 0.0, 1.0, 1.0, 0.0, 0.0, 1.0, 0.0, 0.0, 1.0, 0.0, 0.0, 0.0, 1.0, 0.0, 1.0, 0.0, 1.0, 0.0, 2798.742] 0.13967377603238137
[1.0, 0.0, 1, 0.0, 0, 0, 0.0, 0.0, 1, 0.0, 0.0, 1.0, 1.0, 0, 1.0, 0.0, 0.0, 0.0, 0.0, 0.0, 1.0, 0.0, 0.0, 0.0, 0.0, 0.0, 0.0, 0.0, 0.0, 1.0, 0.0, 1321.962] 0.06551105575838535
[1.0, 0.0, 1.0, 1.0, 1.0, 1.0, 0.0, 1.0, 1.0, 0.0, 0.0, 1.0, 1.0, 0.0, 1.0, 1.0, 0.0, 0.0, 1.0, 0.0, 0.0, 1.0, 0.0, 0.0, 0.0, 0.0, 1.0, 1.0, 0.0, 0.0, 0.0, 2374.31] 0.1183591376357802
[1.0, 0.0, 1, 0.0, 0, 0, 1, 0, 0.0, 0, 0, 1.0, 1.0, 0, 0.0, 0.0, 0.0, 0, 0.0, 0.0, 1, 0, 0, 0, 0, 0.0, 0.0, 0.0, 0.0, 0.0, 0, 1997.908] 0.09945652774360081
[1, 1.0, 0.0, 0.0, 0.0, 0.0, 0.0, 1.0, 0.0, 0.0, 1.0, 1.0, 1.0, 1.0, 1.0, 0.0, 0.0, 0.0, 0.0, 0.0, 0.0, 0.0, 1.0, 1.0, 0.0, 0.0, 0.0, 1.0, 0.0, 0.0, 0.0, 2900.648] 0.144791414524399
[1.0, 1.0, 1.0, 0.0, 1.0, 1.0, 1.0, 1.0, 1.0, 0.0, 0.0, 1.0, 1.0, 0.0, 0.0, 1.0, 0.0, 1.0, 0.0, 0.0, 1.0, 0.0, 0.0, 0.0, 0.0, 1.0, 0.0, 1.0, 0.0, 0.0, 0.0, 3084.696] 0.15403415910449111
[1.0, 0.0, 1, 0.0, 1.0, 0.0, 0.0, 1.0, 1.0, 0.0, 1.0, 1.0, 1, 0, 0.0, 0.0, 0.0, 0.0, 0.0, 0.0, 1.0, 0.0, 0.0, 1.0, 0.0, 0, 0.0, 1.0, 0, 0, 0, 4670.028] 0.582873142857143
[1.0, 1.0, 1.0, 1.0, 1.0, 1.0, 1.0, 1.0, 1.0, 0.0, 1.0, 1.0, 1.0, 1.0, 0.0, 1.0, 0.0, 0.0, 0.0, 0.0, 0.0, 1.0, 0.0, 0.0, 0.0, 0.0, 0.0, 0.0, 0.0, 0.0, 0.0, 2627.14] 0.13105605970059309
[1.0, 1.0, 1.0, 0, 1.0, 1.0, 0.0, 1.0, 0.0, 0.0, 1.0, 1.0, 1.0, 0.0, 1.0, 1.0, 0.0, 1.0, 0.0, 0.0, 0.0, 0.0, 1.0, 1, 0.0, 0.0, 0.0, 1, 0, 0.0, 0, 4051.464] 0.22940799999999997
[1.0, 1.0, 1.0, 1.0, 1.0, 1.0, 0.0, 1.0, 1.0, 0.0, 1.0, 1.0, 1.0, 0.0, 0.0, 0.0, 0.0, 0.0, 1.0, 0.0, 0.0, 1.0, 0.0, 1.0, 0.0, 0.0, 0.0, 0.0, 0.0, 0.0, 0.0, 4233.858] 0.33363314285714296
[1.0, 0.0, 1.0, 0, 0.0, 0, 0.0, 1.0, 0, 0.0, 1.0, 1.0, 1.0, 0.0, 1.0, 0.0, 0, 0.0, 0.0, 0.0, 0.0, 0.0, 1.0, 1.0, 0.0, 1, 0.0, 1.0, 0, 0.0, 0.0, 4047.816] 0.22732342857142845
[1.0, 1.0, 0.0, 0.0, 1.0, 0.0, 0.0, 1.0, 0.0, 0.0, 0.0, 1.0, 1.0, 1.0, 0.0, 0.0, 0.0, 0.0, 0.0, 0.0, 0.0, 0.0, 1.0, 1.0, 0.0, 1.0, 0.0, 1.0, 0.0, 0.0, 0.0, 2915.426] 0.1455335539630487
[1.0, 1.0, 0.0, 0.0, 1.0, 0.0, 0.0, 1.0, 0.0, 0.0, 1.0, 1.0, 1.0, 0.0, 1.0, 0.0, 0.0, 0.0, 0.0, 0.0, 0.0, 0.0, 1.0, 1.0, 0.0, 0.0, 0.0, 1.0, 0.0, 0.0, 0.0, 2901.328] 0.14482556358504875
[1, 0, 1, 0.0, 1, 0, 0, 1.0, 0, 0.0, 1.0, 1.0, 1, 1.0, 0, 0.0, 0, 0.0, 0, 0, 1, 0.0, 0.0, 1, 0.0, 0, 0.0, 1, 0, 0, 0, 4667.234] 0.5812765714285717
[1.0, 1.0, 1.0, 1.0, 0.0, 1.0, 0.0, 1.0, 1.0, 0.0, 1.0, 1.0, 1.0, 0.0, 1.0, 1.0, 0.0, 0.0, 1.0, 0.0, 1.0, 0.0, 0.0, 1.0, 0.0, 0.0, 0.0, 0.0, 0.0, 0.0, 0.0, 3747.904] 0.1873399388330061
