[1.0, 0, 0.0, 0, 1.0, 0.0, 0.0, 1.0, 0.0, 0.0, 0.0, 1.0, 1, 1.0, 1, 1, 0, 0.0, 0.0, 0.0, 0, 1.0, 0, 1.0, 0.0, 1.0, 0.0, 0.0, 0, 0.0, 0.0, 3118.216] 0.15571750691769576
[1, 1, 1.0, 0.0, 0.0, 0.0, 0, 1.0, 0.0, 0.0, 0.0, 1.0, 1.0, 1, 1.0, 0.0, 0.0, 0.0, 0, 0.0, 0.0, 0.0, 1.0, 1, 0.0, 0, 0, 1.0, 0.0, 0.0, 0.0, 4044.804] 0.22560228571428578
[1.0, 0.0, 0.0, 0, 0, 0.0, 0.0, 1, 1.0, 0.0, 1.0, 1.0, 1.0, 1, 0.0, 0.0, 0.0, 0.0, 0.0, 0.0, 0.0, 0.0, 1.0, 1, 0.0, 1.0, 0.0, 1.0, 0, 0, 0.0, 2873.862] 0.14344624285004046
[1, 0, 1, 0, 1, 0.0, 0.0, 1.0, 1.0, 0.0, 0.0, 1, 1.0, 1, 1.0, 0.0, 0.0, 0.0, 0, 0, 1.0, 0.0, 0.0, 1, 0, 0, 0.0, 0.0, 0.0, 0.0, 0.0, 3721.696] 0.18602379386019977
[1.0, 0.0, 0.0, 1, 0.0, 1.0, 1.0, 1.0, 0.0, 0.0, 1.0, 1.0, 1.0, 1.0, 1.0, 1.0, 0.0, 1.0, 0.0, 0.0, 1.0, 0, 0.0, 0.0, 0.0, 1.0, 0.0, 1.0, 0, 0.0, 0.0, 1604.072] 0.07967839619941042
[1.0, 1.0, 1.0, 1.0, 0.0, 1.0, 0.0, 0.0, 0.0, 0.0, 1.0, 1.0, 1.0, 1.0, 1.0, 1.0, 0.0, 0.0, 1.0, 0.0, 0.0, 1.0, 0.0, 0.0, 0.0, 0.0, 1.0, 1.0, 0.0, 0.0, 0.0, 2302.474] 0.11475159069337659
[1.0, 0.0, 1.0, 0.0, 0.0, 0.0, 0.0, 1.0, 0.0, 0.0, 1.0, 1.0, 1.0, 1.0, 0.0, 0.0, 0.0, 0.0, 0.0, 0.0, 1.0, 0.0, 0.0, 1.0, 0.0, 1.0, 0.0, 1.0, 0.0, 0.0, 0.0, 4648.942] 0.570824
[1.0, 0, 1.0, 0, 1, 0.0, 0.0, 1.0, 0.0, 0, 1.0, 1.0, 1.0, 0.0, 1.0, 0.0, 0.0, 0.0, 0.0, 0.0, 0.0, 0.0, 1, 1, 0.0, 0, 0.0, 1.0, 0, 0.0, 0.0, 4050.336] 0.22876342857142845
[1, 0.0, 1, 1, 1.0, 1.0, 1.0, 1, 1.0, 0.0, 1.0, 1.0, 1.0, 0.0, 0.0, 1.0, 0.0, 1.0, 1.0, 0.0, 0.0, 1, 0.0, 0.0, 0.0, 0.0, 0.0, 0.0, 0.0, 0.0, 0.0, 2624.908] 0.130943970430931
[1.0, 0.0, 0.0, 1.0, 0.0, 0.0, 0.0, 0.0, 0.0, 0.0, 0.0, 1.0, 1.0, 0.0, 0.0, 1.0, 0.0, 0.0, 0.0, 0.0, 1.0, 0.0, 0.0, 1.0, 0.0, 0.0, 0.0, 0.0, 0.0, 0.0, 0.0, 2776.042] 0.1385338000371622
[1.0, 1.0, 0.0, 0.0, 1.0, 0.0, 0.0, 1.0, 0.0, 0.0, 0.0, 1.0, 1.0, 1.0, 1.0, 1.0, 0.0, 0.0, 0.0, 0.0, 0.0, 1.0, 0.0, 1.0, 0.0, 0.0, 0.0, 0.0, 0.0, 0.0, 0.0, 3117.156] 0.15566427455844764
[1.0, 0.0, 1.0, 0.0, 1.0, 0.0, 0.0, 1.0, 0.0, 0.0, 0.0, 1.0, 1.0, 1.0, 1.0, 0.0, 0.0, 0.0, 0.0, 0.0, 1.0, 0.0, 0.0, 1.0, 0.0, 1.0, 0.0, 0.0, 0.0, 0.0, 0.0, 3720.606] 0.18596905492474655
[1.0, 0.0, 0.0, 0.0, 1.0, 0.0, 0.0, 1.0, 1, 0.0, 0.0, 1.0, 1, 0, 1.0, 0, 0.0, 0.0, 0.0, 0, 0.0, 0, 1, 1.0, 0.0, 1, 0, 1, 0.0, 0, 0, 2892.104] 0.14436234162117642
[1.0, 0.0, 0.0, 0.0, 0.0, 0.0, 0.0, 1.0, 0.0, 0.0, 1.0, 1.0, 1.0, 1.0, 1.0, 0.0, 0.0, 0.0, 0.0, 0.0, 1.0, 0.0, 0.0, 1.0, 0.0, 1.0, 0.0, 1.0, 0.0, 0.0, 0.0, 3260.574] 0.162866612764718
[1, 1, 1, 0.0, 0.0, 0, 0.0, 1.0, 0, 0.0, 1, 1, 1, 0, 0, 0.0, 0.0, 0, 0.0, 0.0, 0.0, 0.0, 1.0, 1.0, 0, 1, 0, 1, 0.0, 0, 0, 4037.708] 0.22154742857142862
[1.0, 1.0, 1.0, 1.0, 0.0, 1.0, 0.0, 1.0, 1.0, 0.0, 1.0, 1.0, 1.0, 1.0, 1.0, 1.0, 0.0, 0.0, 0.0, 0.0, 0.0, 1.0, 0.0, 1.0, 0.0, 0.0, 0.0, 0.0, 0.0, 0.0, 0.0, 4105.068] 0.26003885714285724
[1.0, 1.0, 1.0, 0.0, 1.0, 0.0, 0.0, 1.0, 0.0, 0.0, 0.0, 1.0, 1.0, 0.0, 0.0, 0.0, 0.0, 0.0, 0.0, 0.0, 1.0, 0.0, 0.0, 1.0, 0.0, 1.0, 0.0, 1.0, 0.0, 0.0, 0.0, 4671.844] 0.5839108571428571
[1, 0.0, 1.0, 0.0, 0.0, 0.0, 1.0, 0.0, 0.0, 0.0, 0.0, 1.0, 1.0, 0.0, 0.0, 0, 0.0, 0.0, 0.0, 0.0, 0.0, 0.0, 1.0, 0.0, 0.0, 0.0, 0.0, 0.0, 0.0, 0.0, 0.0, 1804.0] 0.08971862178408754
[1.0, 1.0, 0.0, 0.0, 0.0, 1.0, 0.0, 1.0, 1.0, 0.0, 0.0, 1.0, 1.0, 1.0, 1.0, 1.0, 0.0, 1.0, 0.0, 0.0, 0.0, 1.0, 0.0, 0.0, 0.0, 0.0, 0.0, 0.0, 0.0, 1.0, 0.0, 855.668] 0.04209414092513823
[1.0, 0.0, 0.0, 0.0, 1.0, 1.0, 0.0, 0.0, 1.0, 0.0, 1.0, 1.0, 1.0, 1.0, 0.0, 1.0, 0.0, 1.0, 1.0, 0.0, 0.0, 0.0, 1.0, 1.0, 0.0, 0.0, 0.0, 0.0, 0.0, 0.0, 0.0, 2487.438] 0.12404033606693217
[1.0, 0.0, 0, 0.0, 0.0, 0.0, 0.0, 0.0, 0.0, 0.0, 0.0, 1, 1.0, 0.0, 1.0, 0, 0.0, 0.0, 0.0, 0.0, 1.0, 0.0, 0.0, 1, 0.0, 0, 0.0, 0.0, 0.0, 0.0, 0.0, 2728.81] 0.136161846459797
[1, 1.0, 0.0, 0.0, 1.0, 0, 0, 1.0, 1.0, 0.0, 0.0, 1.0, 1.0, 0.0, 0.0, 0.0, 0.0, 0.0, 0.0, 0.0, 0.0, 0.0, 1.0, 1.0, 0.0, 1.0, 0.0, 1.0, 0, 0.0, 0, 2884.448] 0.1439778633736259
[1.0, 1.0, 0.0, 0, 1.0, 0.0, 0.0, 1.0, 1.0, 0.0, 0.0, 1.0, 1.0, 0.0, 1.0, 0.0, 0.0, 0.0, 0.0, 0.0, 1.0, 0.0, 0.0, 1.0, 0.0, 0, 0.0, 1.0, 0.0, 0.0, 0.0, 3268.828] 0.1632811220979576
[1.0, 1.0, 1.0, 1.0, 1.0, 1.0, 0.0, 1.0, 0.0, 0.0, 1.0, 1.0, 1.0, 0.0, 1.0, 1.0, 0.0, 0.0, 0.0, 0.0, 0.0, 0.0, 1.0, 1.0, 0.0, 0.0, 0.0, 1.0, 0.0, 0.0, 0.0, 4043.698] 0.22497028571428565
[1, 1.0, 1.0, 0.0, 0.0, 0.0, 0.0, 1.0, 1.0, 0.0, 1, 1, 1.0, 0.0, 1.0, 0.0, 0.0, 0.0, 0.0, 0.0, 1.0, 0.0, 0.0, 1.0, 0.0, 0.0, 0, 0.0, 0.0, 0.0, 0.0, 3670.28] 0.18344172312142504
[1.0, 0.0, 1.0, 0.0, 0.0, 0.0, 1.0, 0.0, 0.0, 0.0, 0.0, 1.0, 1.0, 0.0, 0.0, 0.0, 0.0, 0.0, 0.0, 0.0, 1.0, 0.0, 0.0, 0.0, 0.0, 0.0, 0.0, 0.0, 0.0, 0.0, 0.0, 1997.908] 0.09945652774360081
[1.0, 1.0, 1.0, 0.0, 0.0, 0.0, 0.0, 1.0, 0.0, 0.0, 0.0, 1.0, 1.0, 1.0, 1.0, 0.0, 0.0, 0.0, 0.0, 0.0, 0.0, 0.0, 1.0, 1.0, 0.0, 0.0, 0.0, 1.0, 0.0, 0.0, 0.0, 4044.804] 0.22560228571428578
[1.0, 0.0, 1.0, 0.0, 0, 0.0, 0.0, 1, 0.0, 0.0, 0, 1.0, 1.0, 1.0, 0.0, 0, 0.0, 1.0, 1.0, 0.0, 0, 0.0, 1, 0.0, 0.0, 0.0, 0.0, 0, 1.0, 0.0, 0, 880.562] 0.0433442978601596
[1.0, 0.0, 1.0, 0, 1, 0.0, 0, 1.0, 0, 0.0, 1.0, 1.0, 1, 0, 0.0, 0.0, 0.0, 0.0, 0.0, 0, 1.0, 0.0, 0.0, 1.0, 0, 1.0, 0.0, 1.0, 0.0, 0.0, 0.0, 4665.856] 0.5804891428571427
[1.0, 0.0, 1.0, 0.0, 0, 0.0, 1, 0.0, 0.0, 0.0, 0.0, 1, 1, 0, 0, 0.0, 0.0, 0, 0.0, 0, 0.0, 0.0, 1.0, 0.0, 0, 0, 0.0, 0.0, 0.0, 0.0, 0.0, 1804.0] 0.08971862178408754
