[0.0, 1.0, 1.0, 0.0, 1.0, 0.0, 0.0, 0.0, 0.0, 1.0, 1.0, 0.0, 46.17743444] 0
[0.0, 1, 1, 1, 1.0, 1.0, 1.0, 0, 0, 0, 0, 1, 171.5690527] 0.9657602233486782
[0.0, 1, 1.0, 1.0, 1.0, 1.0, 1.0, 0, 0, 0.0, 0, 1.0, 171.5690527] 0.9657602233486782
[0.0, 1.0, 0.0, 1.0, 0.0, 1.0, 0.0, 0.0, 1.0, 0.0, 0.0, 0.0, 78.00974703] 0
[0.0, 1, 1, 1.0, 1.0, 1.0, 1.0, 1.0, 1.0, 0.0, 1, 1.0, 170.6282685] 0.23533562499999428
[1.0, 1.0, 0.0, 1.0, 1.0, 1.0, 1.0, 0.0, 0.0, 1.0, 1.0, 0.0, 170.7705431] 0.41317887500000106
[0.0, 1.0, 0.0, 0.0, 1.0, 1.0, 1.0, 1.0, 0.0, 0.0, 1.0, 0.0, 66.26126981] 0
[1.0, 0.0, 1.0, 1.0, 0.0, 1.0, 1.0, 1.0, 1.0, 1.0, 1.0, 1.0, 98.6732583] 0
[0.0, 1.0, 1, 1.0, 1.0, 1.0, 1, 0.0, 0.0, 0, 0.0, 1.0, 171.5690527] 0.9657602233486782
[0.0, 1, 1, 1.0, 1.0, 1.0, 1.0, 0.0, 0.0, 0, 1, 0, 171.6423678] 1.0
[0.0, 1.0, 1.0, 1.0, 1.0, 1.0, 1.0, 0.0, 0.0, 0.0, 1, 0, 171.6423678] 1.0
[1, 1.0, 0, 1, 1.0, 1.0, 1.0, 0.0, 0, 1, 1, 0.0, 170.7705431] 0.41317887500000106
[0.0, 0.0, 1.0, 0.0, 1.0, 1.0, 1.0, 1.0, 0.0, 0.0, 1.0, 0.0, 3.172208071] 0
[0.0, 1.0, 1, 1.0, 1, 1.0, 1.0, 0.0, 0, 0, 0.0, 1.0, 171.5690527] 0.9657602233486782
[0.0, 0.0, 0.0, 0.0, 0.0, 0.0, 0.0, 0.0, 1.0, 1.0, 1.0, 1.0, 1.101543427] 0
[0, 1.0, 0.0, 1.0, 1.0, 1.0, 1.0, 1.0, 0.0, 0, 1, 0, 170.735281] 0.36910124999998756
[0.0, 1.0, 0.0, 1.0, 1.0, 1.0, 1.0, 1.0, 1.0, 0, 1.0, 0.0, 170.2122025] 0.04953163558099724
[1, 1.0, 0.0, 1.0, 1.0, 1.0, 1.0, 0.0, 0.0, 1.0, 1.0, 0.0, 170.7705431] 0.41317887500000106
[0.0, 1.0, 1.0, 1, 1.0, 1.0, 1.0, 0, 0.0, 1, 0.0, 1.0, 170.6936717] 0.3170896250000181
[0.0, 1.0, 1.0, 1.0, 0.0, 1.0, 0.0, 1.0, 1.0, 0.0, 0.0, 1.0, 77.85242558] 0
[0.0, 1.0, 1, 1.0, 1.0, 1, 1, 0.0, 0.0, 0, 1, 0, 171.6423678] 1.0
[0, 1.0, 1, 1.0, 1, 1.0, 1.0, 0, 0, 0, 0.0, 1.0, 171.5690527] 0.9657602233486782
[0, 1, 1, 1.0, 1.0, 1.0, 1, 0, 0, 0, 0.0, 1, 171.5690527] 0.9657602233486782
[1, 1.0, 0.0, 1.0, 1.0, 1.0, 1.0, 0.0, 0.0, 1.0, 1, 0.0, 170.7705431] 0.41317887500000106
[0.0, 1.0, 0, 1.0, 1, 1.0, 1.0, 1.0, 0.0, 0.0, 1.0, 0.0, 170.735281] 0.36910124999998756
[0.0, 1.0, 1, 1.0, 1, 1, 1.0, 0.0, 0, 0.0, 0.0, 1.0, 171.5690527] 0.9657602233486782
[0, 1.0, 1.0, 1.0, 1.0, 1, 1.0, 0.0, 0.0, 0.0, 1.0, 1, 170.6176486] 0.2220607500000011
[1.0, 1.0, 0.0, 1.0, 1.0, 1.0, 0.0, 1.0, 0.0, 1.0, 1.0, 0.0, 123.0314736] 0
[0.0, 1, 1, 1.0, 1.0, 1.0, 1.0, 0, 0, 0.0, 0, 1.0, 171.5690527] 0.9657602233486782
[0.0, 1.0, 1.0, 1.0, 1.0, 1.0, 1.0, 0.0, 1.0, 0.0, 1.0, 0.0, 170.2916942] 0.08037501668553432
