[1.0, 1.0, 0, 1, 1.0, 1, 1, 1.0, 1.0, 0.0, 0, 0.0, 169.744452] 0.9894033887584603
[1.0, 1.0, 0, 1.0, 1.0, 1.0, 1.0, 0.0, 0.0, 1.0, 1.0, 0.0, 170.7705431] 0.9951323512788756
[0, 1.0, 0.0, 1.0, 1.0, 1.0, 1.0, 0.0, 1.0, 1.0, 1, 0, 170.3049545] 0.9925328358563829
[0.0, 1.0, 1.0, 1.0, 0.0, 1.0, 1.0, 0.0, 1.0, 0.0, 1.0, 0.0, 124.1115963] 0.7346219955616822
[0.0, 1.0, 0.0, 1.0, 1.0, 1.0, 1.0, 0.0, 0.0, 1.0, 1, 0.0, 170.5559134] 0.9939340117678245
[0.0, 1.0, 0.0, 1.0, 1.0, 1.0, 1.0, 0.0, 1, 1.0, 0.0, 1.0, 171.1972303] 0.9975146689665945
[1.0, 1.0, 0.0, 1, 1.0, 1.0, 1, 0.0, 0.0, 1.0, 1, 0.0, 170.7705431] 0.9951323512788756
[0.0, 1.0, 1.0, 1.0, 1.0, 1.0, 1, 0, 1.0, 1.0, 1.0, 0.0, 170.1067212] 0.9914260421750049
[0.0, 1.0, 1, 1.0, 1, 1.0, 1.0, 1.0, 0.0, 1.0, 0.0, 0.0, 169.6873534] 0.9890845908082899
[1.0, 1, 0.0, 1.0, 1.0, 1.0, 0.0, 1.0, 1.0, 0, 0, 0, 124.3490975] 0.7359480332530272
[0.0, 1.0, 1.0, 1.0, 1, 1.0, 0.0, 1.0, 0.0, 1.0, 0.0, 0.0, 125.1657922] 0.7405078752854956
[0.0, 1.0, 1.0, 1.0, 1.0, 1.0, 1.0, 0.0, 0.0, 0.0, 1.0, 0.0, 171.6423678] 1.0
[0, 1, 0.0, 1.0, 1.0, 1.0, 1.0, 0.0, 0, 0.0, 0.0, 1.0, 171.4235804] 0.9987784468508312
[0.0, 1.0, 1.0, 1.0, 1.0, 1.0, 1.0, 1.0, 1.0, 0.0, 1.0, 1.0, 170.6282685] 0.9943379911572381
[0.0, 1.0, 0.0, 1.0, 1.0, 1.0, 1.0, 0.0, 0.0, 0.0, 0.0, 1.0, 171.4235804] 0.9987784468508312
[1.0, 1.0, 0.0, 1, 0.0, 1.0, 0.0, 0.0, 1, 1.0, 1.0, 0.0, 78.44642735] 0.4084126875555555
[0, 1.0, 0.0, 1.0, 1.0, 1.0, 1, 0.0, 0.0, 1, 0, 1, 170.313175] 0.9925787332785504
[1.0, 1.0, 0.0, 1.0, 1.0, 1.0, 1.0, 1.0, 0.0, 1.0, 0.0, 0.0, 170.4227512] 0.993190528803265
[1.0, 1.0, 0.0, 1.0, 1, 1.0, 1.0, 0.0, 0.0, 1.0, 0.0, 1.0, 170.3418882] 0.9927390473546018
[1.0, 1.0, 0.0, 1.0, 1.0, 0.0, 0.0, 0.0, 0.0, 1.0, 0.0, 1.0, 101.7294035] 0.6096557584742475
[0.0, 1.0, 1.0, 1, 1.0, 1, 1.0, 1.0, 1.0, 0.0, 0.0, 0.0, 169.9536264] 0.9905712697563858
[0, 1.0, 0.0, 1.0, 1, 1.0, 1.0, 0.0, 1.0, 1.0, 1.0, 0.0, 170.3049545] 0.9925328358563829
[1.0, 1.0, 0.0, 1.0, 1.0, 1.0, 1.0, 0.0, 0.0, 1, 0.0, 0.0, 170.1990225] 0.9919413869512003
[1.0, 1, 0, 1.0, 1.0, 1.0, 1.0, 0.0, 1.0, 1.0, 0, 0.0, 170.051348] 0.9911168776306134
[0.0, 1.0, 0.0, 1.0, 1.0, 1.0, 1.0, 0.0, 0.0, 1.0, 0, 0.0, 170.2871644] 0.9924335085976876
[1.0, 1.0, 0.0, 1.0, 1.0, 1.0, 1.0, 0.0, 0.0, 1.0, 0.0, 0.0, 170.1990225] 0.9919413869512003
[0, 1.0, 0, 1.0, 0.0, 1.0, 1, 1.0, 1, 0, 0, 0, 124.7782342] 0.7383440272056446
[0.0, 1.0, 1.0, 1.0, 1.0, 1.0, 1.0, 1.0, 1.0, 0.0, 0.0, 1.0, 170.5469792] 0.9938841295527366
[0.0, 1, 1.0, 1.0, 1, 1.0, 1.0, 0.0, 0.0, 0.0, 1.0, 0, 171.6423678] 1.0
[0, 1.0, 0.0, 1, 1, 1.0, 1.0, 0.0, 1, 1.0, 1.0, 1.0, 170.0842576] 0.9913006214180431
