[0.0, 1.0, 0.0, 1.0, 1.0, 1.0, 1.0, 1.0, 0.0, 0.0, 1.0, 1.0, 169.2854667] 0.9868407414641592
[0, 1.0, 0.0, 1.0, 1.0, 1, 1.0, 1.0, 0, 0.0, 1, 0.0, 170.735281] 0.9949354728055205
[0.0, 1.0, 1, 1.0, 1.0, 1.0, 1.0, 0, 0.0, 0.0, 0.0, 0.0, 171.3028867] 0.9981045791174981
[0.0, 1.0, 1.0, 1, 1.0, 1.0, 1, 1.0, 1.0, 1.0, 1, 0.0, 170.2764871] 0.9923738941526162
[0.0, 1.0, 1, 1, 1.0, 1, 1, 0.0, 0.0, 0.0, 1.0, 0, 171.6423678] 1.0
[1, 1.0, 0.0, 1.0, 1.0, 1.0, 1.0, 0.0, 1.0, 0, 1.0, 1.0, 170.3253386] 0.9926466461651482
[0, 1.0, 1.0, 1.0, 1.0, 1.0, 1.0, 1, 1.0, 0.0, 1.0, 1.0, 170.6282685] 0.9943379911572381
[0.0, 1.0, 1.0, 1.0, 1.0, 1, 0.0, 0.0, 0.0, 0.0, 0, 0, 125.8634958] 0.7444033556914349
[1.0, 1, 0, 1.0, 1.0, 1.0, 1.0, 0.0, 1.0, 0.0, 0.0, 1.0, 170.3206944] 0.9926207162572314
[0, 1.0, 1.0, 1.0, 1.0, 1.0, 1.0, 0, 0, 0.0, 0.0, 1, 171.5690527] 0.9995906606537368
[1.0, 1.0, 0.0, 1.0, 1.0, 1.0, 1.0, 0, 0.0, 1, 1.0, 0.0, 170.7705431] 0.9951323512788756
[0.0, 1.0, 0.0, 1.0, 1.0, 1.0, 1.0, 1, 0.0, 1.0, 1.0, 0.0, 170.5539949] 0.9939233002290581
[0.0, 1, 0, 1.0, 1.0, 1, 1.0, 0.0, 0.0, 1.0, 1, 0.0, 170.5559134] 0.9939340117678245
[1.0, 1.0, 0.0, 1.0, 1.0, 1.0, 1.0, 0.0, 0.0, 0.0, 1.0, 0.0, 170.0809813] 0.9912823288903079
[1.0, 1.0, 1.0, 1, 1.0, 1, 1.0, 0.0, 0.0, 1.0, 1.0, 1.0, 170.6573937] 0.9945006055481043
[0.0, 1.0, 1.0, 1.0, 1.0, 1.0, 1.0, 1.0, 1.0, 1, 1.0, 0.0, 170.2764871] 0.9923738941526162
[0.0, 1, 1, 1.0, 1, 1.0, 1.0, 0, 0.0, 0.0, 1.0, 0, 171.6423678] 1.0
[0.0, 1.0, 1.0, 1.0, 1.0, 1.0, 1.0, 0.0, 1.0, 0.0, 1.0, 0.0, 170.2916942] 0.9924587997774132
[0.0, 1.0, 0.0, 1.0, 1.0, 1.0, 1.0, 0, 0, 0.0, 1.0, 1, 169.7205956] 0.9892701915974363
[0.0, 1.0, 0.0, 1.0, 1.0, 1.0, 1, 0, 1.0, 1.0, 0.0, 1, 171.1972303] 0.9975146689665945
[0, 1.0, 0.0, 1.0, 1, 1.0, 1.0, 0.0, 1.0, 1, 1.0, 0.0, 170.3049545] 0.9925328358563829
[0.0, 1.0, 0.0, 1.0, 1, 1.0, 1, 0.0, 1.0, 0.0, 0, 1, 170.4570768] 0.9933821785270476
[1.0, 1, 1, 1, 1.0, 1.0, 1.0, 1, 0.0, 1, 0.0, 0.0, 170.0739989] 0.9912433441374896
[0, 1.0, 0.0, 1.0, 1, 1, 1, 0.0, 1.0, 1.0, 1.0, 1, 170.0842576] 0.9913006214180431
[0.0, 1.0, 0.0, 1.0, 0.0, 1.0, 1.0, 0.0, 0.0, 0.0, 0.0, 1.0, 124.8248966] 0.7386045568415733
[1.0, 1.0, 0.0, 1.0, 1, 1.0, 1, 0, 0.0, 1.0, 0.0, 1, 170.3418882] 0.9927390473546018
[0.0, 1.0, 1.0, 1, 1.0, 1, 1.0, 0.0, 0.0, 0.0, 1.0, 1.0, 170.6176486] 0.9942786971929201
[0.0, 1.0, 1, 1.0, 1.0, 1.0, 1, 0, 0.0, 0.0, 1, 0.0, 171.6423678] 1.0
[1.0, 1.0, 1, 1.0, 1, 1.0, 1, 1, 0.0, 0.0, 1, 1.0, 170.0389183] 0.9910474790309765
[0.0, 1.0, 0.0, 1.0, 1.0, 1.0, 1.0, 1.0, 0.0, 0.0, 1.0, 0.0, 170.735281] 0.9949354728055205
