[1.0, 1.0, 0.0, 1.0, 1.0, 0.0, 1.0, 0.0, 1.0, 0.0, 0.0, 1, 0.0, 1.0, 512.0, 0.0, 168.1836] 0.4962153846153869
[1.0, 1.0, 1.0, 0.0, 0.0, 0.0, 0.0, 1.0, 0.0, 0.0, 0.0, 1.0, 1.0, 0.0, 2048.0, 5.0, 168.774] 0.6324615384615384
[1.0, 1.0, 0.0, 1.0, 0.0, 0.0, 0.0, 1.0, 0.0, 0.0, 1.0, 1.0, 0.0, 1.0, 4096.0, 9.0, 168.6448] 0.6026461538461543
[1.0, 1.0, 0.0, 1.0, 0.0, 0.0, 1.0, 1.0, 0.0, 0.0, 1, 1.0, 0, 1, 1024.0, 9.0, 168.6846] 0.6118307692307663
[1.0, 1.0, 0.0, 1.0, 1.0, 0.0, 1.0, 1.0, 0.0, 0.0, 1.0, 1.0, 0.0, 1.0, 1024.0, 1.0, 168.6708] 0.6086461538461567
[1.0, 1.0, 0.0, 1.0, 1.0, 0.0, 1.0, 1.0, 0.0, 0.0, 1.0, 1.0, 0.0, 1.0, 2048.0, 1.0, 168.7862] 0.6352769230769246
[1.0, 1.0, 0.0, 1.0, 0.0, 0.0, 1.0, 1, 0, 0.0, 1, 1.0, 0.0, 1, 4096.0, 9.0, 168.5984] 0.5919384615384606
[1.0, 1.0, 1.0, 0.0, 0.0, 0, 0.0, 0.0, 1.0, 0.0, 0, 1.0, 0.0, 1.0, 4096.0, 0.0, 168.6666] 0.60767692307692
[1.0, 1.0, 1.0, 0.0, 0.0, 0, 0.0, 1.0, 0.0, 0.0, 1.0, 1.0, 0, 1.0, 4096.0, 5.0, 169.022] 0.6896923076923056
[1.0, 1.0, 0.0, 1.0, 1.0, 0.0, 0.0, 0.0, 1.0, 0.0, 1.0, 1.0, 0.0, 1.0, 512.0, 0.0, 167.914] 0.43399999999999633
[1.0, 1.0, 0.0, 1.0, 1.0, 0.0, 1, 0.0, 1.0, 0.0, 1.0, 1.0, 0, 1.0, 512.0, 0.0, 168.1186] 0.4812153846153809
[1.0, 1.0, 0.0, 1.0, 1.0, 0.0, 1.0, 1.0, 0.0, 0.0, 0.0, 1.0, 0.0, 1.0, 4096.0, 9.0, 168.4604] 0.5600923076923056
[1, 1.0, 0.0, 1.0, 0.0, 0.0, 1.0, 0.0, 1.0, 0.0, 1.0, 1.0, 0.0, 1.0, 1024, 0.0, 168.7812] 0.6341230769230796
[1.0, 1.0, 0.0, 1, 0.0, 0.0, 0.0, 1.0, 0.0, 0.0, 1.0, 1.0, 0.0, 1.0, 4096.0, 1.0, 168.5062] 0.5706615384615397
[1.0, 1.0, 0, 1.0, 0.0, 0.0, 1.0, 0.0, 1.0, 0.0, 1.0, 1.0, 0.0, 1.0, 2048.0, 0.0, 168.433] 0.5537692307692286
[1.0, 1.0, 0.0, 1.0, 0.0, 0.0, 0.0, 1.0, 0.0, 0.0, 1.0, 1.0, 0, 1, 1024.0, 1.0, 168.913] 0.6645384615384639
[1.0, 1.0, 1.0, 0.0, 0.0, 0.0, 0.0, 1.0, 0.0, 0.0, 1.0, 1.0, 0.0, 1, 4096.0, 5.0, 169.022] 0.6896923076923056
[1, 1.0, 0.0, 1.0, 0.0, 0.0, 0.0, 1.0, 0.0, 0.0, 1.0, 1.0, 0.0, 1, 512.0, 1.0, 168.0402] 0.46312307692307597
[1.0, 1.0, 0.0, 1.0, 0.0, 1.0, 1.0, 1.0, 0.0, 0.0, 0.0, 1.0, 0, 1.0, 2048.0, 9.0, 168.579] 0.5874615384615398
[1.0, 1.0, 0.0, 1.0, 1.0, 0.0, 1.0, 1.0, 0.0, 0.0, 0.0, 1, 0.0, 1.0, 4096.0, 9.0, 168.6014] 0.5926307692307717
[1.0, 1, 0.0, 1.0, 0.0, 0.0, 1.0, 1.0, 0.0, 0.0, 0.0, 1.0, 1.0, 0.0, 4096, 1.0, 167.8172] 0.41166153846154085
[1, 1.0, 0.0, 1.0, 0.0, 0.0, 1.0, 0.0, 1.0, 0.0, 0.0, 1.0, 0.0, 1.0, 4096.0, 0.0, 168.5556] 0.5820615384615376
[1.0, 1.0, 0.0, 1.0, 0.0, 1.0, 0.0, 1, 0.0, 0.0, 1.0, 1.0, 0.0, 1.0, 1024.0, 9.0, 168.5104] 0.5716307692307698
[1.0, 1.0, 0.0, 1, 0.0, 1.0, 0.0, 1.0, 0.0, 0.0, 1.0, 1.0, 1.0, 0.0, 4096.0, 9.0, 168.3036] 0.5239076923076892
[1.0, 1.0, 0.0, 1.0, 0.0, 1.0, 0.0, 1.0, 0.0, 0.0, 1.0, 1.0, 0.0, 1.0, 4096.0, 5.0, 168.417] 0.5500769230769229
[1.0, 1.0, 0.0, 1.0, 0.0, 0.0, 0.0, 1.0, 0.0, 0, 1.0, 1.0, 0.0, 1.0, 1024.0, 1.0, 168.913] 0.6645384615384639
[1.0, 1.0, 0.0, 1.0, 0.0, 0, 0.0, 0.0, 1.0, 0.0, 0.0, 1.0, 0.0, 1.0, 4096.0, 0.0, 168.5406] 0.5786000000000023
[1.0, 1.0, 1.0, 0.0, 0.0, 0.0, 0.0, 1.0, 0.0, 0.0, 1.0, 1.0, 1.0, 0.0, 512.0, 5.0, 168.3518] 0.5350307692307681
[1.0, 1.0, 1.0, 0.0, 0.0, 0.0, 0.0, 1.0, 0, 0.0, 1.0, 1.0, 0.0, 1.0, 2048.0, 5.0, 168.7342] 0.6232769230769197
[1.0, 1.0, 0.0, 1.0, 0.0, 0.0, 0.0, 1.0, 0.0, 0.0, 1.0, 1.0, 0.0, 1.0, 1024.0, 9.0, 168.8482] 0.6495846153846132
