[1, 1.0, 1, 0, 0.0, 0, 0, 1.0, 0.0, 0.0, 1, 1, 0.0, 1.0, 2048, 1, 168.9532] 0.6738153846153867
[1.0, 1.0, 1.0, 0.0, 0.0, 0.0, 0.0, 1.0, 0.0, 0.0, 1.0, 1.0, 0.0, 1.0, 512.0, 9.0, 169.7182] 0.8872799999999984
[1, 1.0, 1, 0.0, 0.0, 0.0, 1, 1.0, 0.0, 0.0, 1.0, 1.0, 0.0, 1, 2048, 5.0, 169.1536] 0.720061538461541
[1.0, 1.0, 0.0, 1.0, 1.0, 0.0, 0.0, 0.0, 1.0, 0.0, 0.0, 1.0, 0.0, 1.0, 512.0, 0.0, 169.2138] 0.7339538461538442
[1.0, 1, 1.0, 0.0, 0.0, 0.0, 0.0, 1.0, 0.0, 0, 1, 1.0, 0.0, 1, 2048, 1, 168.9532] 0.6738153846153867
[1, 1.0, 1.0, 0.0, 0.0, 0, 1.0, 1, 0.0, 0.0, 1, 1.0, 0.0, 1.0, 2048, 5.0, 169.1536] 0.720061538461541
[1, 1.0, 0.0, 1, 1, 0.0, 0.0, 1.0, 0, 0.0, 1, 1.0, 0, 1, 4096.0, 9, 168.8624] 0.65286153846154
[1.0, 1.0, 1.0, 0.0, 0.0, 0.0, 1.0, 1.0, 0.0, 0.0, 1.0, 1.0, 0.0, 1.0, 1024.0, 5.0, 170.4848] 1.0
[1, 1.0, 0.0, 1, 0, 0.0, 0, 1.0, 0.0, 0.0, 1, 1.0, 0, 1.0, 1024.0, 9, 168.8482] 0.6495846153846132
[1, 1.0, 1, 0, 0, 0.0, 0.0, 1.0, 0, 0, 1.0, 1.0, 0, 1, 1024, 9.0, 169.1462] 0.7183538461538446
[1.0, 1.0, 0.0, 1.0, 0.0, 0.0, 0.0, 1.0, 0.0, 0.0, 1.0, 1.0, 0.0, 1.0, 1024.0, 1.0, 168.913] 0.6645384615384639
[1, 1, 1.0, 0.0, 0, 0.0, 0.0, 1, 0.0, 0.0, 1.0, 1.0, 0.0, 1.0, 1024.0, 9.0, 169.1462] 0.7183538461538446
[1, 1, 1, 0.0, 0.0, 0.0, 1, 1.0, 0.0, 0.0, 1.0, 1, 0.0, 1.0, 4096, 1, 168.9628] 0.6760307692307661
[1.0, 1.0, 1.0, 0.0, 0.0, 0.0, 1.0, 0.0, 1.0, 0.0, 1.0, 1.0, 0.0, 1.0, 4096.0, 0.0, 169.7214] 0.8885599999999955
[1.0, 1.0, 1.0, 0, 0.0, 0.0, 1, 1.0, 0.0, 0.0, 1, 1.0, 0, 1.0, 2048, 5, 169.1536] 0.720061538461541
[1.0, 1.0, 1.0, 0.0, 0.0, 0.0, 0.0, 0.0, 1.0, 0.0, 1.0, 1.0, 0.0, 1, 512, 0.0, 169.1316] 0.7149846153846133
[1.0, 1.0, 0.0, 1.0, 0.0, 1.0, 0.0, 0.0, 1.0, 0.0, 1.0, 1.0, 0.0, 1.0, 4096.0, 0.0, 168.8656] 0.6536
[1.0, 1.0, 1.0, 0.0, 0.0, 0.0, 0.0, 0.0, 1.0, 0.0, 1, 1.0, 0.0, 1.0, 512, 0.0, 169.1316] 0.7149846153846133
[1.0, 1.0, 0.0, 1.0, 1.0, 0.0, 1.0, 0.0, 1.0, 0.0, 1.0, 1.0, 0.0, 1.0, 512.0, 0.0, 169.2832] 0.7499692307692294
[1, 1, 1, 0, 0, 0, 0, 1, 0.0, 0.0, 1, 1, 0.0, 1, 4096.0, 5.0, 169.022] 0.6896923076923056
[1, 1, 0.0, 1, 0.0, 0, 1, 0.0, 1.0, 0, 1.0, 1, 0.0, 1, 4096, 0.0, 168.9182] 0.6657384615384643
[1.0, 1, 0.0, 1.0, 0, 0.0, 0.0, 1.0, 0, 0, 1, 1.0, 0, 1.0, 1024.0, 1.0, 168.913] 0.6645384615384639
[1.0, 1.0, 1, 0.0, 0, 0.0, 0, 0.0, 1.0, 0.0, 1, 1.0, 0, 1, 512, 0.0, 169.1316] 0.7149846153846133
[1.0, 1, 1.0, 0.0, 0.0, 0.0, 1, 1.0, 0.0, 0.0, 1.0, 1.0, 0.0, 1.0, 4096.0, 1.0, 168.9628] 0.6760307692307661
[1.0, 1.0, 0.0, 1.0, 0.0, 0.0, 1.0, 0.0, 1.0, 0.0, 1.0, 1.0, 0.0, 1.0, 1024.0, 0.0, 168.9504] 0.673169230769231
[1.0, 1.0, 1, 0, 0.0, 0.0, 0.0, 1.0, 0.0, 0.0, 1, 1, 0.0, 1.0, 2048.0, 1, 168.9532] 0.6738153846153867
[1.0, 1.0, 1.0, 0.0, 0.0, 0.0, 1.0, 0.0, 1.0, 0.0, 0.0, 1.0, 1.0, 0.0, 4096.0, 0.0, 169.3672] 0.7693538461538454
[1.0, 1.0, 0.0, 1.0, 1.0, 0.0, 0.0, 1.0, 0.0, 0.0, 1.0, 1.0, 0.0, 1.0, 4096.0, 9.0, 168.8624] 0.65286153846154
[1.0, 1.0, 1.0, 0.0, 0.0, 0.0, 0.0, 0.0, 1.0, 0.0, 0.0, 1.0, 0.0, 1.0, 1024.0, 0.0, 169.5092] 0.8036799999999972
[1.0, 1.0, 0.0, 1.0, 0.0, 0.0, 0.0, 1.0, 0, 0.0, 1.0, 1, 0.0, 1.0, 1024.0, 1, 168.913] 0.6645384615384639
