[0.0, 1.0, 0.0, 1.0, 0.0, 1.0, 1.0, 0.0, 1.0, 1.0, 1.0, 1.0] 0.9345745967932679
[0, 1, 0, 1, 1, 0, 1, 1, 0, 0, 1, 1] 0.9234942895061601
[1, 1, 1, 1, 0, 1, 1, 0, 1, 0, 1, 0] 0.9335144442280703
[1, 1, 0, 1, 1, 1, 1, 1, 1, 0, 0, 1] 0.9209499055669124
[0.0, 1.0, 0.0, 1.0, 1.0, 0.0, 0.0, 1.0, 1.0, 1.0, 1.0, 0.0] 0.9013157562053665
[1, 1, 1, 1, 1, 0, 0, 0, 1, 0, 1, 1] 0.9018426977507017
[1, 1, 0, 1, 0, 0, 1, 0, 0, 0, 1, 0] 0.44402599455
[0, 0, 0, 1, 1, 1, 1, 1, 1, 1, 0, 1] 0.9082887785291764
[0, 1, 0, 1, 0, 1, 1, 0, 1, 1, 0, 1] 0.9339709492404578
[0, 1, 0, 1, 0, 1, 1, 1, 1, 1, 0, 1] 0.9337160594237088
[0, 0, 1, 1, 0, 1, 1, 0, 1, 1, 1, 1] 0.8984317660499999
[0, 0, 0, 1, 0, 1, 1, 1, 1, 1, 0, 1] 0.8857562077500001
[1, 1, 0, 0, 1, 1, 0, 0, 0, 1, 1, 1] 0.31832890034999994
[0, 0, 0, 1, 0, 1, 1, 1, 1, 1, 0, 1] 0.8857562077500001
[1, 0, 0, 1, 1, 1, 1, 1, 0, 0, 1, 1] 0.9061357938535359
[1, 1, 1, 1, 1, 0, 1, 1, 1, 1, 1, 0] 0.9219715436317558
[0, 0, 1, 1, 0, 1, 1, 1, 1, 1, 0, 1] 0.8950910032500001
[0, 1, 0, 1, 1, 1, 0, 0, 0, 1, 0, 0] 0.9328343487552906
[1, 1, 0, 1, 0, 1, 1, 1, 0, 1, 0, 1] 0.9330102046124724
[1, 1, 1, 1, 1, 0, 1, 0, 1, 0, 0, 1] 0.9208774774749977
[1, 0, 1, 1, 0, 1, 1, 1, 1, 1, 1, 0] 0.8889755202
[1, 0, 0, 1, 1, 1, 1, 0, 0, 1, 0, 1] 0.905265936645941
[0.0, 1.0, 1.0, 1.0, 1.0, 1.0, 1.0, 0.0, 1.0, 0.0, 0.0, 0.0] 0.9646336127935738
[0, 1, 1, 1, 0, 0, 1, 0, 0, 0, 0, 1] 0.4531707000000001
[0, 1, 0, 1, 1, 0, 1, 0, 1, 1, 0, 1] 0.9220922685640215
[1, 0, 1, 1, 0, 1, 1, 0, 1, 1, 0, 1] 0.8864394486
[1, 0, 1, 1, 1, 1, 1, 1, 1, 0, 0, 0] 0.9056556981914827
[1.0, 1.0, 1.0, 1.0, 1.0, 0.0, 1.0, 0.0, 0.0, 1.0, 1.0, 1.0] 0.9237667449064966
[1.0, 1.0, 0.0, 1.0, 1.0, 1.0, 1.0, 0.0, 0.0, 0.0, 0.0, 1.0] 0.9979304052259423
[0, 1, 0, 1, 1, 0, 0, 0, 0, 0, 1, 1] 0.9010088982569893
