[0.0, 1, 0.0, 1.0, 1, 0.0, 1, 1.0, 1.0, 1.0, 0.0, 1.0, 116.1413212] 0.5673917087999998
[0.0, 1.0, 0.0, 1.0, 1.0, 1.0, 1, 0.0, 0.0, 0.0, 0.0, 1.0, 171.4235804] 0.9994746038432522
[0, 1.0, 1.0, 1.0, 1.0, 1, 1.0, 1.0, 1.0, 0.0, 0, 1.0, 170.5469792] 0.9973695333433946
[0.0, 1.0, 1.0, 1.0, 1.0, 1.0, 1, 1.0, 0.0, 1.0, 0, 1, 170.3886647] 0.9969893568347956
[0.0, 1.0, 0.0, 1, 1, 1.0, 1.0, 1.0, 0.0, 1.0, 1.0, 0.0, 170.5539949] 0.9973863808484013
[1.0, 1.0, 0, 1.0, 0.0, 1.0, 1.0, 0.0, 0.0, 1.0, 1.0, 1.0, 124.0587096] 0.7574090304000001
[0, 1.0, 1.0, 1.0, 1.0, 1.0, 1.0, 0.0, 1.0, 1.0, 1, 1.0, 169.6930311] 0.9953188620076499
[0, 1.0, 1.0, 1.0, 1.0, 1.0, 1, 1, 0.0, 1.0, 1.0, 1.0, 169.2667727] 0.9942952449019962
[1.0, 1.0, 1, 1.0, 1.0, 1.0, 1.0, 1.0, 1.0, 0.0, 1.0, 1, 169.4766715] 0.9947992959708694
[0, 1.0, 0, 1.0, 1.0, 1.0, 1.0, 0.0, 1, 1, 0.0, 1, 171.1972303] 0.9989310466154617
[0.0, 1.0, 1.0, 1.0, 1.0, 1.0, 1.0, 0.0, 0.0, 0, 1.0, 0, 171.6423678] 1.0
[0.0, 1, 1, 1, 1, 1.0, 1, 0, 0.0, 0, 0, 1, 171.5690527] 0.9998239410872308
[0.0, 1, 0.0, 1.0, 1.0, 1.0, 1.0, 0.0, 1.0, 1.0, 0, 1.0, 171.1972303] 0.9989310466154617
[0, 1.0, 1, 1.0, 1.0, 1, 1.0, 1.0, 1.0, 1, 1.0, 0.0, 170.2764871] 0.9967199734977606
[0.0, 1.0, 1.0, 1.0, 1.0, 1.0, 1, 0.0, 0.0, 0.0, 0, 1, 171.5690527] 0.9998239410872308
[0.0, 1.0, 0.0, 1, 1.0, 1.0, 1.0, 0.0, 1, 1.0, 0.0, 1.0, 171.1972303] 0.9989310466154617
[0.0, 1.0, 1, 1.0, 1.0, 1.0, 1.0, 0.0, 0.0, 0.0, 0.0, 0.0, 171.3028867] 0.9991847699400033
[0.0, 1.0, 1.0, 1.0, 1.0, 1.0, 1, 0.0, 0.0, 0.0, 1.0, 0, 171.6423678] 1.0
[0, 1.0, 1.0, 1.0, 1.0, 1.0, 1.0, 1.0, 1, 0.0, 0.0, 0.0, 169.9536264] 0.9959446556734941
[0.0, 1.0, 1.0, 1.0, 1.0, 1.0, 1.0, 0, 0.0, 0, 0.0, 1.0, 171.5690527] 0.9998239410872308
[0, 1, 1.0, 1, 1.0, 1, 1.0, 0.0, 1.0, 0, 1, 0.0, 170.2916942] 0.9967564918342612
[0, 1.0, 0.0, 1.0, 1.0, 1.0, 1.0, 1, 0.0, 0.0, 1.0, 0, 170.735281] 0.9978217213671505
[0.0, 1, 1, 1.0, 1.0, 1.0, 1, 1.0, 1.0, 1.0, 1.0, 0.0, 170.2764871] 0.9967199734977606
[0, 1, 1.0, 1.0, 1.0, 1, 1.0, 1.0, 1, 0, 0, 1.0, 170.5469792] 0.9973695333433946
[0.0, 1, 1.0, 1.0, 1, 1.0, 1, 1.0, 1, 0.0, 0.0, 1.0, 170.5469792] 0.9973695333433946
[0, 1.0, 0.0, 1.0, 1.0, 1.0, 1.0, 0.0, 0, 1.0, 1, 0.0, 170.5559134] 0.9973909879351289
[0.0, 1.0, 1.0, 1.0, 1.0, 0.0, 1, 0, 0.0, 1, 1.0, 0.0, 117.7250187] 0.6054004488000002
[1, 1.0, 0, 1.0, 1, 1.0, 1.0, 0.0, 1.0, 0, 0, 0, 170.2000723] 0.9965364709640743
[1.0, 1.0, 1.0, 1.0, 1, 1.0, 1, 0.0, 0.0, 1, 1.0, 1.0, 170.6573937] 0.9976346827713289
[0, 1, 0, 1.0, 1.0, 1, 1, 0.0, 1, 1.0, 0, 1, 171.1972303] 0.9989310466154617
