[0.0, 1, 1.0, 1.0, 1.0, 1.0, 1.0, 0.0, 0.0, 0.0, 0, 0.0, 171.3028867] 0.9991847699400033
[0, 1.0, 1.0, 1.0, 1.0, 1.0, 1.0, 0.0, 0.0, 0.0, 1, 0.0, 171.6423678] 1.0
[0, 1, 0, 1.0, 1.0, 1, 1, 0, 1.0, 1.0, 0.0, 1, 171.1972303] 0.9989310466154617
[0, 1.0, 0.0, 1.0, 1.0, 1.0, 1, 1.0, 0.0, 0, 1.0, 0, 170.735281] 0.9978217213671505
[0, 1.0, 1.0, 1.0, 1.0, 1.0, 1.0, 0, 0, 0.0, 0.0, 1.0, 171.5690527] 0.9998239410872308
[1.0, 1.0, 1.0, 1.0, 1, 1.0, 1.0, 0, 0.0, 1.0, 1.0, 1.0, 170.6573937] 0.9976346827713289
[0.0, 1.0, 1, 1.0, 1.0, 1, 1.0, 0, 0.0, 0.0, 0.0, 1, 171.5690527] 0.9998239410872308
[0.0, 1.0, 1.0, 1.0, 0.0, 1, 1, 0.0, 0.0, 1.0, 0.0, 0.0, 124.855978] 0.776543472
[0.0, 1, 1.0, 1.0, 1, 1.0, 1, 0, 1.0, 1.0, 0.0, 0.0, 169.801914] 0.9955803334506834
[0.0, 1.0, 0.0, 1.0, 1.0, 1.0, 1.0, 1.0, 0.0, 1.0, 1.0, 0.0, 170.5539949] 0.9973863808484013
[0.0, 1.0, 0.0, 1.0, 0.0, 1.0, 1.0, 1, 0, 1.0, 0.0, 0.0, 124.4638379] 0.7671321096000001
[1, 1, 0.0, 1.0, 1, 1.0, 1.0, 1.0, 0, 1.0, 0.0, 0.0, 170.4227512] 0.9970712121706009
[0.0, 1.0, 0.0, 1.0, 1.0, 1.0, 1.0, 0.0, 0.0, 0.0, 1.0, 0.0, 170.2039185] 0.9965457072304136
[0.0, 1.0, 1.0, 1.0, 1.0, 1, 1, 0, 0.0, 0.0, 1, 1.0, 170.6176486] 0.9975392388710423
[0, 1.0, 0, 1.0, 1.0, 1.0, 1, 0.0, 1.0, 0.0, 0.0, 1.0, 170.4570768] 0.9971536416812495
[0, 1.0, 1.0, 1.0, 1.0, 1.0, 1, 0, 0, 1, 0, 1.0, 170.6936717] 0.9977218007761798
[0, 1.0, 1.0, 1.0, 1.0, 1.0, 1.0, 1.0, 1.0, 0.0, 1, 1.0, 170.6282685] 0.9975647415034838
[0.0, 1.0, 0, 1, 1, 1.0, 0.0, 1.0, 1.0, 1.0, 1.0, 0.0, 124.9219778] 0.7781274671999998
[1.0, 1.0, 1.0, 1.0, 1.0, 1.0, 1.0, 1.0, 0.0, 0.0, 1.0, 0.0, 169.9594309] 0.9959585946022983
[1.0, 1.0, 0.0, 1.0, 1.0, 1.0, 1.0, 1.0, 0.0, 1.0, 0.0, 0.0, 170.4227512] 0.9970712121706009
[0, 1.0, 1.0, 1, 1.0, 1.0, 1.0, 0.0, 0.0, 0.0, 1, 0, 171.6423678] 1.0
[1.0, 1.0, 0.0, 1.0, 1.0, 1.0, 1, 0.0, 0.0, 1, 0.0, 1, 170.3418882] 0.9968770277275155
[0.0, 1.0, 0.0, 1.0, 1.0, 1.0, 1.0, 1.0, 0.0, 0.0, 1.0, 0.0, 170.735281] 0.9978217213671505
[0.0, 1.0, 1, 1.0, 1.0, 1.0, 1.0, 1, 1.0, 0, 1.0, 1.0, 170.6282685] 0.9975647415034838
[0.0, 1.0, 0.0, 1.0, 0.0, 1, 1.0, 0.0, 0.0, 0.0, 1.0, 0, 124.1198249] 0.7588757976
[0.0, 1.0, 0.0, 1.0, 0.0, 1.0, 1.0, 1.0, 0, 0.0, 1.0, 1.0, 124.7205586] 0.7732934064000001
[0, 1, 0, 1.0, 1, 1.0, 1.0, 1.0, 0.0, 0, 1, 0.0, 170.735281] 0.9978217213671505
[0.0, 0.0, 1.0, 1.0, 1, 1.0, 1.0, 0.0, 0, 1.0, 0, 1.0, 105.0536649] 0.3012879576
[0.0, 1.0, 0.0, 1.0, 1.0, 1.0, 1.0, 0.0, 0.0, 1.0, 1.0, 0, 170.5559134] 0.9973909879351289
[1.0, 1.0, 0.0, 1.0, 1.0, 1.0, 1.0, 0.0, 1.0, 1.0, 0.0, 1.0, 170.0900283] 0.9962722112549998
