[0.0, 1.0, 0, 1.0, 1.0, 1.0, 1, 0, 1.0, 1.0, 1.0, 0.0, 170.3049545] 0.3042467142857115
[1.0, 0.0, 1.0, 0.0, 1.0, 0.0, 1.0, 0.0, 1.0, 0.0, 1.0, 0.0, 16.2915957] 0
[0.0, 0.0, 0.0, 1.0, 0.0, 0.0, 1.0, 0.0, 1.0, 1.0, 1.0, 0.0, 45.44870424] 0
[1.0, 1.0, 1.0, 1.0, 0.0, 0.0, 1.0, 0.0, 1.0, 0.0, 1.0, 0.0, 70.39238405] 0
[1, 1.0, 0, 1.0, 1.0, 1, 1, 0, 0.0, 1, 1.0, 0, 170.7705431] 0.7033226571428519
[0, 1.0, 0.0, 1.0, 1.0, 1.0, 1.0, 1, 0.0, 1.0, 1.0, 0.0, 170.5539949] 0.5177099142857013
[0.0, 1.0, 0.0, 0.0, 0.0, 1.0, 1.0, 1.0, 1.0, 0.0, 0.0, 1.0, 51.9673934] 0
[1.0, 1.0, 0.0, 1.0, 1.0, 1.0, 1.0, 1.0, 0.0, 1.0, 0.0, 0.0, 170.4227512] 0.40521531428570057
[0.0, 1.0, 1, 1.0, 1.0, 1.0, 1, 1.0, 1, 0.0, 1, 1.0, 170.6282685] 0.5813729999999864
[0.0, 1.0, 0.0, 1.0, 1.0, 1.0, 1.0, 1, 0.0, 0.0, 1.0, 0.0, 170.735281] 0.6730979999999847
[0, 1.0, 0.0, 1.0, 1, 1, 1.0, 0.0, 0.0, 0.0, 0, 1.0, 171.4235804] 0.9659404783365542
[1.0, 1.0, 0.0, 1.0, 1.0, 1, 1, 0.0, 0.0, 1.0, 1, 0.0, 170.7705431] 0.7033226571428519
[0.0, 1, 0.0, 1.0, 1.0, 1.0, 1.0, 1.0, 1.0, 0.0, 0.0, 0.0, 170.6651847] 0.6130154571428503
[1.0, 0.0, 1.0, 1.0, 1.0, 1.0, 0.0, 1.0, 0.0, 1.0, 0.0, 0.0, 58.59234571] 0
[1.0, 1.0, 1.0, 1.0, 0.0, 0.0, 1.0, 1.0, 0.0, 1.0, 1.0, 0.0, 70.21323562] 0
[0.0, 0.0, 1.0, 1.0, 0.0, 1.0, 1.0, 1.0, 1.0, 0.0, 1.0, 1.0, 100.6394091] 0
[0.0, 1.0, 0.0, 1.0, 1.0, 1, 1.0, 1.0, 0.0, 0.0, 0.0, 0.0, 170.2016315] 0.16303076995158042
[1.0, 0.0, 1.0, 0.0, 1.0, 1.0, 0.0, 1.0, 1.0, 1.0, 0.0, 1.0, 30.16648245] 0
[0.0, 1.0, 0.0, 0.0, 0.0, 1.0, 1.0, 0.0, 0.0, 1.0, 0.0, 0.0, 51.09100509] 0
[1.0, 0.0, 1.0, 0.0, 1.0, 1.0, 1.0, 1.0, 0.0, 1.0, 1.0, 1.0, 34.50346398] 0
[0.0, 1.0, 0.0, 0.0, 1.0, 0.0, 1.0, 0.0, 1.0, 1.0, 1.0, 1.0, 47.98329329] 0
[0.0, 1.0, 1.0, 1.0, 1.0, 1.0, 1.0, 0.0, 0.0, 1.0, 0.0, 0.0, 170.2257285] 0.19658366072939737
[0.0, 1.0, 1.0, 1.0, 0.0, 0.0, 0.0, 0.0, 1.0, 1.0, 0.0, 1.0, 55.69700789] 0
[0.0, 1.0, 1.0, 1.0, 1.0, 1.0, 1.0, 0.0, 0.0, 0.0, 0.0, 1.0, 171.5690527] 0.988586741116226
[1.0, 1.0, 0.0, 1.0, 1.0, 1.0, 1.0, 0.0, 1.0, 0.0, 0, 1, 170.3206944] 0.31773805714285436
[0.0, 1.0, 0.0, 1, 1.0, 1, 1.0, 1.0, 1.0, 0.0, 0.0, 0.0, 170.6651847] 0.6130154571428503
[1.0, 1.0, 1.0, 1, 1.0, 1.0, 1.0, 0.0, 0.0, 1.0, 1.0, 1.0, 170.6573937] 0.6063374571428525
[0.0, 1.0, 0.0, 1.0, 1.0, 1, 1.0, 1, 1.0, 0.0, 1.0, 1.0, 170.4742329] 0.4493424857142819
[1.0, 0.0, 0.0, 1.0, 0.0, 0.0, 1.0, 0.0, 1.0, 0.0, 1.0, 0.0, 45.94722962] 0
[0.0, 1.0, 1.0, 0.0, 0.0, 0.0, 1.0, 1.0, 1.0, 1.0, 0.0, 0.0, 32.64560437] 0
