[1, 1, 1.0, 1, 1.0, 0, 0, 0.0, 1, 0, 0, 0, 128, 10, 422401.4] 0.9974408652246256
[1, 1.0, 1, 1.0, 1.0, 0.0, 0.0, 0.0, 1, 0.0, 1, 10, 1, 10.0, 420522.8] 0.9930647587354409
[1.0, 1.0, 0, 1.0, 1, 0.0, 0, 0.0, 1.0, 0, 1, 90, 2, 10.0, 421820.2] 0.9960869883527455
[1.0, 0.0, 0, 1, 1, 0, 0, 0.0, 1.0, 0, 1.0, 0, 16.0, 10, 421936.6] 0.9963581364392677
[1, 0, 1, 1, 1, 0, 0.0, 0, 1, 0, 1, 0, 1024, 10.0, 422519.2] 0.9977152745424294
[1, 1, 1, 1, 1.0, 0.0, 0.0, 0.0, 0, 1.0, 0, 100, 512, 10, 303810.0] 0.7211880199667221
[1, 0, 0.0, 1, 1.0, 0, 1.0, 0.0, 0, 0, 0, 0, 1, 10, 131539.2] 0.31989164725457575
[1, 0.0, 1, 1.0, 1, 0.0, 0.0, 0, 1, 0.0, 1, 0, 4, 10, 422067.4] 0.9966628286189683
[1, 1, 1, 1, 1.0, 0, 0, 0.0, 1.0, 0, 0, 0, 128, 10.0, 422401.4] 0.9974408652246256
[1, 1, 1.0, 1, 1.0, 0.0, 0, 0, 1, 0, 0, 0, 128, 10.0, 422401.4] 0.9974408652246256
[1, 0, 0, 1, 1.0, 0, 0.0, 0.0, 1, 0.0, 1.0, 0, 64, 10, 421875.8] 0.9962165058236272
[1.0, 0.0, 1.0, 1.0, 1.0, 0.0, 0.0, 0.0, 1.0, 0.0, 0.0, 50.0, 64.0, 8.0, 124945.6] 0.3045321797004992
[1.0, 0, 1.0, 1.0, 1, 0, 0, 0.0, 1.0, 0, 0, 0, 2048, 10, 422252.6] 0.9970942429284524
[1.0, 1, 1, 1.0, 1, 0.0, 0.0, 0, 1.0, 0.0, 0, 0, 2, 10.0, 421697.4] 0.995800931780366
[1, 0, 1.0, 1.0, 1, 0.0, 0, 0.0, 1.0, 0.0, 1, 0, 1, 10, 424574.6] 1.0
[1, 1, 1, 1.0, 1.0, 1.0, 0.0, 0, 0, 0.0, 1, 0, 8, 8.0, 132275.8] 0.32160752079866883
[1, 1, 1, 1.0, 1, 0, 0, 0, 1.0, 0, 0, 0, 128, 10.0, 422401.4] 0.9974408652246256
[1, 0, 1.0, 1.0, 1, 0.0, 0, 0.0, 1, 0.0, 1, 0.0, 1, 10.0, 424574.6] 1.0
[1, 0.0, 1.0, 0, 1, 0, 0.0, 0, 0.0, 1, 0, 60.0, 256, 10.0, 304798.6] 0.7234909151414308
[1.0, 1, 0, 1.0, 1, 0.0, 0, 0.0, 1, 0.0, 1.0, 0, 256, 10.0, 422061.4] 0.9966488519134775
[1, 0, 1, 1, 1, 1.0, 0.0, 0.0, 0.0, 0, 0, 0, 512, 8, 132073.0] 0.3211351081530782
[1, 1.0, 1, 1, 1, 0, 0.0, 0.0, 1.0, 0.0, 0, 0.0, 128, 10.0, 422401.4] 0.9974408652246256
[1.0, 0.0, 0, 1, 1, 0.0, 0.0, 0, 1, 0, 1, 0, 64, 10.0, 421875.8] 0.9962165058236272
[1, 0, 0, 1, 1.0, 1.0, 0.0, 0.0, 0.0, 0.0, 0.0, 0.0, 256.0, 8.0, 131930.0] 0.320801996672213
[1, 0, 0.0, 1, 1, 0.0, 0.0, 0, 1, 0.0, 0, 0, 8, 10, 422061.6] 0.9966493178036604
[1.0, 1, 0, 1, 1, 0.0, 0.0, 0, 1.0, 0.0, 1, 90, 2, 10.0, 421820.2] 0.9960869883527455
[1, 1, 0.0, 1, 1.0, 0.0, 0, 0.0, 1.0, 0.0, 1, 0, 2, 10, 421628.6] 0.9956406655574042
[1, 0, 0, 1.0, 1, 0.0, 0.0, 0.0, 0.0, 1.0, 1.0, 60.0, 4096, 10, 304407.4] 0.7225796339434276
[1.0, 1, 0, 1, 1, 0.0, 0, 0.0, 1.0, 0, 1, 40, 1, 10.0, 421557.6] 0.9954752745424291
[1.0, 0.0, 1, 1, 1, 0.0, 0, 0.0, 1, 0, 1.0, 0, 1024, 10.0, 422519.2] 0.9977152745424294
