[ 1.  0.  0.  0.  0.  1.  4.  0.  2. 10. 10. 20.] 0.2702199999999999
[ 1.  0.  1.  1.  1.  0.  4.  0.  1. 10. 16.  0.] 0.1
[8.57496907e-01 1.03104189e-02 7.93677555e-01 1.61649515e-02
 4.13459620e-02 8.63880628e-01 2.59948945e+00 4.76550803e-02
 3.59133018e+00 5.67931681e+00 1.81426165e+01 3.68524785e+00] 0.1
[ 1.  0.  0.  0.  0.  0.  1.  0.  4.  8. 10. 16.] 0.1
[  1.   1.   0.   0.   0.   0.   2.   0.   3.  10.  10. 128.] 0.1
[ 1.  0.  1.  0.  0.  1.  2.  0.  4.  8. 20. 10.] 0.08416948388550824
[ 1.  0.  1.  0.  0.  1.  4.  0.  3. 16. 10. 10.] 0.08409285553301782
[  1.   1.   0.   0.   0.   1.   4.   0.   4.  16.   8. 128.] 0.1
[ 1.  1.  0.  0.  0.  0.  3.  0.  4. 10.  8. 32.] 0.1
[ 1.  0.  1.  0.  0.  0.  3.  0.  2. 20. 10.  8.] 0.09409961685823758
[ 1.  1.  1.  1.  1.  0.  2.  0.  2.  8.  8. 10.] 0.1
[9.94905920e-01 9.17457564e-01 9.60955895e-01 9.05231316e-01
 9.29296449e-01 1.72378568e-02 1.54433598e+00 1.51488582e-01
 1.40405038e+00 1.16085780e+01 1.29609601e+01 3.54204007e+01] 0.1
[ 1.  1.  1.  0.  0.  0.  1.  0.  2. 10. 10. 10.] 0.1
[ 1.  0.  0.  0.  0.  1.  3.  0.  1. 10.  8.  8.] 0.26404000000000005
[ 1.  0.  1.  0.  0.  0.  2.  0.  1. 16. 10. 32.] 0.1
[ 1.  0.  0.  0.  0.  0.  4.  0.  2. 10. 20.  8.] 0.1
[ 0.98768256  0.03372249  0.98833684  0.09010917  0.03281945  0.97855957
  2.99661162  0.0804153   3.24102889  4.78875187 11.37785525  2.49125224] 0.11584000000000005
[9.54712939e-01 9.23517681e-01 1.47923695e-01 2.81561816e-02
 2.83310473e-01 2.49571419e-02 2.57828760e+00 3.99228633e-01
 3.94645071e+00 5.06275171e+00 5.86843102e+00 1.05291397e+02] 0.39135999999999993
[2.56913577e-01 3.40177458e-02 8.93950475e-01 4.71418025e-01
 2.73642722e-01 2.83171103e-02 3.79258999e+00 4.93440574e-02
 7.21692968e-01 1.17090123e+02 3.14616974e+00 2.29375715e+01] 0.0820599504169484
[ 1.  0.  1.  0.  0.  1.  4.  0.  1.  8. 10. 20.] 0.16110999999999995
[ 1.  1.  0.  0.  0.  0.  1.  0.  3.  8. 20.  0.] 0.1
[9.95640990e-01 9.40569340e-01 5.90533674e-01 9.38471655e-01
 8.87407743e-01 2.09733695e-01 2.46007085e+00 5.37443888e-02
 3.75046706e+00 4.79529332e+00 6.76409490e+00 9.73255157e+01] 0.15268000000000012
[1. 0. 1. 0. 0. 0. 3. 0. 3. 8. 8. 8.] 0.16639000000000007
[ 1.  1.  1.  0.  0.  1.  4.  0.  4. 10. 10. 10.] 0.1
[ 1.  0.  0.  0.  0.  0.  4.  0.  1. 32.  8. 10.] 0.1
[ 1.  0.  0.  0.  0.  0.  4.  0.  1.  8.  0. 64.] 0.1
[ 1.  0.  1.  1.  1.  1.  2.  0.  1. 10. 20.  0.] 0.1
[ 1.  0.  0.  0.  0.  0.  4.  0.  3.  8. 10. 32.] 0.20344000000000007
[ 1.  1.  1.  1.  1.  0.  2.  0.  2. 10. 10. 20.] 0.1
[ 1.  1.  1.  0.  0.  0.  2.  0.  4. 10.  8. 32.] 0.1
