[1, 0.0, 0, 0, 0, 0, 1, 0, 1, 8, 8, 0, 16846.2] 0.5269300000000001
[1.0, 0.0, 1.0, 0, 0.0, 0.0, 2.0, 0.0, 2.0, 8.0, 10.0, 20.0, 14711.8] 0.2067699999999999
[1, 0, 0.0, 0.0, 0.0, 0.0, 3, 0, 1, 8.0, 10, 0, 18899.0] 0.83485
[1, 0, 0, 0.0, 0, 0.0, 4, 0, 2, 8.0, 8.0, 128, 19600.2] 0.9400300000000001
[1.0, 0.0, 0, 0, 0.0, 0, 4, 0.0, 2.0, 8.0, 8, 0.0, 19707.8] 0.95617
[1, 0, 0.0, 0.0, 0.0, 0, 4.0, 0.0, 2, 8, 8, 0, 19707.8] 0.95617
[1, 0, 1, 1.0, 1, 1.0, 3, 0.0, 2, 8, 8.0, 64, 15819.8] 0.3729699999999999
[1, 0.0, 0, 0, 0.0, 0, 4.0, 0, 1, 8.0, 8, 128, 19149.2] 0.87238
[1.0, 0.0, 1, 1, 1, 0.0, 1.0, 0.0, 1, 8.0, 8, 0, 16523.4] 0.4785100000000002
[1, 0, 0, 0.0, 0.0, 0.0, 4, 0.0, 2, 8, 8.0, 0, 19707.8] 0.95617
[1.0, 0, 0.0, 0.0, 0.0, 0.0, 3, 0.0, 1, 8.0, 10, 0.0, 18899.0] 0.83485
[1, 0, 0, 0, 0.0, 0.0, 3, 0.0, 2, 8.0, 8, 0, 19692.2] 0.9538300000000001
[1.0, 0, 0.0, 0.0, 0, 0, 4, 0.0, 1.0, 8, 8.0, 0, 19332.8] 0.8999199999999999
[1, 0, 0.0, 0.0, 0, 0, 4, 0, 2, 8.0, 8, 0, 19707.8] 0.95617
[1.0, 0.0, 0.0, 0.0, 0.0, 0.0, 4.0, 0.0, 1, 8, 10.0, 128, 18754.8] 0.8132199999999998
[1, 0.0, 0.0, 0.0, 0, 0, 4.0, 0.0, 2.0, 8.0, 8.0, 0.0, 19707.8] 0.95617
[1, 0, 0, 0.0, 0, 0, 4, 0.0, 2, 8.0, 8, 0, 19707.8] 0.95617
[1.0, 0.0, 0.0, 0.0, 0.0, 1, 3.0, 0.0, 2, 10, 8.0, 64.0, 15667.6] 0.3501400000000001
[1, 0, 0, 0, 0.0, 1, 3, 0, 1, 8.0, 8, 64, 19190.0] 0.8785
[1, 0.0, 1, 0, 0.0, 0, 2.0, 0, 2.0, 8.0, 8, 0, 16868.0] 0.5302
[1, 0, 0, 0, 0, 0.0, 3, 0, 1, 8.0, 8, 0.0, 19673.8] 0.9510699999999999
[1, 0.0, 0.0, 0, 0.0, 0, 4.0, 0, 2.0, 8, 8, 0, 19707.8] 0.95617
[1.0, 0.0, 1.0, 0.0, 0, 0, 2.0, 0.0, 2.0, 8, 8, 0, 16868.0] 0.5302
[1, 0, 0, 0, 0, 0, 4, 0, 2, 8.0, 8, 0, 19707.8] 0.95617
[1, 0.0, 0.0, 0.0, 0.0, 0.0, 3.0, 0.0, 1, 8.0, 10.0, 0, 18899.0] 0.83485
[1, 0, 1, 0, 0, 0.0, 2, 0, 2, 8.0, 8.0, 0, 16868.0] 0.5302
[1, 0.0, 0, 0.0, 0.0, 0, 4.0, 0, 2, 8.0, 8, 0.0, 19707.8] 0.95617
[1.0, 0.0, 0.0, 0.0, 0, 0, 3.0, 0.0, 1, 8, 8, 0, 19673.8] 0.9510699999999999
[1, 0, 0, 0, 0, 0, 4.0, 0.0, 2, 8, 8, 0, 19707.8] 0.95617
[1.0, 0, 0.0, 0.0, 0, 0.0, 4.0, 0, 2.0, 8, 8, 0.0, 19707.8] 0.95617
