[1, 0, 1.0, 1.0, 1, 0.0, 1, 0.0, 1, 8, 8.0, 0, 16523.4] 0.4785100000000002
[1, 0, 1, 1, 1, 0, 3, 0, 1, 8.0, 8, 0, 16281.4] 0.44221
[1, 0, 0, 0.0, 0, 0, 4, 0.0, 2.0, 8.0, 8.0, 0.0, 19707.8] 0.95617
[1.0, 0.0, 0, 0.0, 0.0, 0.0, 3, 0, 1.0, 8, 10, 64, 18790.8] 0.8186199999999999
[1, 0.0, 0.0, 0, 0.0, 0, 4, 0, 1, 8, 8, 0, 19332.8] 0.8999199999999999
[1, 0, 0, 0.0, 0, 0, 3, 0.0, 1, 8.0, 8, 128, 19583.4] 0.9375100000000002
[1, 0, 0, 0.0, 0.0, 0, 3.0, 0.0, 1, 8.0, 8.0, 128, 19583.4] 0.9375100000000002
[1, 0, 0.0, 0.0, 0, 0, 4, 0, 1.0, 8, 8, 0, 19332.8] 0.8999199999999999
[1, 0.0, 0, 0, 0.0, 0, 4, 0.0, 2.0, 10, 8, 64, 17750.6] 0.6625899999999998
[1, 0.0, 0, 0.0, 0.0, 0, 3, 0, 1.0, 8, 8, 0, 19673.8] 0.9510699999999999
[1, 0, 0, 0.0, 0.0, 1, 3, 0.0, 1, 8.0, 8.0, 0.0, 18647.2] 0.79708
[1, 0, 0, 0.0, 0.0, 0, 3, 0.0, 2, 8, 8.0, 0, 19692.2] 0.9538300000000001
[1, 0.0, 0, 0, 0, 0, 4, 0, 2, 8, 8, 128, 19600.2] 0.9400300000000001
[1, 0.0, 0, 0, 0.0, 1, 2.0, 0.0, 2, 8, 8, 0.0, 17067.0] 0.56005
[1, 0, 0, 0.0, 0.0, 0, 3, 0.0, 1, 8, 8, 0, 19673.8] 0.9510699999999999
[1.0, 0.0, 1.0, 1, 1.0, 0.0, 1, 0.0, 1, 8, 8, 0, 16523.4] 0.4785100000000002
[1, 0, 0, 0.0, 0, 0, 4, 0, 2, 10, 8.0, 0, 17862.4] 0.6793600000000002
[1, 0, 0, 0.0, 0.0, 1, 3, 0, 2.0, 64.0, 0, 8, 11351.6] 0.1
[1, 0, 0.0, 0.0, 0, 0.0, 3, 0.0, 1, 8, 8.0, 0, 19673.8] 0.9510699999999999
[1, 0, 0.0, 0, 0.0, 0, 3.0, 0, 1, 8.0, 8, 128, 19583.4] 0.9375100000000002
[1.0, 0.0, 0.0, 0.0, 0.0, 0, 4.0, 0, 2, 10, 10.0, 128.0, 17254.4] 0.5881600000000002
[1.0, 0.0, 1, 1, 1, 0.0, 1, 0, 1, 8, 8, 0.0, 16523.4] 0.4785100000000002
[1, 0, 0, 0, 0.0, 1, 2, 0, 1, 8, 8, 0, 17116.2] 0.5674300000000001
[1, 0, 0, 0, 0.0, 0.0, 4, 0.0, 2.0, 8.0, 8, 0, 19707.8] 0.95617
[1, 0.0, 0.0, 0.0, 0.0, 1.0, 4.0, 0.0, 2, 8.0, 8.0, 64, 18162.6] 0.7243899999999998
[1, 0, 0, 0, 0, 0.0, 3, 0, 2, 8, 8.0, 0, 19692.2] 0.9538300000000001
[1.0, 0.0, 0.0, 0, 0, 0, 3, 0, 2, 8, 8, 0, 19692.2] 0.9538300000000001
[1, 0.0, 0, 0, 0, 0, 4, 0, 2, 8, 8.0, 128, 19600.2] 0.9400300000000001
[1, 0, 0, 0.0, 0, 0.0, 4, 0.0, 2, 8, 8, 0.0, 19707.8] 0.95617
[1, 0, 0, 0.0, 0, 0, 3, 0, 1, 8, 10.0, 0, 18899.0] 0.83485
