[1. 1. 0. 0. 1. 1. 0. 1. 1. 0. 1. 1. 1. 1. 1. 1. 0. 0. 0. 0. 0. 1. 0. 1.
 0. 0. 0. 1. 0. 0. 0.] 0.5083948235294119
[1. 1. 0. 0. 1. 0. 0. 1. 1. 0. 0. 1. 1. 1. 0. 0. 0. 0. 0. 0. 0. 0. 1. 1.
 0. 0. 0. 1. 0. 0. 0.] 0.28840753183528134
[1. 0. 0. 0. 1. 0. 0. 1. 1. 0. 1. 1. 1. 1. 1. 0. 0. 0. 0. 0. 1. 0. 0. 1.
 0. 0. 0. 0. 0. 0. 0.] 0.28001870888571484
[1. 1. 0. 0. 0. 0. 0. 1. 0. 0. 1. 1. 1. 0. 1. 0. 0. 0. 0. 0. 0. 0. 1. 1.
 0. 1. 0. 1. 0. 0. 0.] 0.28574845601400145
[1. 0. 0. 0. 1. 1. 0. 1. 1. 0. 0. 1. 1. 1. 0. 1. 0. 1. 0. 0. 0. 1. 0. 0.
 0. 0. 0. 1. 0. 1. 0.] 0.13742742762879961
[1. 0. 1. 0. 1. 0. 0. 1. 0. 0. 0. 1. 1. 0. 0. 0. 0. 0. 0. 0. 0. 0. 1. 1.
 0. 0. 0. 0. 0. 0. 0.] 0.38377976470588243
[1. 1. 1. 0. 1. 1. 1. 1. 0. 0. 1. 1. 1. 0. 1. 1. 0. 1. 0. 0. 0. 1. 0. 0.
 0. 0. 0. 1. 0. 0. 0.] 0.42171952941176466
[1. 0. 0. 1. 0. 0. 0. 0. 1. 1. 0. 0. 1. 0. 0. 0. 0. 0. 0. 0. 0. 1. 0. 1.
 0. 0. 0. 0. 0. 0. 0.] 0.019286447122251502
[1. 0. 0. 0. 1. 0. 0. 1. 1. 1. 1. 0. 1. 1. 1. 0. 0. 1. 1. 0. 0. 1. 0. 1.
 0. 0. 0. 0. 0. 0. 0.] 0.030616588545333844
[1. 0. 1. 0. 0. 0. 0. 0. 0. 0. 0. 1. 1. 0. 0. 1. 0. 0. 0. 0. 1. 0. 0. 0.
 0. 0. 0. 0. 0. 1. 0.] 0.1294946589148846
[1. 0. 1. 0. 0. 0. 0. 1. 0. 0. 0. 1. 1. 1. 1. 0. 0. 0. 0. 0. 1. 0. 0. 1.
 0. 1. 0. 1. 0. 0. 0.] 0.880320705882353
[1. 1. 0. 0. 1. 1. 0. 1. 0. 0. 0. 1. 1. 1. 1. 0. 0. 1. 0. 0. 0. 1. 0. 0.
 0. 0. 0. 1. 0. 1. 0.] 0.14348025508459233
[1. 1. 1. 1. 0. 1. 0. 0. 1. 0. 1. 1. 1. 0. 1. 1. 0. 0. 1. 0. 0. 1. 0. 0.
 0. 0. 1. 1. 0. 0. 0.] 0.22098774869741897
[1. 1. 1. 1. 0. 1. 0. 0. 1. 0. 0. 1. 1. 0. 1. 1. 0. 0. 1. 0. 0. 1. 0. 0.
 0. 1. 0. 1. 0. 1. 0.] 0.27975638214407855
[1. 1. 1. 1. 0. 1. 0. 0. 1. 0. 0. 1. 1. 0. 1. 1. 0. 0. 1. 0. 0. 1. 0. 0.
 1. 1. 0. 1. 0. 0. 0.] 0.22335371864249934
[1. 1. 1. 1. 1. 1. 0. 1. 1. 0. 1. 1. 1. 0. 0. 0. 0. 0. 1. 0. 0. 1. 0. 1.
 0. 0. 0. 0. 0. 0. 0.] 0.7354792941176471
[1. 0. 0. 0. 1. 1. 0. 1. 1. 1. 1. 0. 1. 1. 0. 0. 0. 1. 1. 0. 0. 1. 0. 1.
 0. 0. 0. 0. 0. 0. 0.] 0.030605926492184514
[1. 1. 1. 0. 1. 0. 0. 1. 0. 0. 1. 1. 1. 0. 0. 0. 0. 0. 0. 0. 0. 0. 1. 1.
 0. 0. 0. 1. 0. 0. 0.] 0.672179294117647
[1. 0. 0. 0. 0. 1. 0. 0. 0. 0. 0. 1. 1. 0. 0. 0. 0. 1. 0. 0. 0. 1. 0. 1.
 0. 0. 0. 0. 0. 0. 0.] 0.2740344806775433
[1. 0. 1. 0. 1. 0. 0. 1. 1. 0. 0. 1. 1. 1. 1. 0. 0. 0. 0. 0. 1. 0. 0. 1.
 0. 0. 0. 0. 0. 0. 0.] 0.5547162352941176
[1. 1. 1. 0. 1. 1. 0. 1. 0. 0. 1. 1. 1. 0. 1. 1. 0. 1. 0. 0. 0. 0. 1. 1.
 0. 0. 0. 1. 0. 0. 0.] 0.6711049411764706
[1. 1. 1. 0. 1. 0. 0. 1. 1. 0. 0. 1. 1. 1. 0. 0. 0. 0. 0. 0. 1. 0. 0. 1.
 0. 0. 0. 0. 0. 0. 0.] 0.5574557647058824
[1. 1. 0. 0. 0. 1. 0. 1. 0. 0. 0. 1. 1. 1. 1. 1. 0. 1. 0. 0. 0. 1. 0. 0.
 0. 0. 0. 1. 0. 0. 1.] 0.06641875716671025
[1. 1. 1. 1. 0. 1. 0. 0. 1. 0. 1. 1. 1. 1. 0. 1. 0. 0. 1. 0. 0. 1. 0. 0.
 0. 0. 1. 1. 0. 0. 0.] 0.23291657446337685
[1. 1. 0. 1. 0. 0. 0. 0. 0. 0. 0. 1. 1. 0. 0. 0. 0. 0. 0. 0. 0. 0. 1. 0.
 0. 0. 0. 0. 0. 1. 0.] 0.03699289867026092
[1. 0. 1. 1. 0. 1. 0. 0. 0. 0. 1. 1. 1. 0. 0. 0. 0. 1. 1. 0. 0. 1. 0. 0.
 1. 1. 0. 0. 0. 0. 0.] 0.12789293689271558
[1. 0. 0. 0. 0. 0. 1. 0. 0. 0. 0. 1. 1. 1. 0. 0. 0. 0. 0. 0. 0. 0. 1. 0.
 0. 0. 0. 0. 0. 0. 0.] 0.09942787020459072
[1. 0. 1. 1. 1. 0. 0. 1. 1. 0. 0. 1. 1. 0. 0. 0. 0. 1. 1. 0. 0. 1. 0. 1.
 0. 0. 0. 0. 0. 0. 0.] 0.7062176470588235
[1. 0. 0. 0. 1. 0. 0. 1. 0. 0. 1. 1. 1. 1. 1. 0. 0. 0. 0. 0. 1. 0. 0. 1.
 0. 0. 0. 1. 0. 0. 0.] 0.3998576470588235
[1. 0. 0. 0. 0. 0. 0. 0. 0. 0. 1. 1. 1. 0. 0. 0. 0. 0. 0. 0. 1. 0. 0. 1.
 0. 0. 0. 0. 0. 0. 0.] 0.27262910136997326
