[0.0, 1, 1.0, 1.0, 0.0, 1.0, 1.0, 0.0, 1.0, 0.0, 0.0, 1.0, 124.7722943] 0.695445886
[1.0, 1.0, 1.0, 1.0, 1.0, 1.0, 1.0, 1, 1.0, 0.0, 0.0, 1, 169.98281] 0.9920294743662488
[0.0, 1.0, 1.0, 1.0, 1.0, 1.0, 0.0, 1.0, 1.0, 1.0, 1.0, 1.0, 125.6215169] 0.7124303380000001
[1.0, 1.0, 0.0, 1.0, 1.0, 1.0, 1.0, 1.0, 0.0, 0.0, 1.0, 0, 169.9990129] 0.992107293668349
[1.0, 1.0, 0.0, 0.0, 0.0, 1.0, 1.0, 0.0, 0.0, 1.0, 0.0, 0.0, 51.60317278] 0
[0.0, 0.0, 1.0, 1.0, 0.0, 1.0, 1.0, 0.0, 0.0, 0.0, 0.0, 0.0, 99.95787477] 0.02931792986312968
[0.0, 1, 1.0, 1.0, 0.0, 1.0, 1.0, 1.0, 0.0, 1.0, 1.0, 1.0, 122.8647802] 0.657295604
[0.0, 0.0, 0.0, 1.0, 1.0, 1.0, 1.0, 0.0, 0.0, 1.0, 1.0, 0.0, 104.7682264] 0.20688105116018096
[1.0, 1.0, 0.0, 1.0, 1.0, 1.0, 1.0, 0.0, 0.0, 0.0, 0.0, 1.0, 170.1596611] 0
[0.0, 0.0, 1.0, 0.0, 0.0, 1.0, 0.0, 0.0, 1.0, 0.0, 0.0, 1.0, 28.61425066] 0
[0.0, 1.0, 1.0, 1.0, 1.0, 0.0, 1.0, 1, 1.0, 1.0, 1.0, 0.0, 117.4273846] 0.548547692
[0.0, 1.0, 1.0, 1.0, 1.0, 1.0, 1.0, 0.0, 0.0, 0.0, 1.0, 0.0, 171.6423678] 1.0
[0.0, 0.0, 0.0, 1.0, 1.0, 1.0, 1.0, 1.0, 1.0, 1, 1.0, 1.0, 105.0349133] 0.21672518772552266
[0.0, 1.0, 1.0, 1.0, 0.0, 1.0, 1.0, 1, 1.0, 1.0, 1.0, 1.0, 125.0057473] 0.700114946
[1.0, 1, 1.0, 1.0, 1.0, 1.0, 1, 1.0, 1.0, 0.0, 1.0, 1.0, 169.4766715] 0.9895985919417388
[0, 1.0, 1.0, 1.0, 0.0, 1.0, 1.0, 0.0, 0.0, 0.0, 0.0, 0.0, 124.4943442] 0.6898868840000001
[0.0, 0.0, 1.0, 1.0, 1.0, 1.0, 1.0, 1, 1.0, 1.0, 0.0, 1.0, 105.2780652] 0.22570058362881726
[0.0, 1.0, 0.0, 1.0, 1.0, 0.0, 1.0, 0.0, 1, 1.0, 0.0, 0.0, 116.4362698] 0.5287253960000001
[1.0, 1.0, 1.0, 1.0, 1.0, 1.0, 0, 0, 1.0, 0.0, 0.0, 0, 122.1857646] 0.643715292
[0, 1.0, 0.0, 1.0, 1.0, 1.0, 0.0, 1.0, 0.0, 0.0, 1.0, 0.0, 124.4168141] 0.688336282
[1.0, 1.0, 1.0, 1.0, 1.0, 1.0, 1.0, 1.0, 1.0, 1.0, 1.0, 0.0, 169.7782757] 0.991047136853731
[1.0, 0.0, 1.0, 0.0, 1.0, 0.0, 1.0, 1.0, 0.0, 1.0, 1.0, 1.0, 16.70391822] 0
[1, 1.0, 1.0, 1, 0.0, 1.0, 1.0, 1.0, 0.0, 1.0, 1, 0.0, 123.7908206] 0.6758164120000001
[0.0, 1.0, 1, 1.0, 1.0, 1.0, 0.0, 1.0, 1.0, 1.0, 0.0, 0.0, 125.0409369] 0.7008187380000002
[1.0, 0.0, 1.0, 1.0, 1.0, 1.0, 1.0, 1.0, 1.0, 0.0, 1.0, 1.0, 103.470978] 0.1589960953983075
[0.0, 0.0, 1.0, 1.0, 1.0, 1.0, 1.0, 0, 1.0, 1.0, 1.0, 1, 105.1290042] 0.22019833795958324
[1.0, 1.0, 1.0, 1.0, 1.0, 0.0, 1, 0.0, 1.0, 1.0, 1.0, 1.0, 115.7480838] 0.5149616760000001
[0.0, 1.0, 0.0, 1, 1.0, 0.0, 1.0, 1.0, 1.0, 1.0, 1, 1.0, 116.1488059] 0.522976118
[0, 1, 1.0, 1.0, 0.0, 1.0, 1.0, 1.0, 1.0, 1.0, 1, 1.0, 125.0057473] 0.700114946
[0.0, 1.0, 1.0, 1.0, 1.0, 1.0, 1.0, 1.0, 0.0, 1.0, 1.0, 0.0, 170.2567158] 0.993344989378822
