[1.0, 0.0, 0.0, 0.0, 0.0, 1, 2.0, 0.0, 2.0, 10, 10.0, 32.0, 13742.0] 0.5193666666666668
[1, 0.0, 0.0, 0.0, 0.0, 0.0, 4.0, 0.0, 2, 8.0, 10.0, 64.0, 18618.2] 0.9761375000000001
[1.0, 0.0, 0, 0.0, 0, 0.0, 4.0, 0.0, 2.0, 10, 8, 128.0, 17769.8] 0.9231125
[1.0, 0.0, 0, 0, 0, 0, 3.0, 0.0, 1.0, 8.0, 8, 0.0, 19673.8] 1.0
[1.0, 0.0, 1.0, 1.0, 1.0, 1, 3.0, 0.0, 1, 8, 8, 64.0, 15666.6] 0.7916625
[1, 0.0, 0.0, 0.0, 0.0, 0, 3, 0.0, 1.0, 8.0, 16, 0.0, 14700.0] 0.6950000000000001
[1.0, 0.0, 0.0, 0.0, 0.0, 0, 1.0, 0.0, 1.0, 8.0, 8, 0.0, 16846.2] 0.8653875000000001
[1, 0.0, 0, 0.0, 0.0, 0.0, 4.0, 0, 1, 8.0, 8.0, 0, 19332.8] 1.0
[1.0, 0.0, 0, 0.0, 0.0, 0.0, 4, 0.0, 1.0, 10.0, 8, 8.0, 16397.6] 0.8373499999999999
[1.0, 0, 1.0, 0.0, 0.0, 0, 2.0, 0.0, 4.0, 128.0, 0.0, 8.0, 9343.8] 0.022919999999999954
[1.0, 1, 1.0, 0.0, 0.0, 1.0, 2.0, 0.0, 3.0, 8.0, 8.0, 32.0, 13949.0] 0.5573166666666667
[1.0, 0.0, 0.0, 0, 0.0, 1, 3.0, 0.0, 2.0, 8.0, 8, 8, 17812.8] 0.9258
[1, 0, 0, 0.0, 0, 1.0, 4.0, 0, 4.0, 8.0, 8, 10, 14884.0] 0.7287333333333335
[1.0, 1.0, 1.0, 1, 1.0, 1.0, 4.0, 0.0, 3.0, 8, 8.0, 0.0, 14762.0] 0.7063666666666668
[1.0, 1.0, 0.0, 0.0, 0.0, 1.0, 3.0, 0.0, 3.0, 8.0, 16.0, 10.0, 10859.8] 0.12398666666666663
[1.0, 0.0, 1.0, 0.0, 0.0, 0.0, 2.0, 0.0, 2.0, 10.0, 8.0, 8.0, 14613.6] 0.6791600000000001
[1.0, 0, 0.0, 0, 0, 0, 4.0, 0.0, 2, 8.0, 8.0, 32, 18805.0] 0.9878125
[1, 0, 1, 0.0, 0.0, 1.0, 2.0, 0.0, 1, 10.0, 10.0, 8.0, 13796.6] 0.5293766666666668
[1.0, 0.0, 1, 0, 0.0, 0.0, 2.0, 0, 2.0, 10.0, 10, 8, 14038.4] 0.5737066666666666
[1.0, 0.0, 0.0, 0.0, 0.0, 0, 3, 0.0, 2.0, 8.0, 10.0, 32.0, 18314.8] 0.9571749999999999
[1.0, 1.0, 0.0, 0, 0.0, 0.0, 4, 0.0, 4.0, 10.0, 10.0, 20.0, 12673.8] 0.3235299999999999
[1, 1.0, 0, 0.0, 0, 0, 4.0, 0.0, 1, 8, 8.0, 0, 16018.4] 0.81365
[1.0, 0.0, 0.0, 0.0, 0.0, 1.0, 4.0, 0.0, 2.0, 10, 20.0, 128.0, 11470.6] 0.1647066666666667
[1.0, 0, 1.0, 1.0, 1.0, 1.0, 2.0, 0.0, 2.0, 8.0, 8, 128, 15681.8] 0.7926124999999999
[1.0, 0.0, 0.0, 0, 0.0, 1, 3.0, 0.0, 3.0, 8.0, 8, 128, 15959.0] 0.8099375
[1.0, 0, 0, 0, 0, 0.0, 4, 0.0, 2.0, 16, 8, 0, 12967.6] 0.3773933333333334
[1.0, 1, 0.0, 0.0, 0.0, 1.0, 4.0, 0.0, 2.0, 8.0, 8.0, 0.0, 15385.4] 0.7740874999999999
[1.0, 0.0, 0, 0.0, 0.0, 1.0, 4.0, 0.0, 2.0, 8.0, 16.0, 10, 13347.0] 0.44695000000000007
[1.0, 0, 0.0, 0.0, 0.0, 0.0, 4, 0.0, 2.0, 8.0, 8.0, 32, 18805.0] 0.9878125
[1.0, 0.0, 0.0, 0.0, 0, 0.0, 4.0, 0.0, 2.0, 10.0, 10.0, 0.0, 17325.0] 0.8953125
