[1.000e+00 1.000e+00 0.000e+00 1.000e+00 0.000e+00 0.000e+00 1.000e+00
 1.000e+00 0.000e+00 0.000e+00 0.000e+00 1.000e+00 1.000e+00 0.000e+00
 4.096e+03 5.000e+00] [0.]
[1.000e+00 1.000e+00 1.000e+00 0.000e+00 0.000e+00 0.000e+00 1.000e+00
 1.000e+00 0.000e+00 0.000e+00 1.000e+00 1.000e+00 1.000e+00 0.000e+00
 4.096e+03 5.000e+00] [0.]
[1.000e+00 1.000e+00 1.000e+00 0.000e+00 0.000e+00 0.000e+00 1.000e+00
 1.000e+00 0.000e+00 0.000e+00 1.000e+00 1.000e+00 1.000e+00 0.000e+00
 4.096e+03 1.000e+00] [0.]
[1.000e+00 1.000e+00 0.000e+00 1.000e+00 0.000e+00 0.000e+00 1.000e+00
 0.000e+00 1.000e+00 1.000e+00 1.000e+00 1.000e+00 1.000e+00 0.000e+00
 2.048e+03 0.000e+00] [0.]
[1.000e+00 1.000e+00 0.000e+00 1.000e+00 1.000e+00 0.000e+00 0.000e+00
 1.000e+00 0.000e+00 0.000e+00 0.000e+00 1.000e+00 0.000e+00 1.000e+00
 1.024e+03 5.000e+00] [0.]
[  1.   1.   0.   1.   0.   0.   0.   1.   0.   0.   1.   1.   0.   1.
 512.   1.] [0.]
[  1.   1.   1.   0.   0.   0.   1.   1.   0.   0.   0.   1.   0.   1.
 512.   1.] [0.04255556]
[6.21894135e-01 7.44963584e-01 9.70510173e-01 4.77849969e-02
 1.43965643e-01 1.12696653e-01 2.37968355e-01 9.41415871e-01
 5.15329218e-02 3.38850692e-02 7.16864884e-01 7.48753970e-01
 9.07924386e-01 5.09697445e-02 1.05942188e+03 1.70683725e+00] [1.]
[9.07043384e-01 9.22990886e-01 2.12629815e-02 5.47534151e-01
 3.65791624e-02 8.78810991e-01 1.97291988e-01 5.09218400e-01
 4.91441017e-01 1.12224613e-02 5.02295726e-01 9.11145706e-01
 7.80153311e-01 2.79953023e-01 1.35567608e+03 3.65186730e+00] [0.04122222]
[1.000e+00 1.000e+00 0.000e+00 1.000e+00 0.000e+00 0.000e+00 1.000e+00
 0.000e+00 1.000e+00 1.000e+00 1.000e+00 1.000e+00 1.000e+00 0.000e+00
 1.024e+03 0.000e+00] [0.]
[1.000e+00 1.000e+00 0.000e+00 1.000e+00 0.000e+00 1.000e+00 1.000e+00
 1.000e+00 0.000e+00 0.000e+00 1.000e+00 1.000e+00 1.000e+00 0.000e+00
 1.024e+03 9.000e+00] [0.]
[1.000e+00 1.000e+00 1.000e+00 0.000e+00 0.000e+00 0.000e+00 0.000e+00
 1.000e+00 0.000e+00 0.000e+00 1.000e+00 1.000e+00 1.000e+00 0.000e+00
 4.096e+03 9.000e+00] [0.]
[1.000e+00 1.000e+00 0.000e+00 1.000e+00 1.000e+00 0.000e+00 1.000e+00
 1.000e+00 0.000e+00 0.000e+00 1.000e+00 1.000e+00 1.000e+00 0.000e+00
 4.096e+03 1.000e+00] [0.]
[1.000e+00 1.000e+00 0.000e+00 1.000e+00 0.000e+00 0.000e+00 1.000e+00
 0.000e+00 1.000e+00 1.000e+00 0.000e+00 1.000e+00 1.000e+00 0.000e+00
 2.048e+03 0.000e+00] [0.]
[  1.   1.   0.   1.   1.   0.   1.   1.   0.   0.   0.   1.   1.   0.
 512.   5.] [0.]
[1.000e+00 1.000e+00 0.000e+00 1.000e+00 0.000e+00 0.000e+00 1.000e+00
 1.000e+00 0.000e+00 0.000e+00 1.000e+00 1.000e+00 0.000e+00 1.000e+00
 4.096e+03 1.000e+00] [0.3964]
[1.000e+00 1.000e+00 1.000e+00 0.000e+00 0.000e+00 0.000e+00 0.000e+00
 1.000e+00 0.000e+00 0.000e+00 0.000e+00 1.000e+00 0.000e+00 1.000e+00
 1.024e+03 5.000e+00] [0.01788889]
[1.000e+00 1.000e+00 0.000e+00 1.000e+00 0.000e+00 0.000e+00 0.000e+00
 0.000e+00 1.000e+00 0.000e+00 1.000e+00 1.000e+00 1.000e+00 0.000e+00
 2.048e+03 0.000e+00] [0.00566667]
[6.86277518e-01 9.97793649e-01 3.89054798e-01 9.57565385e-01
 2.64949204e-01 3.58205314e-01 8.76664915e-01 8.96438200e-01
 6.07989814e-02 5.50875196e-02 6.02666205e-01 6.37363876e-01
 6.56557084e-01 9.33840020e-02 1.78369743e+03 2.90232658e+00] [0.02488889]
[  1.   1.   0.   1.   0.   0.   0.   1.   0.   0.   0.   1.   0.   1.
 512.   1.] [0.23506667]
[6.03431485e-01 7.71367224e-01 2.86003753e-01 9.92500488e-01
 9.73972229e-01 3.78518490e-01 1.27042121e-01 8.07437133e-01
 6.05873866e-03 2.15299736e-02 8.73759386e-01 9.15221118e-01
 3.31057906e-01 9.67223073e-01 2.70921836e+03 4.04460902e+00] [0.17466667]
[1.000e+00 1.000e+00 1.000e+00 0.000e+00 0.000e+00 0.000e+00 0.000e+00
 0.000e+00 1.000e+00 1.000e+00 0.000e+00 1.000e+00 1.000e+00 0.000e+00
 1.024e+03 0.000e+00] [0.]
[1.000e+00 1.000e+00 1.000e+00 0.000e+00 0.000e+00 0.000e+00 0.000e+00
 1.000e+00 0.000e+00 0.000e+00 1.000e+00 1.000e+00 1.000e+00 0.000e+00
 4.096e+03 1.000e+00] [0.]
[7.49621408e-01 2.41893679e-01 3.25927496e-01 9.50632808e-01
 3.71823100e-01 1.22261469e-01 3.64565995e-01 6.60774112e-01
 3.46398240e-01 1.12450149e-02 6.75708259e-02 9.69070613e-01
 7.15000980e-02 6.50849044e-01 4.12477626e+02 4.12650305e+00] [0.4379]
[1.000e+00 1.000e+00 0.000e+00 1.000e+00 1.000e+00 0.000e+00 0.000e+00
 0.000e+00 1.000e+00 0.000e+00 1.000e+00 1.000e+00 0.000e+00 1.000e+00
 4.096e+03 0.000e+00] [0.22053333]
[1.000e+00 1.000e+00 0.000e+00 1.000e+00 1.000e+00 0.000e+00 0.000e+00
 1.000e+00 0.000e+00 0.000e+00 1.000e+00 1.000e+00 0.000e+00 1.000e+00
 4.096e+03 9.000e+00] [0.]
[1.000e+00 1.000e+00 1.000e+00 0.000e+00 0.000e+00 0.000e+00 0.000e+00
 1.000e+00 0.000e+00 0.000e+00 0.000e+00 1.000e+00 0.000e+00 1.000e+00
 1.024e+03 5.000e+00] [0.04355556]
[1.000e+00 1.000e+00 0.000e+00 1.000e+00 1.000e+00 0.000e+00 1.000e+00
 0.000e+00 1.000e+00 0.000e+00 1.000e+00 1.000e+00 1.000e+00 0.000e+00
 2.048e+03 0.000e+00] [0.]
[1.000e+00 1.000e+00 0.000e+00 1.000e+00 1.000e+00 0.000e+00 0.000e+00
 1.000e+00 0.000e+00 0.000e+00 1.000e+00 1.000e+00 0.000e+00 1.000e+00
 1.024e+03 1.000e+00] [0.03455556]
[1.000e+00 1.000e+00 0.000e+00 1.000e+00 1.000e+00 0.000e+00 0.000e+00
 1.000e+00 0.000e+00 0.000e+00 0.000e+00 1.000e+00 0.000e+00 1.000e+00
 2.048e+03 1.000e+00] [0.01877778]
