[1.0, 0.0, 0.0, 0.0, 0.0, 1.0, 3.0, 0.0, 2.0, 10.0, 20.0, 16.0, 10527.6] 0.10184000000000003
[1.0, 0, 0.0, 0, 0.0, 0, 4.0, 0.0, 1.0, 8.0, 8.0, 0.0, 19332.8] 1.0
[1, 0, 1.0, 1.0, 1.0, 0.0, 4.0, 0.0, 4.0, 10.0, 8.0, 128.0, 13294.0] 0.3941
[1.0, 0, 0.0, 0.0, 0.0, 1, 2.0, 0.0, 1, 8.0, 16.0, 64.0, 11840.8] 0.18938666666666662
[1.0, 0, 1.0, 0.0, 0.0, 1.0, 4.0, 0.0, 3.0, 8.0, 10.0, 0.0, 14273.0] 0.5273
[1.0, 0.0, 1.0, 1.0, 1.0, 1, 2.0, 0.0, 2, 8.0, 8.0, 64, 15600.2] 0.66002
[1.0, 0.0, 1.0, 1.0, 1.0, 0.0, 2.0, 0.0, 1.0, 10.0, 10, 64.0, 13681.6] 0.4522400000000001
[1.0, 0.0, 1.0, 0.0, 0.0, 0.0, 2, 0.0, 3.0, 8, 8.0, 64.0, 15339.0] 0.6339
[1.0, 0.0, 1.0, 1.0, 1.0, 0.0, 1.0, 0.0, 2.0, 8.0, 8.0, 64.0, 16241.0] 0.7241
[1, 0.0, 1.0, 1, 1.0, 1.0, 3, 0.0, 2, 16.0, 10.0, 32, 11071.4] 0.13809333333333332
[1.0, 0.0, 1.0, 0.0, 0.0, 0, 2.0, 0, 1, 10.0, 8.0, 64.0, 15477.4] 0.64774
[1, 0.0, 0.0, 0.0, 0, 0.0, 4, 0.0, 1.0, 10.0, 10.0, 0.0, 17357.2] 0.83572
[1.0, 0.0, 1.0, 0.0, 0.0, 0.0, 2, 0.0, 2.0, 16, 8.0, 16.0, 11391.0] 0.15940000000000001
[1.0, 1.0, 0.0, 0.0, 0, 0, 3.0, 0.0, 1.0, 8.0, 10.0, 64.0, 14729.8] 0.5729799999999999
[1.0, 0, 0.0, 0.0, 0.0, 1.0, 4.0, 0.0, 2.0, 8.0, 16.0, 8, 13503.2] 0.4254800000000001
[1.0, 0.0, 1.0, 1.0, 1.0, 1.0, 2, 0.0, 4, 8, 10.0, 0, 13606.8] 0.4410199999999999
[1.0, 0.0, 1.0, 0, 0.0, 0.0, 4.0, 0, 2.0, 8.0, 10.0, 16.0, 14221.2] 0.52212
[1.0, 0.0, 1.0, 0.0, 0.0, 0.0, 1.0, 0.0, 3.0, 8.0, 8.0, 64.0, 15421.6] 0.6421600000000001
[1.0, 0.0, 1.0, 0.0, 0.0, 0.0, 2.0, 0, 1.0, 10.0, 8.0, 64.0, 15477.4] 0.64774
[1, 0, 1.0, 0.0, 0.0, 0.0, 2.0, 0.0, 3, 8.0, 8.0, 0, 15595.0] 0.6595
[1.0, 0.0, 0.0, 0.0, 0.0, 0.0, 2.0, 0.0, 4.0, 8.0, 20.0, 8.0, 9470.6] 0.03137333333333336
[1.0, 0, 1.0, 0, 0.0, 1.0, 3.0, 0.0, 1.0, 10.0, 10.0, 0.0, 13935.4] 0.4903099999999999
[1.0, 0.0, 1.0, 0.0, 0.0, 1.0, 3.0, 0.0, 2.0, 10, 8.0, 10, 13643.2] 0.4464800000000001
[1.0, 1.0, 1.0, 1, 1.0, 0.0, 1.0, 0.0, 4.0, 8.0, 8.0, 0.0, 14659.8] 0.5659799999999999
[1, 0.0, 1.0, 1.0, 1.0, 0, 3, 0, 2.0, 8.0, 10.0, 10.0, 14611.0] 0.5611
[1.0, 0.0, 1.0, 0.0, 0.0, 1.0, 2, 0.0, 2.0, 8.0, 8.0, 10.0, 15619.6] 0.6619600000000001
[1, 0.0, 0.0, 0, 0, 0.0, 3.0, 0.0, 1.0, 8.0, 8.0, 10, 18828.6] 0.9828599999999998
[1, 0.0, 1.0, 0.0, 0.0, 0.0, 2, 0, 2.0, 8, 20.0, 0.0, 11469.6] 0.16464000000000004
[1.0, 0.0, 1.0, 1.0, 1.0, 1.0, 3.0, 0.0, 2.0, 10.0, 10.0, 32.0, 13037.2] 0.3555800000000001
[1.0, 0.0, 0.0, 0.0, 0.0, 0.0, 3.0, 0.0, 4.0, 8.0, 10.0, 16.0, 14493.2] 0.54932
