[0, 0.0, 0.0, 1.0, 0.0, 0.0, 1.0, 0.0, 0.0, 0.0, 0.0, 0.0, 1.0, 1.0, 0.0, 0.0, 1.0, 10.0, 5.12] 0.3941176470588236
[0.0, 0.0, 0.0, 1.0, 0.0, 1, 1.0, 0.0, 0.0, 0.0, 0.0, 0, 0.0, 1.0, 1.0, 0.0, 1, 10, 7.46] 0.9116279069767441
[0.0, 0, 1.0, 1.0, 0.0, 1.0, 0.0, 0.0, 0.0, 0.0, 0.0, 0, 1, 1.0, 0.0, 0.0, 1, 10.0, 7.76] 0.9465116279069767
[0.0, 0, 1.0, 1, 0.0, 0.0, 0.0, 0, 0.0, 0.0, 0.0, 1.0, 1.0, 0, 0.0, 0, 1.0, 10.0, 6.52] 0.8023255813953488
[0, 0.0, 1.0, 1.0, 0.0, 0.0, 0.0, 0.0, 0, 0.0, 0.0, 0.0, 0.0, 1.0, 0.0, 1.0, 0.0, 10.0, 7.14] 0.8744186046511627
[0.0, 0.0, 1, 1.0, 0.0, 0, 1.0, 0.0, 0, 1.0, 0.0, 1.0, 1, 1.0, 0.0, 0, 0.0, 10.0, 7.46] 0.9116279069767441
[0.0, 0.0, 1, 1, 0, 0.0, 0, 0.0, 0.0, 1.0, 0, 1, 0.0, 1, 0.0, 0.0, 0, 10.0, 7.82] 0.9534883720930233
[0.0, 0.0, 1, 1.0, 0.0, 0, 1.0, 0.0, 0.0, 0.0, 0.0, 1.0, 1.0, 1.0, 0.0, 0.0, 1.0, 10.0, 7.71] 0.9406976744186046
[0.0, 0.0, 0, 1.0, 0.0, 0.0, 1.0, 0.0, 0.0, 0.0, 0.0, 1, 0.0, 1.0, 1.0, 1, 0.0, 10.0, 7.09] 0.8686046511627907
[0.0, 0, 1.0, 1.0, 0.0, 1, 0.0, 0, 0.0, 0, 0.0, 1.0, 0, 1, 0.0, 1.0, 0.0, 10.0, 7.77] 0.9476744186046511
[0.0, 0.0, 1, 1.0, 0.0, 0, 1, 0.0, 0.0, 1.0, 0.0, 0, 0, 0, 0, 0.0, 0.0, 10.0, 6.39] 0.7676470588235293
[0.0, 0.0, 1.0, 1.0, 0.0, 0.0, 0.0, 0.0, 0.0, 1, 0.0, 1.0, 0, 1, 0.0, 0.0, 0, 10, 7.82] 0.9534883720930233
[0.0, 0, 0.0, 1.0, 0.0, 0, 0.0, 0.0, 0, 0.0, 0, 0.0, 1, 1.0, 1.0, 1, 0.0, 10.0, 7.29] 0.891860465116279
[0.0, 0.0, 0.0, 1.0, 0.0, 0.0, 1.0, 0.0, 0, 1.0, 0.0, 1.0, 0, 1.0, 1, 0.0, 0, 10.0, 7.51] 0.9174418604651162
[0.0, 0, 0, 1, 0.0, 1, 1.0, 0.0, 0.0, 1.0, 0, 1, 0, 1, 1.0, 0.0, 0, 10, 7.71] 0.9406976744186046
[0, 0, 0.0, 1.0, 0.0, 1, 1, 0.0, 1, 1.0, 0.0, 1.0, 1, 1.0, 0.0, 0.0, 0, 10.0, 5.13] 0.3970588235294118
[0.0, 0.0, 0.0, 1.0, 0, 1, 1, 0.0, 0.0, 0.0, 0.0, 1.0, 1.0, 1, 1, 1.0, 0, 10, 7.25] 0.8872093023255814
[0.0, 0.0, 1, 1.0, 0.0, 1, 0.0, 0.0, 0.0, 0.0, 0.0, 0.0, 1.0, 1.0, 0.0, 0.0, 1.0, 10.0, 7.76] 0.9465116279069767
[0.0, 0.0, 0.0, 1.0, 0.0, 0.0, 1, 0, 0, 0.0, 0.0, 1.0, 1.0, 1.0, 0.0, 0.0, 1.0, 10.0, 5.46] 0.49411764705882355
[0.0, 0.0, 0.0, 1.0, 0.0, 0.0, 1, 0.0, 0.0, 0.0, 0.0, 0.0, 0.0, 0, 1, 0.0, 1.0, 10.0, 6.2] 0.711764705882353
[0.0, 0.0, 1.0, 1.0, 0, 1, 1, 0.0, 0.0, 0.0, 0.0, 1.0, 1.0, 1, 0.0, 0.0, 1, 10.0, 7.56] 0.9232558139534883
[0.0, 0.0, 1.0, 1.0, 0.0, 0.0, 0.0, 0.0, 0.0, 1.0, 0.0, 1.0, 0.0, 1.0, 0.0, 0, 0.0, 10.0, 7.82] 0.9534883720930233
[0, 0, 1, 1.0, 0.0, 0.0, 0, 0.0, 0, 0, 0, 1, 1.0, 1.0, 0.0, 1.0, 0.0, 10.0, 7.53] 0.9197674418604651
[0.0, 0, 0.0, 1.0, 0.0, 0.0, 1, 0.0, 0.0, 1.0, 0.0, 0, 1.0, 1.0, 1.0, 0.0, 0.0, 10.0, 6.75] 0.8290697674418605
[0, 0.0, 1.0, 1, 0.0, 0, 1, 0.0, 0.0, 0.0, 0.0, 1, 1.0, 1, 0.0, 0, 1.0, 10, 7.71] 0.9406976744186046
[0.0, 0.0, 0.0, 1.0, 0.0, 0, 0.0, 0, 0, 1.0, 0.0, 0, 0, 1, 0.0, 0.0, 0.0, 10.0, 4.68] 0.2818181818181818
[0.0, 0.0, 0, 1.0, 0.0, 1.0, 1.0, 0.0, 0.0, 0.0, 0.0, 1, 1.0, 1, 1, 1.0, 0.0, 10.0, 7.25] 0.8872093023255814
[0.0, 0.0, 0.0, 1.0, 0.0, 0.0, 0.0, 0.0, 0.0, 0.0, 0.0, 0.0, 1.0, 1, 1.0, 1.0, 0.0, 10, 7.29] 0.891860465116279
[0.0, 0.0, 0.0, 1.0, 0.0, 0.0, 0, 0, 0.0, 0, 0.0, 1.0, 1.0, 1.0, 1, 0.0, 1, 10, 7.19] 0.8802325581395349
[0.0, 0.0, 1, 1.0, 0.0, 1.0, 1, 0, 0.0, 0.0, 0.0, 1.0, 0, 1, 0.0, 0.0, 1.0, 10, 7.95] 0.9686046511627907
