[1, 1.0, 0.0, 1, 1.0, 1, 1, 0, 0, 1.0, 1.0, 0, 170.7705431] 0.9987830878197189
[0, 1, 1, 1.0, 1.0, 1.0, 1.0, 0.0, 0, 0, 0.0, 1.0, 171.5690527] 0.9998976651634341
[0.0, 1.0, 1, 1, 1.0, 1.0, 1, 0, 0, 0, 0.0, 1, 171.5690527] 0.9998976651634341
[0.0, 1.0, 0.0, 1, 1.0, 1, 1.0, 1.0, 1.0, 0.0, 0.0, 0.0, 170.6651847] 0.9986360262369777
[0, 1, 1, 1.0, 1.0, 1, 1.0, 0, 0.0, 0, 0.0, 1.0, 171.5690527] 0.9998976651634341
[0.0, 1.0, 1.0, 1.0, 1, 1.0, 1.0, 0, 0, 0, 1.0, 0, 171.6423678] 1.0
[0, 1.0, 0, 1.0, 1.0, 1.0, 1.0, 1, 0, 0.0, 1, 0.0, 170.735281] 0.9987338682013801
[0, 1, 1, 1, 1.0, 1.0, 1.0, 0.0, 0, 0, 1, 0.0, 171.6423678] 1.0
[0.0, 1.0, 1, 1.0, 1.0, 1, 1, 0, 0, 0, 1, 0.0, 171.6423678] 1.0
[0, 1.0, 1, 1.0, 1, 1.0, 1.0, 0, 0.0, 0, 0, 1.0, 171.5690527] 0.9998976651634341
[0, 1.0, 0.0, 1.0, 1.0, 1, 1.0, 0.0, 0, 0.0, 0.0, 1, 171.4235804] 0.9996946117127078
[1, 1.0, 0.0, 1.0, 1, 1, 1.0, 0, 0, 1.0, 1.0, 0.0, 170.7705431] 0.9987830878197189
[0.0, 1.0, 1.0, 1.0, 1, 1.0, 1, 0.0, 0.0, 0.0, 0, 1, 171.5690527] 0.9998976651634341
[0.0, 1.0, 1.0, 1.0, 1.0, 1.0, 1.0, 0, 0.0, 0, 1, 0, 171.6423678] 1.0
[1.0, 1.0, 0, 1.0, 1, 1.0, 1.0, 1, 0, 1, 0.0, 0, 170.4227512] 0.9982976322008162
[0, 1.0, 1, 1.0, 1.0, 1, 1.0, 0, 0.0, 0, 0.0, 1, 171.5690527] 0.9998976651634341
[0.0, 1, 1, 1, 1.0, 1, 1.0, 0.0, 0, 0.0, 1, 0, 171.6423678] 1.0
[0, 1.0, 1, 1.0, 1.0, 1.0, 1, 0.0, 0.0, 0.0, 1, 0, 171.6423678] 1.0
[0, 1.0, 1.0, 1.0, 1, 1.0, 1.0, 0.0, 0, 0, 1.0, 0, 171.6423678] 1.0
[1.0, 1, 0, 1.0, 1.0, 1.0, 1.0, 0.0, 0, 1.0, 1, 0.0, 170.7705431] 0.9987830878197189
[0, 1.0, 1.0, 1.0, 1.0, 1.0, 1.0, 0.0, 0.0, 0, 0.0, 1, 171.5690527] 0.9998976651634341
[0.0, 1.0, 0.0, 1.0, 1.0, 1.0, 1.0, 0.0, 1.0, 1.0, 0.0, 1.0, 171.1972303] 0.9993786672416486
[0, 1.0, 1, 1.0, 1, 1, 1, 0.0, 0.0, 0.0, 1, 0.0, 171.6423678] 1.0
[0, 1.0, 1.0, 1.0, 1, 1.0, 1.0, 1.0, 1.0, 0, 1.0, 1.0, 170.6282685] 0.9985844977893096
[0, 1.0, 1, 1.0, 1.0, 1.0, 1.0, 0.0, 0, 0.0, 1, 0.0, 171.6423678] 1.0
[0, 1.0, 1, 1, 1.0, 1.0, 1.0, 1, 1.0, 0.0, 1, 1, 170.6282685] 0.9985844977893096
[0, 1.0, 0, 1, 1, 1, 1, 0, 0, 0, 0, 1, 171.4235804] 0.9996946117127078
[0, 1, 1, 1, 1.0, 1, 1, 0, 0, 0, 0.0, 1, 171.5690527] 0.9998976651634341
[0.0, 1.0, 1.0, 1.0, 1.0, 1.0, 1.0, 1.0, 1, 0.0, 1.0, 1.0, 170.6282685] 0.9985844977893096
[0, 1.0, 1, 1, 1, 1.0, 1.0, 0.0, 0, 0, 0.0, 1, 171.5690527] 0.9998976651634341
