[1, 1, 0, 1, 1, 0, 0, 0, 0, 1, 0, 10, 4096, 10] 0.5
[1, 0, 1, 1, 1, 0, 0, 0, 1, 0, 1, 80, 2048, 8] 0.24150619834710746
[1, 1, 0, 1, 1, 0, 1, 0, 0, 0, 0, 90, 64, 10] 0.010964876033057791
[1, 1, 1, 1, 1, 0, 0, 0, 0, 1, 0, 100, 2048, 8] 0.21434090909090905
[1, 0, 1, 1, 1, 0, 0, 0, 0, 1, 1, 50, 8, 8] 0.20633884297520666
[1, 0, 1, 1, 1, 0, 0, 0, 0, 1, 1, 90, 1024, 8] 0.2075475206611571
[1, 1, 1, 0, 1, 1, 0, 0, 0, 0, 1, 10, 1024, 6] 0
[1, 0, 0, 1, 1, 0, 1, 0, 0, 0, 0, 30, 512, 8] 0.01704132231404965
[1, 0, 1, 1, 1, 1, 0, 0, 0, 0, 1, 60, 2048, 6] 0
[1, 0, 0, 1, 1, 0, 1, 0, 0, 0, 0, 70, 2048, 6] 0
[1, 0, 1, 1, 1, 1, 0, 0, 0, 0, 1, 30, 1024, 8] 0.019487603305785063
[1, 0, 1, 1, 1, 0, 1, 0, 0, 0, 0, 70, 2048, 8] 0.015080578512396725
[1, 1, 0, 1, 1, 0, 1, 0, 0, 0, 0, 70, 512, 8] 0.013163223140495837
[1, 0, 1, 1, 1, 0, 0, 0, 0, 1, 1, 50, 512, 10] 0.5
[1, 1, 1, 0, 1, 0, 0, 0, 0, 1, 1, 50, 4096, 8] 0.210892561983471
[1, 1, 1, 1, 1, 0, 0, 0, 0, 1, 0, 0, 2048, 8] 0.20193181818181818
[1, 0, 1, 1, 1, 0, 0, 0, 0, 1, 1, 80, 1024, 8] 0.20118595041322318
[1, 1, 0, 1, 1, 0, 0, 0, 0, 1, 1, 20, 128, 10] 0.5
[1, 1, 1, 0, 1, 1, 0, 0, 0, 0, 0, 50, 2048, 10] 0
[1, 0, 0, 1, 1, 0, 0, 0, 1, 0, 1, 100, 8, 8] 0.23926033057851234
[1, 0, 1, 1, 1, 0, 0, 0, 0, 1, 0, 80, 2048, 8] 0.20337396694214882
[1, 0, 1, 1, 1, 0, 0, 0, 1, 0, 1, 60, 2048, 8] 0.23975826446280998
[1, 0, 1, 1, 1, 1, 0, 0, 0, 0, 1, 70, 1024, 8] 0.013849173553719068
[1, 1, 1, 1, 1, 1, 0, 0, 0, 0, 1, 70, 2048, 10] 0.013694214876033117
[1, 0, 1, 1, 1, 0, 0, 0, 1, 0, 1, 90, 32, 8] 0.24515082644628106
[1, 1, 1, 0, 1, 0, 0, 0, 1, 0, 1, 90, 2048, 10] 0.10242768595041322
[1, 1, 1, 1, 1, 1, 0, 0, 0, 0, 0, 80, 1024, 8] 0.011202479338842915
[1, 0, 1, 1, 1, 0, 0, 0, 0, 1, 1, 50, 512, 10] 0.5
[1, 1, 1, 1, 1, 0, 0, 0, 1, 0, 1, 90, 1024, 8] 0.2442789256198347
[1, 0, 0, 1, 1, 0, 1, 0, 0, 0, 1, 0, 2048, 6] 0.2297148760330578
