[1.000e+00 0.000e+00 0.000e+00 1.000e+00 1.000e+00 1.000e+00 0.000e+00
 0.000e+00 0.000e+00 0.000e+00 0.000e+00 7.000e+01 2.048e+03 6.000e+00] 0
[ 1.  1.  0.  1.  1.  0.  0.  0.  0.  1.  0.  0. 16. 10.] 0.5
[ 1.  1.  0.  0.  1.  0.  0.  0.  0.  1.  0. 20. 64. 10.] 0.5
[ 1.  0.  1.  1.  1.  0.  0.  0.  1.  0.  1. 90. 32. 10.] 0.6841900000000002
[9.98645773e-01 2.75121301e-01 9.94328596e-02 8.06272089e-01
 6.91910886e-01 4.38477541e-01 6.73112820e-01 5.44171481e-02
 2.58993488e-02 2.43580848e-01 9.95253752e-01 1.25622489e+00
 8.44757987e+02 5.05961418e+00] 0.22751239669421486
[ 1.  1.  0.  0.  1.  0.  0.  0.  0.  1.  0. 50.  2. 10.] 0.5
[  1.   1.   1.   0.   1.   0.   0.   0.   1.   0.   1.  20. 256.  10.] 0.23143595041322315
[ 1.  1.  1.  1.  1.  1.  0.  0.  0.  0.  0. 40.  1.  8.] 0.24452892561983466
[  1.   1.   0.   1.   1.   1.   0.   0.   0.   0.   0.   0. 512.   8.] 0.3121921487603307
[ 1.  1.  0.  1.  1.  1.  0.  0.  0.  0.  1. 20. 16. 10.] 0.03897933884297518
[  1.   0.   1.   1.   1.   0.   0.   0.   1.   0.   0.  20. 256.  10.] 0.675275
[  1.   0.   0.   0.   1.   0.   0.   0.   0.   1.   0. 100.   8.  10.] 0.5
[  1.   1.   0.   1.   1.   0.   0.   0.   1.   0.   1.  90. 256.   8.] 0.24423553719008265
[ 1.  1.  1.  0.  1.  0.  0.  0.  0.  1.  0.  0.  2. 10.] 0.5
[ 1.  0.  0.  1.  1.  1.  0.  0.  0.  0.  1. 50.  1.  8.] 0.24764049586776865
[1.000e+00 0.000e+00 0.000e+00 1.000e+00 1.000e+00 0.000e+00 0.000e+00
 0.000e+00 1.000e+00 0.000e+00 0.000e+00 4.000e+01 2.048e+03 1.000e+01] 0.6911449999999997
[ 1.  0.  1.  0.  1.  0.  0.  0.  0.  1.  1. 70.  1. 10.] 0.5
[ 1.  1.  0.  0.  1.  0.  0.  0.  1.  0.  0.  0.  8. 10.] 0.5
[ 1.  0.  1.  1.  1.  1.  0.  0.  0.  0.  1. 60.  4.  6.] 0.015834710743801682
[  1.   1.   0.   1.   1.   0.   0.   0.   0.   1.   1.  70. 512.  10.] 0.5
[  1.   1.   0.   0.   1.   0.   1.   0.   0.   0.   0.  50. 512.  10.] 0
[ 1.  1.  1.  1.  1.  0.  0.  0.  1.  0.  1. 60. 32. 10.] 0.6976974999999999
[ 1.  1.  0.  1.  1.  0.  0.  0.  1.  0.  0. 80. 64. 10.] 0.6985625
[  1.   0.   0.   1.   1.   0.   1.   0.   0.   0.   0.  20. 256.   6.] 0
[ 1.  1.  1.  1.  1.  0.  0.  0.  0.  1.  0. 90. 16.  8.] 0.2071797520661157
[  1.   0.   1.   0.   1.   1.   0.   0.   0.   0.   1.  60. 128.   6.] 0
[ 1.  0.  1.  1.  1.  0.  0.  0.  1.  0.  1. 80. 32.  8.] 0.24655785123966945
[  1.   0.   0.   1.   1.   0.   0.   0.   0.   1.   1.  30. 128.  10.] 0.5
[  1.   1.   1.   1.   1.   0.   0.   0.   0.   1.   1.  80. 128.  10.] 0.5
[ 1.  1.  1.  1.  1.  0.  1.  0.  0.  0.  1. 60.  2. 10.] 0.1648057851239669

