[] 0
[] 0
[] 0
[1.0, 1.0, 1.0, 1.0, 1.0, 0.0, 4.0, 0.0, 3.0, 8.0, 10.0, 0.0] 0.09563380281690141
[] 0
[] 0
[1.0, 0.0, 0.0, 0.0, 0.0, 0.0, 3.0, 0.0, 3.0, 10.0, 8.0, 0.0] 0.14547999999999994
[1.0, 1.0, 0.0, 0.0, 0.0, 0.0, 2.0, 0.0, 4.0, 8.0, 10.0, 10.0] 0.030211267605633804
[] 0
[] 0
[] 0
[1.0, 0.0, 0.0, 0.0, 0.0, 1.0, 4.0, 0.0, 1.0, 8.0, 8.0, 32.0] 0.8666499999999997
[1.0, 0.0, 0.0, 0.0, 0.0, 1.0, 2.0, 0.0, 1.0, 10.0, 8.0, 20.0] 0.13895999999999986
[] 0
[1.0, 0.0, 0.0, 0.0, 0.0, 0.0, 3.0, 0.0, 4.0, 8.0, 8.0, 8.0] 0.40924000000000016
[] 0
[1.0, 1.0, 1.0, 0.0, 0.0, 1.0, 3.0, 0.0, 2.0, 8.0, 10.0, 128.0] 0.041323943661971785
[] 0
[] 0
[] 0
[] 0
[] 0
[] 0
[] 0
[] 0
[] 0
[] 0
[] 0
[] 0
[] 0
