[0.0, 1.0, 0.0, 1.0, 0.0, 0.0, 0.0, 1.0, 0.0, 1.0, 0.0, 1024.0, 6.0, 2.0, 2865.86] 0.819716502053373
[0.0, 1.0, 0.0, 1.0, 0.0, 0.0, 0.0, 1.0, 1.0, 0.0, 0.0, 4096.0, 6.0, 6.0, 4341.18] 0.9934445147710379
[0.0, 1.0, 0.0, 1.0, 0.0, 0.0, 1.0, 1.0, 0.0, 0.0, 0.0, 4096.0, 6.0, 6.0, 4396.85] 1.0
[0.0, 1.0, 0.0, 1.0, 0.0, 0.0, 1.0, 1.0, 0.0, 0.0, 0.0, 4096.0, 6.0, 6.0, 4396.85] 1.0
[0.0, 1.0, 0.0, 1.0, 0.0, 1.0, 1.0, 0.0, 0.0, 0.0, 0.0, 4096.0, 6.0, 6.0, 700.314] 0.4237141176470588
[0.0, 1.0, 0.0, 1.0, 0.0, 0.0, 1.0, 1.0, 0.0, 0.0, 0.0, 4096.0, 6.0, 6.0, 4396.85] 1.0
[0.0, 1.0, 0.0, 1.0, 0.0, 0.0, 1.0, 1.0, 0.0, 0.0, 0.0, 4096.0, 6.0, 6.0, 4396.85] 1.0
[0.0, 1.0, 0.0, 1.0, 0.0, 0.0, 0.0, 1.0, 0.0, 1.0, 0.0, 4096.0, 6.0, 6.0, 4392.68] 0.9995089568276492
[0.0, 1.0, 0.0, 1.0, 0.0, 0.0, 1.0, 1.0, 0.0, 0.0, 0.0, 4096.0, 6.0, 6.0, 4396.85] 1.0
[0.0, 1.0, 0.0, 1.0, 0.0, 0.0, 1.0, 1.0, 0.0, 0.0, 0.0, 4096.0, 6.0, 6.0, 4396.85] 1.0
[0.0, 1.0, 0.0, 1.0, 0.0, 0.0, 0.0, 1.0, 1.0, 0.0, 0.0, 4096.0, 5.0, 5.0, 3634.64] 0.9102450800005888
[0.0, 1.0, 0.0, 1.0, 0.0, 0.0, 0.0, 1.0, 0.0, 1.0, 0.0, 64.0, 6.0, 4.0, 3474.53] 0.8913911417931318
[0.0, 1.0, 0.0, 1.0, 0.0, 0.0, 1.0, 1.0, 0.0, 0.0, 0.0, 4096.0, 6.0, 6.0, 4396.85] 1.0
[0.0, 1.0, 0.0, 1.0, 0.0, 0.0, 1.0, 1.0, 0.0, 0.0, 0.0, 4096.0, 6.0, 6.0, 4396.85] 1.0
[0.0, 1.0, 0.0, 1.0, 0.0, 0.0, 0.0, 1.0, 1.0, 0.0, 0.0, 4096.0, 6.0, 6.0, 4341.18] 0.9934445147710379
[0.0, 1.0, 0.0, 1.0, 0.0, 0.0, 1.0, 1.0, 0.0, 0.0, 0.0, 4096.0, 6.0, 6.0, 4396.85] 1.0
[0.0, 1.0, 0.0, 1.0, 0.0, 0.0, 0.0, 1.0, 0.0, 1.0, 0.0, 4096.0, 6.0, 4.0, 3686.21] 0.9163177649881508
[0.0, 1.0, 0.0, 1.0, 0.0, 0.0, 1.0, 1.0, 0.0, 0.0, 0.0, 4096.0, 6.0, 6.0, 4396.85] 1.0
[0.0, 1.0, 0.0, 1.0, 0.0, 0.0, 1.0, 1.0, 0.0, 0.0, 0.0, 4096.0, 6.0, 6.0, 4396.85] 1.0
[0.0, 1.0, 0.0, 1.0, 0.0, 0.0, 0.0, 1.0, 1.0, 0.0, 0.0, 4096.0, 5.0, 6.0, 3991.87] 0.9523111117653119
[0.0, 1.0, 0.0, 1.0, 0.0, 0.0, 0.0, 1.0, 0.0, 1.0, 0.0, 4096.0, 6.0, 6.0, 4392.68] 0.9995089568276492
[0.0, 1.0, 0.0, 1.0, 0.0, 1.0, 1.0, 0.0, 0.0, 0.0, 0.0, 4096.0, 6.0, 6.0, 700.314] 0.4237141176470588
[0.0, 1.0, 0.0, 1.0, 0.0, 0.0, 1.0, 1.0, 0.0, 0.0, 0.0, 4096.0, 6.0, 6.0, 4396.85] 1.0
[0.0, 1.0, 0.0, 1.0, 0.0, 1.0, 1.0, 0.0, 0.0, 0.0, 0.0, 1024.0, 6.0, 6.0, 640.115] 0.3883029411764706
[0.0, 1.0, 0.0, 1.0, 0.0, 0.0, 0.0, 1.0, 0.0, 1.0, 0.0, 4096.0, 6.0, 6.0, 4392.68] 0.9995089568276492
[0.0, 1.0, 0.0, 1.0, 0.0, 0.0, 0.0, 1.0, 0.0, 1.0, 0.0, 4096.0, 6.0, 6.0, 4392.68] 0.9995089568276492
[0.0, 1.0, 0.0, 1.0, 0.0, 0.0, 1.0, 1.0, 0.0, 0.0, 0.0, 4096.0, 6.0, 6.0, 4396.85] 1.0
[0.0, 1.0, 0.0, 1.0, 0.0, 0.0, 1.0, 1.0, 0.0, 0.0, 0.0, 4096.0, 6.0, 6.0, 4396.85] 1.0
[0.0, 1.0, 0.0, 1.0, 0.0, 0.0, 1.0, 1.0, 0.0, 0.0, 0.0, 4096.0, 6.0, 6.0, 4396.85] 1.0
[0.0, 1.0, 0.0, 1.0, 0.0, 0.0, 1.0, 1.0, 0.0, 0.0, 0.0, 4096.0, 6.0, 6.0, 4396.85] 1.0
