[1.0, 0, 1, 0, 1.0, 0, 0, 1.0, 0, 0.0, 1.0, 1, 0.0, 1.0, 0.0, 0.0, 0.0, 0, 0.0, 0.0, 1.0, 0.0, 0.0, 1.0, 1.0, 1.0, 0, 1.0, 1.0, 0, 0, 1.0, 1.0, 0.0, 1, 1.0, 0.0, 0.0, 0.0, 16.224854606231197] 0.7026970034617758
[1.0, 1, 0.0, 0.0, 0, 0.0, 0.0, 1.0, 0.0, 0.0, 1.0, 1, 0.0, 1, 0.0, 0, 0.0, 1.0, 0.0, 0.0, 0.0, 0, 0.0, 1.0, 1, 0.0, 1.0, 1.0, 1.0, 0.0, 0.0, 1, 1.0, 0.0, 1.0, 1.0, 0.0, 0.0, 0.0, 15.585900926618304] 0.34772273701016904
[1.0, 0.0, 1.0, 0.0, 0.0, 0.0, 1.0, 1.0, 0.0, 0.0, 1.0, 0.0, 1, 1.0, 0.0, 0.0, 0.0, 0.0, 0.0, 1.0, 0.0, 0.0, 0.0, 1.0, 1.0, 1.0, 0.0, 1.0, 1.0, 0.0, 0.0, 1.0, 1.0, 0.0, 1.0, 1.0, 0.0, 0.0, 0.0, 16.3220599501269] 0.7566999722927212
[1.0, 0.0, 0.0, 0.0, 0.0, 0.0, 0, 1.0, 0, 0.0, 1.0, 0, 1, 1.0, 1, 0.0, 0, 0.0, 0.0, 0, 1, 0, 0.0, 1.0, 1.0, 1.0, 0.0, 1.0, 1.0, 0.0, 0, 1.0, 1, 0.0, 1, 1.0, 0.0, 0, 0.0, 15.594908039061902] 0.3527266883677235
[1.0, 0.0, 1.0, 0.0, 0.0, 1.0, 0.0, 1.0, 0.0, 0.0, 1.0, 0.0, 0.0, 1.0, 1.0, 0, 0.0, 0.0, 0.0, 0.0, 0.0, 0.0, 0, 1.0, 1, 1.0, 0.0, 1.0, 1.0, 0.0, 0.0, 1.0, 1.0, 0.0, 1.0, 0.0, 1, 0.0, 0.0, 15.9546598781427] 0.5525888211903882
[1.0, 0, 1, 0.0, 0.0, 0.0, 1.0, 1.0, 0.0, 0.0, 1, 0.0, 0, 1.0, 0.0, 0.0, 0.0, 0.0, 0.0, 1, 0.0, 0.0, 0.0, 1.0, 1.0, 1.0, 0.0, 1.0, 1.0, 0.0, 0.0, 1.0, 1, 0.0, 1.0, 0.0, 0.0, 1.0, 0.0, 16.124436737593] 0.6469092986627779
[1.0, 0.0, 0.0, 0.0, 0.0, 0.0, 0.0, 1.0, 0.0, 0.0, 1.0, 0.0, 1.0, 1.0, 1.0, 0.0, 1.0, 0.0, 0.0, 0.0, 0.0, 0.0, 0.0, 1.0, 1.0, 1.0, 0.0, 1.0, 1.0, 0.0, 0.0, 1.0, 1.0, 0.0, 1.0, 1.0, 0.0, 0.0, 0.0, 15.2689664969193] 0.3
[1.0, 0.0, 1, 0.0, 0.0, 0.0, 1.0, 1.0, 0.0, 0.0, 1.0, 0.0, 0.0, 1.0, 0.0, 0.0, 0.0, 0.0, 0.0, 1.0, 0.0, 1.0, 0.0, 1.0, 1.0, 1.0, 0.0, 1.0, 1.0, 0, 0, 1.0, 1.0, 0.0, 1.0, 1.0, 0.0, 0.0, 0.0, 16.2875066192591] 0.7375036773661668
[1.0, 0.0, 1.0, 0.0, 0.0, 1.0, 0.0, 1.0, 0.0, 1.0, 1.0, 0, 0.0, 1.0, 0, 1, 0.0, 0.0, 0.0, 0.0, 0.0, 0.0, 0.0, 1.0, 1.0, 0.0, 1, 1.0, 1.0, 0.0, 0, 1, 1.0, 0.0, 1.0, 1.0, 0.0, 0.0, 0.0, 15.7442934601324] 0.43571858896244453
[1.0, 0.0, 1.0, 0.0, 1.0, 0, 0, 1.0, 0.0, 0.0, 1.0, 0.0, 1.0, 1.0, 0.0, 0.0, 1, 0.0, 0, 0.0, 0.0, 0.0, 0.0, 1.0, 1.0, 1.0, 0, 1.0, 1.0, 0.0, 0.0, 1.0, 1.0, 0, 1.0, 1.0, 0, 0, 0.0, 16.4140091178129] 0.8077828432293876
[1.0, 0, 0.0, 0.0, 0.0, 0.0, 0.0, 1.0, 1, 0.0, 1.0, 0.0, 0, 1.0, 0, 0.0, 0, 0.0, 1.0, 0.0, 0, 0.0, 0.0, 1.0, 1.0, 0.0, 1.0, 1.0, 0, 0.0, 1.0, 1, 1.0, 0.0, 1.0, 1.0, 0.0, 0.0, 0.0, 16.0220601620635] 0.5900334233686109
[1.0, 0.0, 1.0, 0.0, 0.0, 0, 1.0, 1.0, 1.0, 0.0, 1.0, 0.0, 1, 1.0, 0.0, 0.0, 0.0, 0.0, 0.0, 0.0, 0.0, 0.0, 0.0, 1.0, 1.0, 1.0, 0.0, 1.0, 1.0, 0.0, 0.0, 1.0, 1.0, 0.0, 1.0, 1.0, 0.0, 0.0, 0, 16.3667635462573] 0.7815353034762769
[1.0, 0, 1.0, 0.0, 1.0, 0.0, 0.0, 1.0, 0.0, 0.0, 1.0, 0.0, 0.0, 1.0, 1.0, 1.0, 0.0, 0.0, 0, 0.0, 0.0, 0.0, 0.0, 1.0, 1.0, 1, 0.0, 1.0, 1, 0.0, 0.0, 1.0, 1.0, 0.0, 1.0, 1.0, 0.0, 0.0, 0.0, 15.7592016703076] 0.44400092794866675
[1.0, 1, 1.0, 0.0, 0.0, 1.0, 0.0, 1.0, 0.0, 0.0, 1.0, 0.0, 0, 1.0, 0, 0.0, 1, 0.0, 0.0, 0.0, 0.0, 0.0, 0.0, 1.0, 1.0, 1.0, 0.0, 1.0, 1.0, 0.0, 0.0, 1, 1.0, 0, 1.0, 1.0, 0.0, 0.0, 0.0, 16.3006967605101] 0.7448315336167215
[1.0, 0.0, 1.0, 0.0, 0.0, 1.0, 0.0, 1.0, 0.0, 1.0, 1.0, 0.0, 0.0, 1.0, 0.0, 0.0, 0.0, 0.0, 0.0, 0.0, 1.0, 0.0, 0.0, 1.0, 1.0, 1.0, 0.0, 1.0, 1.0, 0.0, 0.0, 1.0, 1.0, 0.0, 1.0, 1.0, 0.0, 0.0, 0.0, 16.349149896206697] 0.7717499423370533
[1.0, 0.0, 1.0, 0.0, 0.0, 1.0, 0.0, 1.0, 0.0, 0.0, 1.0, 0.0, 0.0, 1.0, 0.0, 0.0, 0.0, 0.0, 0.0, 0.0, 0.0, 0.0, 1.0, 1.0, 1.0, 1.0, 0.0, 1.0, 1.0, 0.0, 0.0, 1.0, 1.0, 0.0, 1.0, 0.0, 0.0, 0.0, 1.0, 16.568342700664] 0.8935237225911108
[1.0, 1, 1.0, 0.0, 1.0, 0.0, 0.0, 1.0, 1.0, 1.0, 1.0, 1.0, 1.0, 1.0, 1.0, 1.0, 1.0, 1.0, 1.0, 1.0, 1.0, 1.0, 1.0, 1.0, 1.0, 1.0, 0.0, 1.0, 1.0, 0.0, 0.0, 1.0, 0.0, 1.0, 1.0, 0.0, 0.0, 0.0, 1.0, 15.1539733032399] 0.3
[1.0, 1, 1.0, 0.0, 0.0, 1, 0, 1.0, 0.0, 1.0, 1.0, 0.0, 0.0, 1.0, 0.0, 0.0, 0.0, 0.0, 0.0, 0.0, 0.0, 0.0, 0.0, 1.0, 1.0, 1.0, 0.0, 1.0, 1.0, 0, 0.0, 1.0, 1, 0.0, 1.0, 1.0, 0.0, 0.0, 0.0, 16.2863591877708] 0.7368662154282211
[1.0, 1.0, 1.0, 0.0, 0.0, 1.0, 0.0, 1.0, 0.0, 0.0, 1.0, 0.0, 1.0, 1.0, 0.0, 0.0, 0.0, 0.0, 0, 0.0, 0.0, 0, 0.0, 1.0, 1.0, 1.0, 0.0, 1.0, 1.0, 0.0, 0.0, 1.0, 1.0, 0.0, 1.0, 1.0, 0.0, 0.0, 0.0, 16.183312443924102] 0.6796180244022783
[1.0, 1, 0.0, 0.0, 0, 0.0, 0.0, 1.0, 0, 0.0, 1.0, 0.0, 1.0, 1.0, 0.0, 0.0, 0.0, 0.0, 0.0, 0.0, 0.0, 0.0, 0.0, 1.0, 1.0, 0.0, 1.0, 1.0, 1.0, 0.0, 0.0, 1.0, 1.0, 0, 1.0, 0.0, 0.0, 1.0, 0, 15.622397018375098] 0.3679983435417211
[1.0, 0.0, 0.0, 0.0, 0.0, 0.0, 0.0, 1.0, 0.0, 0.0, 1.0, 0.0, 0.0, 1.0, 0.0, 0.0, 0.0, 0.0, 0.0, 0.0, 0.0, 0.0, 0.0, 1.0, 1.0, 0.0, 1.0, 1.0, 0.0, 0.0, 1.0, 1.0, 0.0, 1.0, 1.0, 0.0, 0.0, 0.0, 1.0, 16.042890973812803] 0.6016060965626677
[1.0, 1.0, 1.0, 0.0, 0.0, 1.0, 0.0, 1.0, 0.0, 0.0, 1.0, 0.0, 0.0, 1.0, 1.0, 0.0, 0.0, 0.0, 0.0, 0.0, 0.0, 0.0, 0.0, 1.0, 1.0, 1.0, 0.0, 1.0, 1.0, 0.0, 0.0, 1.0, 1.0, 0.0, 1.0, 1.0, 0.0, 0.0, 0.0, 16.3997340131835] 0.7998522295463888
[1, 0.0, 0.0, 0.0, 0.0, 0, 0.0, 1.0, 0.0, 1, 1.0, 0.0, 1, 1.0, 0.0, 0, 0.0, 0.0, 0.0, 0.0, 0, 0.0, 0.0, 1.0, 1.0, 0.0, 1.0, 1, 1.0, 0.0, 0.0, 1.0, 0.0, 1.0, 1.0, 1.0, 0.0, 0.0, 0.0, 15.827904463299198] 0.48216914627733215
[1.0, 1.0, 0.0, 0.0, 0.0, 0.0, 0.0, 1.0, 0.0, 0.0, 1.0, 1.0, 0.0, 1.0, 0.0, 0.0, 0.0, 0, 0.0, 0.0, 0.0, 0.0, 1.0, 1.0, 1.0, 0.0, 1.0, 1.0, 1, 0.0, 0.0, 1.0, 1.0, 0.0, 1.0, 1.0, 0.0, 0.0, 0.0, 15.31681467919] 0.3
[1.0, 0.0, 1.0, 0.0, 0.0, 0.0, 1, 1.0, 0.0, 0.0, 1.0, 0.0, 0.0, 1.0, 0.0, 1, 0.0, 0.0, 0.0, 0.0, 1, 0.0, 0.0, 1.0, 1.0, 1.0, 0.0, 1.0, 1.0, 0.0, 0.0, 1.0, 1.0, 0.0, 1.0, 1.0, 0.0, 0.0, 0.0, 16.725972887992302] 0.9810960488846114
[1.0, 0.0, 1.0, 0, 0.0, 1.0, 0.0, 1.0, 0, 0.0, 1.0, 0.0, 0.0, 1, 0.0, 0, 0.0, 0, 0.0, 0.0, 0.0, 1, 0, 1.0, 1.0, 1.0, 0, 1.0, 1.0, 0.0, 0.0, 1.0, 0.0, 1.0, 1.0, 1.0, 0.0, 0.0, 0.0, 16.1582551399929] 0.6656972999960548
[1.0, 0.0, 1.0, 0.0, 0.0, 0.0, 1.0, 1.0, 0.0, 0.0, 1.0, 1.0, 0.0, 1.0, 0.0, 1.0, 0.0, 0.0, 0.0, 0.0, 0.0, 0.0, 0.0, 1.0, 1.0, 1.0, 0.0, 1.0, 1.0, 0.0, 0.0, 1.0, 1.0, 0.0, 1.0, 1.0, 0.0, 0.0, 0.0, 16.2484008947594] 0.7157782748663324
[1.0, 0.0, 0.0, 0.0, 0.0, 0.0, 0.0, 1.0, 0.0, 1.0, 1.0, 0.0, 1.0, 1.0, 0.0, 0.0, 1.0, 0.0, 0.0, 0.0, 0.0, 0.0, 0.0, 1.0, 1.0, 0.0, 1.0, 1.0, 1.0, 0.0, 0.0, 1.0, 1.0, 0.0, 1.0, 1.0, 0.0, 0.0, 0.0, 16.116151694145998] 0.6423064967477762
[1.0, 1, 0.0, 0.0, 0.0, 0, 0.0, 1.0, 0.0, 0.0, 1.0, 1, 0, 1.0, 0.0, 0, 0.0, 0.0, 0, 0.0, 0.0, 0, 0.0, 1.0, 1.0, 0, 1.0, 1.0, 0.0, 0.0, 1.0, 1, 1.0, 0, 1.0, 1.0, 0.0, 0.0, 0.0, 15.4941344824387] 0.3
[1.0, 0.0, 1.0, 0, 0.0, 1.0, 0.0, 1.0, 0.0, 0, 1, 0.0, 0, 1.0, 0.0, 0, 0.0, 0.0, 0.0, 0.0, 0, 0.0, 1, 1.0, 1.0, 1.0, 0.0, 1, 1.0, 0.0, 0.0, 1.0, 1.0, 0.0, 1.0, 0.0, 0, 1.0, 0, 16.0963241854794] 0.6312912141552217
