[1. 1. 1. 0. 0. 0. 3. 0. 4. 0. 0. 0.] 0.18506360279031597
[  1.   0.   1.   1.   1.   0.   3.   0.   2.  16.  16. 128.] 0.3872474999999999
[ 1.  0.  0.  0.  0.  0.  3.  0.  2.  8. 32. 64.] 0.7516357142857143
[3.43182444e-01 7.99453698e-01 2.86569376e-01 3.84927963e-01
 3.19692211e-01 1.11240390e-02 2.30316567e+00 8.50011875e-04
 5.71903564e-01 4.83947611e+00 7.53235475e+00 1.01758651e+02] 0.8497285714285714
[ 1.  1.  1.  0.  0.  0.  4.  0.  4. 32.  8. 64.] 0.19172753385309807
[9.08874565e-01 5.30278805e-02 8.08335854e-01 2.37292303e-01
 1.33125224e-01 7.24404837e-02 6.03854179e-01 1.35737732e-03
 3.90525581e+00 4.78167263e+00 9.91314119e+00 3.69104754e+01] 0.8220142857142857
[ 0.89425278  0.96058643  0.64582998  0.43340287  0.16584528  0.34133563
  2.72743254  0.32633528  3.85249068  4.55013609  1.54825115 69.10720139] 0.31198
[ 1.  1.  0.  0.  0.  0.  2.  0.  4.  8. 10. 10.] 0.7860357142857143
[ 1.  0.  0.  0.  0.  0.  2.  0.  1. 16. 20.  0.] 0.5810950000000001
[ 1.  1.  1.  1.  1.  0.  1.  0.  4. 10.  8. 32.] 0.7604000000000001
[5.16647755e-01 5.72245061e-01 1.47402861e-01 4.66411380e-01
 5.58296974e-03 3.65805272e-01 3.57294083e+00 3.10389370e-01
 3.58758662e+00 4.80770960e+00 4.55453728e+00 1.57901356e+01] 0.8577857142857143
[ 1.  0.  1.  1.  1.  0.  3.  0.  2. 16.  8. 20.] 0.64792
[ 1.  0.  0.  0.  0.  1.  3.  0.  1. 10. 16. 16.] 0.6526775000000001
[  1.   0.   0.   0.   0.   0.   2.   0.   2. 128.   0.  32.] 0.49026250000000005
[ 1.  1.  1.  1.  1.  0.  1.  0.  2. 10.  8. 64.] 0.7696714285714286
[ 1.  1.  0.  0.  0.  0.  4.  0.  2. 10. 16.  0.] 0.5540349999999999
[ 1.  0.  0.  0.  0.  1.  4.  0.  1.  8.  8. 32.] 0.9452357142857142
[7.51508699e-01 9.96455230e-01 9.65996163e-01 1.59126446e-01
 1.46233411e-04 7.65695910e-01 3.86492838e+00 1.73380455e-01
 1.44104085e+00 8.11709329e+00 4.37587216e+00 5.23714759e+01] 0.8401428571428572
[  1.   1.   0.   0.   0.   0.   4.   0.   1.  10.  16. 128.] 0.5331075000000001
[ 1.  0.  1.  1.  1.  0.  4.  0.  1. 16.  8. 16.] 0.5865674999999999
[  1.   1.   1.   1.   1.   1.   2.   0.   2.  16.   8. 128.] 0.47785999999999995
[ 1.  0.  0.  0.  0.  1.  2.  0.  1. 10.  8. 20.] 0.8283857142857143
[  1.   1.   1.   0.   0.   1.   3.   0.   2.   8.  10. 128.] 0.7916714285714286
[ 1.  0.  0.  0.  0.  0.  3.  0.  3. 10.  8.  0.] 0.82955
[9.83098884e-01 1.64727077e-01 9.79423960e-01 7.39141982e-01
 5.06380498e-01 6.12478958e-01 3.69744825e+00 5.26573876e-02
 2.22032140e+00 1.05742224e+01 9.97874924e+00 6.53411180e+01] 0.7847642857142857
[1. 0. 0. 0. 0. 0. 3. 0. 4. 8. 8. 8.] 0.87665
[ 1.  1.  0.  0.  0.  0.  3.  0.  4.  8. 20. 32.] 0.5162775000000002
[ 1.  0.  0.  0.  0.  0.  3.  0.  4. 20. 10. 16.] 0.42401500000000014
[ 1.  0.  0.  0.  0.  0.  1.  0.  2. 16.  8. 10.] 0.67652
[ 1.  0.  1.  1.  1.  0.  3.  0.  3. 16. 10.  0.] 0.5715525000000001

