[ 0.  0.  1.  1.  0.  1.  0.  0.  0.  0.  0.  1.  0.  1.  0.  1.  0. 10.] [0.78307692]
[ 0.  0.  0.  0.  1.  0.  1.  0.  0.  1.  0.  1.  0.  0.  1.  0.  0. 90.] [0.]
[ 0.  0.  0.  1.  0.  1.  1.  0.  0.  0.  0.  1.  1.  1.  1.  1.  0. 90.] [0.]
[ 0.  0.  1.  1.  0.  1.  1.  0.  0.  1.  0.  1.  1.  1.  0.  0.  0. 10.] [0.77384615]
[ 1.  0.  0.  0.  1.  0.  1.  0.  0.  1.  0.  0.  1.  0.  1.  0.  0. 10.] [0.]
[ 0.  0.  0.  1.  0.  1.  1.  0.  1.  1.  0.  1.  0.  1.  0.  0.  0. 10.] [0.]
[ 0.  0.  0.  1.  0.  0.  1.  0.  0.  1.  0.  1.  1.  1.  1.  0.  0. 10.] [0.59113924]
[ 0.  0.  0.  1.  0.  1.  1.  0.  0.  0.  0.  1.  0.  1.  1.  1.  0. 10.] [0.56329114]
[ 0.  1.  0.  1.  0.  0.  1.  0.  0.  0.  0.  1.  1.  1.  0.  1.  0. 10.] [0.]
[ 1.  0.  0.  0.  1.  0.  1.  0.  0.  0.  0.  0.  0.  0.  1.  1.  0. 10.] [0.]
[ 0.  0.  1.  1.  0.  0.  0.  0.  0.  0.  0.  1.  0.  1.  0.  1.  0. 10.] [0.68734177]
[ 0.  0.  0.  1.  0.  0.  0.  0.  0.  0.  0.  1.  1.  1.  1.  1.  0. 10.] [0.59873418]
[ 0.  1.  0.  1.  0.  1.  0.  0.  0.  0.  0.  0.  0.  0.  0.  1.  0. 90.] [0.]
[ 0.  0.  0.  1.  0.  0.  1.  0.  0.  1.  0.  1.  0.  1.  1.  0.  0. 10.] [0.67974684]
[ 0.  0.  0.  1.  0.  0.  1.  0.  1.  0.  0.  0.  1.  0.  0.  1.  0. 10.] [0.]
[ 1.  0.  0.  0.  1.  0.  1.  0.  1.  0.  0.  0.  1.  0.  0.  1.  0. 90.] [0.]
[ 0.  0.  0.  1.  0.  1.  0.  0.  1.  0.  0.  0.  0.  1.  0.  0.  1. 90.] [0.]
[ 0.  0.  0.  0.  0.  0.  1.  0.  1.  0.  1.  0.  0.  0.  0.  0.  1. 10.] [0.]
[ 0.  0.  0.  0.  0.  0.  0.  0.  1.  0.  1.  0.  0.  0.  0.  0.  1. 90.] [0.]
[ 0.  1.  0.  0.  0.  0.  1.  0.  0.  0.  1.  0.  0.  0.  0.  0.  1. 90.] [0.]
[ 0.  0.  0.  0.  1.  0.  0.  0.  0.  0.  0.  1.  1.  0.  0.  1.  0. 90.] [0.]
[ 0.  0.  1.  1.  0.  0.  1.  0.  0.  0.  0.  1.  0.  1.  0.  0.  1. 10.] [0.66708861]
[ 0.  0.  0.  1.  0.  0.  1.  0.  0.  0.  0.  1.  1.  1.  1.  1.  0. 10.] [0.54303797]
[1.07633199e-01 5.76768653e-02 6.63587158e-01 8.55483915e-01
 1.63971853e-01 8.71825155e-01 9.13494708e-01 2.42336227e-02
 4.02922715e-01 3.37442882e-01 7.75837336e-02 2.76447074e-02
 9.36739598e-01 7.99366350e-02 2.72772038e-02 8.11831964e-02
 9.53177737e-01 4.58450430e+01] [0.2037037]
[ 0.  0.  0.  1.  0.  1.  1.  0.  0.  0.  0.  1.  0.  0.  1.  0.  1. 10.] [0.00925926]
[ 0.  0.  1.  1.  0.  0.  1.  0.  0.  0.  0.  1.  0.  0.  0.  0.  1. 10.] [0.32407407]
[ 0.  0.  1.  1.  0.  1.  0.  0.  0.  1.  0.  0.  0.  0.  0.  0.  0. 10.] [0.12037037]
[ 0.  0.  0.  1.  0.  0.  0.  0.  1.  0.  0.  1.  1.  1.  0.  0.  1. 10.] [0.]
[ 0.  0.  0.  1.  0.  1.  0.  0.  0.  1.  0.  0.  0.  1.  1.  0.  0. 90.] [0.]
[ 1.  0.  0.  0.  1.  0.  1.  0.  1.  0.  0.  0.  1.  0.  0.  1.  0. 10.] [0.]
