[1.0, 1, 0, 1.0, 1.0, 0.0, 0.0, 0.0, 1, 0, 0, 10, 2, 10.0, 418818.6] 0.6960619999999998
[1.0, 1, 0, 0, 1, 0, 0.0, 0.0, 0, 1, 0.0, 60, 256, 10.0, 303476.4] 0.3115880000000001
[1.0, 0.0, 0, 1.0, 1.0, 0.0, 0, 0.0, 0.0, 1, 0.0, 30, 64, 10, 302812.2] 0.30937400000000004
[1, 1, 0.0, 1, 1, 0.0, 0, 0.0, 1.0, 0.0, 1, 0, 32.0, 10.0, 422006.6] 0.7601979999999993
[1, 0, 0, 1.0, 1.0, 0.0, 0.0, 0.0, 1.0, 0.0, 1.0, 0, 64, 10, 421875.8] 0.7562739999999997
[1, 0.0, 1.0, 0.0, 1.0, 0.0, 0.0, 0, 0.0, 1.0, 1.0, 100, 4096, 10.0, 303869.6] 0.3128986666666666
[1.0, 0.0, 0, 1.0, 1.0, 0.0, 0, 0, 1, 0, 0.0, 90, 512, 10, 416001.8] 0.6866726666666666
[1, 0.0, 0.0, 1.0, 1.0, 0.0, 0.0, 0.0, 1.0, 0.0, 0, 30, 32.0, 10.0, 416935.0] 0.6897833333333333
[1, 1, 0.0, 1.0, 1, 0.0, 0, 0.0, 1.0, 0.0, 1.0, 0, 32, 10, 422006.6] 0.7601979999999993
[1, 0.0, 0, 1, 1, 0.0, 0.0, 0.0, 0.0, 1.0, 0, 100.0, 2048.0, 10.0, 304237.6] 0.31412533333333326
[1, 1, 1, 1.0, 1, 0.0, 0.0, 0.0, 1, 0, 0.0, 0, 512.0, 10, 421840.6] 0.7552179999999993
[1, 0, 1.0, 1.0, 1, 0, 0.0, 0.0, 1.0, 0.0, 0.0, 0, 2048, 10.0, 422252.6] 0.7675779999999993
[1, 1, 1.0, 1, 1, 0.0, 0.0, 0.0, 1.0, 0, 0.0, 0, 512, 10.0, 421840.6] 0.7552179999999993
[1.0, 1, 0.0, 1, 1.0, 0.0, 0.0, 0.0, 1, 0.0, 1.0, 0.0, 2, 10.0, 421628.6] 0.7488579999999992
[1.0, 0.0, 0, 0.0, 1, 0, 0, 0, 0.0, 1, 1, 40, 2048.0, 10.0, 303364.0] 0.31121333333333334
[1.0, 0, 0.0, 1, 1, 0.0, 0, 0.0, 0, 1.0, 0.0, 100.0, 2048.0, 10.0, 304237.6] 0.31412533333333326
[1, 0, 0, 0.0, 1.0, 0.0, 0, 0.0, 0.0, 1.0, 1, 50, 8, 10, 302493.0] 0.30831
[1.0, 0, 1.0, 1, 1.0, 0.0, 0, 0, 1.0, 0, 1.0, 60, 8.0, 10.0, 417715.4] 0.6923846666666666
[1, 1.0, 0.0, 1, 1.0, 0.0, 0.0, 0, 1.0, 0.0, 0.0, 0.0, 4096, 10.0, 420812.4] 0.7243720000000007
[1, 1.0, 0, 0.0, 1.0, 0, 0.0, 0, 0.0, 1.0, 0.0, 40, 512.0, 10.0, 305319.4] 0.3177313333333334
[1, 1, 0, 0.0, 1.0, 0.0, 0.0, 0.0, 0.0, 1, 0, 10, 128, 10, 303324.8] 0.3110826666666666
[1, 0.0, 1, 0, 1.0, 0.0, 0.0, 0.0, 0, 1.0, 0, 60, 512.0, 10.0, 303686.8] 0.3122893333333333
[1.0, 0.0, 0.0, 1, 1.0, 0, 0.0, 0.0, 1, 0.0, 0.0, 80, 1, 10, 420688.8] 0.7206639999999996
[1.0, 1.0, 0.0, 0.0, 1.0, 0.0, 0.0, 0, 0.0, 1.0, 0.0, 60, 256.0, 10.0, 303476.4] 0.3115880000000001
[1, 1, 1.0, 1.0, 1, 0.0, 0.0, 0.0, 1.0, 0.0, 0.0, 80, 2, 10.0, 418625.4] 0.6954180000000001
[1, 0, 1, 1.0, 1, 0, 0.0, 0.0, 1, 0, 1, 0, 1, 10.0, 424574.6] 0.8372379999999993
[1.0, 1.0, 1.0, 0.0, 1.0, 0.0, 0.0, 0.0, 0.0, 1.0, 0.0, 100.0, 512.0, 6.0, 47649.2] 0
[1, 0, 0, 0, 1, 0.0, 0.0, 0.0, 0.0, 1.0, 1, 30, 64, 10.0, 303752.2] 0.31250733333333336
[1, 0.0, 1, 1.0, 1.0, 0.0, 0.0, 0, 1.0, 0.0, 1, 50.0, 1.0, 10.0, 420763.0] 0.7228899999999999
[1.0, 1.0, 0.0, 0, 1.0, 0.0, 0, 0.0, 0.0, 1.0, 0.0, 10.0, 1.0, 10, 301061.0] 0.3035366666666667
