[0.0, 1.0, 1.0, 0.0, 0.0, 0.0, 1.0, 0.0, 0.0, 1.0, 0.0, 0.0, 32.46551061] 0
[1.0, 1.0, 1, 1.0, 1.0, 1.0, 1.0, 1.0, 1, 1.0, 0.0, 0.0, 169.639502] 0.9483902458398541
[0.0, 1, 1.0, 1.0, 1.0, 1.0, 1, 1.0, 0.0, 1, 0.0, 1.0, 170.3886647] 0.9676946359657184
[1.0, 1.0, 0.0, 1.0, 1.0, 1.0, 1.0, 0.0, 0.0, 0.0, 0, 1.0, 170.1596611] 0.9617936816941999
[0.0, 1.0, 0.0, 1.0, 1.0, 1.0, 0.0, 1.0, 1.0, 1.0, 1.0, 1.0, 124.4216874] 0.00170921377279541
[0.0, 1.0, 1.0, 1, 1.0, 1.0, 1.0, 1.0, 1.0, 1.0, 1.0, 0.0, 170.2764871] 0.9648040487090609
[0.0, 1.0, 1.0, 1.0, 1.0, 1.0, 1.0, 0.0, 1.0, 1.0, 0.0, 0.0, 169.801914] 0.952575270813898
[1.0, 0.0, 0.0, 1.0, 0.0, 0.0, 1.0, 1.0, 1.0, 0.0, 1.0, 0.0, 45.88100004] 0
[1.0, 1.0, 0.0, 1.0, 1.0, 1.0, 1.0, 0, 0.0, 0.0, 0.0, 0.0, 170.0170183] 0.9581180685599024
[1.0, 1.0, 0, 1.0, 1.0, 1.0, 1.0, 1.0, 0.0, 0.0, 0.0, 1.0, 169.7842262] 0.9521194923939789
[1.0, 1.0, 0.0, 1.0, 1.0, 1.0, 1.0, 0.0, 1.0, 0.0, 1.0, 1.0, 170.3253386] 0.9660628519226138
[0, 1.0, 0.0, 1.0, 1.0, 1.0, 0.0, 1.0, 0.0, 1.0, 1.0, 0.0, 124.8859923] 0.016560556123580213
[1.0, 0.0, 1.0, 0.0, 0.0, 0.0, 1.0, 0.0, 1.0, 0.0, 0.0, 0.0, 14.14450049] 0
[0.0, 0.0, 1.0, 0.0, 1.0, 0.0, 1.0, 0.0, 0.0, 0.0, 1.0, 0.0, 16.68405104] 0
[0.0, 1.0, 1.0, 1.0, 1.0, 1.0, 0.0, 1.0, 1.0, 1.0, 0.0, 1.0, 124.1926715] 0
[0.0, 1.0, 1.0, 1.0, 1.0, 1.0, 1.0, 0.0, 0.0, 0.0, 0.0, 1.0, 171.5690527] 0.9981108198626055
[0.0, 0.0, 1.0, 1.0, 0.0, 0.0, 1.0, 1.0, 0.0, 0.0, 1.0, 0.0, 45.62041926] 0
[0.0, 0.0, 1.0, 1.0, 0.0, 0.0, 0.0, 1.0, 1.0, 1.0, 0.0, 1.0, 31.45010877] 0
[1.0, 1.0, 1.0, 1.0, 1.0, 1.0, 1.0, 0.0, 1.0, 0.0, 1.0, 1.0, 169.8158512] 0.9529344039448746
[0.0, 1.0, 1.0, 1.0, 1, 1.0, 1.0, 0.0, 0.0, 0.0, 1.0, 1.0, 170.6176486] 0.9735950826085397
[0.0, 1.0, 1, 1.0, 1.0, 1, 1.0, 0.0, 0, 1.0, 1.0, 0, 170.1198454] 0.9607677125610139
[0.0, 1.0, 0.0, 1.0, 1.0, 1.0, 1.0, 1.0, 1.0, 0.0, 1.0, 0.0, 170.2122025] 0.9631475660818756
[1.0, 1.0, 1.0, 1.0, 1.0, 1.0, 1.0, 1.0, 1.0, 1.0, 1.0, 0.0, 169.7782757] 0.9519661601826392
[0, 1.0, 1.0, 1.0, 1, 1.0, 0.0, 1.0, 1.0, 0.0, 1.0, 1, 125.5577307] 0.03804690474615195
[1.0, 1.0, 1.0, 1.0, 1.0, 1.0, 1.0, 1, 1.0, 0.0, 0.0, 1.0, 169.98281] 0.9572365906529772
[0.0, 0.0, 1.0, 0.0, 1.0, 0.0, 1.0, 1.0, 1.0, 0.0, 1.0, 1.0, 16.53594255] 0
[1.0, 1.0, 1.0, 1.0, 1.0, 1.0, 1.0, 0.0, 1.0, 1.0, 0.0, 0.0, 169.9702196] 0.956912161802688
[0.0, 1, 0.0, 1.0, 1.0, 1.0, 1, 1.0, 0.0, 0.0, 0.0, 1.0, 168.730082] 0.9249563529508151
[0.0, 1.0, 1.0, 1.0, 1.0, 1.0, 1.0, 0.0, 0.0, 1.0, 0.0, 1.0, 170.6936717] 0.9755540423658499
[0.0, 1.0, 1.0, 1.0, 0, 1.0, 1.0, 1.0, 1.0, 0.0, 1.0, 0.0, 124.5283871] 0.005122130098740135
