[0, 1, 0.0, 1, 1.0, 1.0, 1, 1, 1.0, 1.0, 0.0, 0.0, 169.9597268] 0.9566417838130833
[0.0, 1.0, 1.0, 1.0, 1.0, 1, 1.0, 0.0, 0.0, 0.0, 1.0, 0.0, 171.6423678] 1.0
[0.0, 1.0, 1.0, 1.0, 1.0, 1.0, 1.0, 0.0, 1.0, 0.0, 1.0, 1.0, 169.8946455] 0.9549647718568041
[0.0, 1.0, 0.0, 1.0, 1.0, 1.0, 1, 0.0, 0.0, 0.0, 0.0, 1.0, 171.4235804] 0.9943622963019603
[1.0, 1.0, 1.0, 1.0, 1, 1.0, 1.0, 0.0, 0.0, 1.0, 1.0, 0.0, 169.9866829] 0.9573363873627154
[0.0, 1.0, 0.0, 1.0, 1.0, 1.0, 1.0, 1.0, 1.0, 0.0, 1.0, 1.0, 170.4742329] 0.9698995534224579
[0, 1.0, 0.0, 1.0, 1.0, 1.0, 1.0, 0.0, 1.0, 1.0, 0, 1, 171.1972303] 0.9885297172968547
[0.0, 1.0, 0.0, 1.0, 1, 1, 1, 1.0, 1.0, 0, 1.0, 1.0, 170.4742329] 0.9698995534224579
[0, 1.0, 0, 1.0, 1.0, 1.0, 1, 0.0, 1, 1.0, 1, 0.0, 170.3049545] 0.9655375953678431
[0.0, 1.0, 1, 1.0, 1.0, 1, 1.0, 1.0, 1.0, 0.0, 1.0, 1.0, 170.6282685] 0.9738687357051201
[1.0, 1.0, 0, 1.0, 1, 1, 1, 0.0, 1.0, 1.0, 1.0, 1.0, 170.2500155] 0.9641219297332283
[1.0, 0.0, 1.0, 0.0, 1.0, 1.0, 1.0, 1.0, 1.0, 0.0, 1.0, 1.0, 34.67744851] 0
[1, 1.0, 0.0, 1, 1.0, 1.0, 1.0, 0.0, 1.0, 0.0, 1.0, 1, 170.3253386] 0.9660628519226138
[0.0, 1.0, 1, 1, 1.0, 1, 1.0, 0, 0.0, 1.0, 0.0, 1, 170.6936717] 0.9755540423658499
[0.0, 1.0, 0.0, 1, 1.0, 1.0, 1.0, 1.0, 1.0, 0, 0.0, 0.0, 170.6651847] 0.9748199906551658
[0.0, 1.0, 0, 1.0, 1.0, 1.0, 1, 0, 0.0, 1, 1, 0.0, 170.5559134] 0.9720042928037376
[1.0, 1.0, 1.0, 1.0, 1.0, 1, 1, 0.0, 0.0, 0.0, 0.0, 0.0, 169.5646741] 0.9464620839413783
[0.0, 1.0, 0.0, 1.0, 1.0, 1.0, 1.0, 0.0, 1.0, 1.0, 1.0, 0.0, 170.3049545] 0.9655375953678431
[0, 1.0, 1.0, 1, 1.0, 1.0, 1.0, 1, 1.0, 0.0, 0.0, 1.0, 170.5469792] 0.9717740767475158
[0.0, 1, 1.0, 1, 1, 1.0, 1.0, 1.0, 1.0, 0.0, 0.0, 0.0, 169.9536264] 0.9564845889854123
[0.0, 1.0, 1.0, 1.0, 1.0, 1.0, 1.0, 0.0, 0.0, 0.0, 0.0, 1.0, 171.5690527] 0.9981108198626055
[1.0, 1.0, 0, 1.0, 1.0, 1.0, 1.0, 0.0, 0.0, 1.0, 1.0, 0.0, 170.7705431] 0.977534861078689
[0, 1.0, 0.0, 1.0, 1.0, 1, 1.0, 0.0, 1.0, 1.0, 0.0, 1.0, 171.1972303] 0.9885297172968547
[1.0, 1.0, 1, 1.0, 1.0, 1.0, 1.0, 0.0, 1.0, 0, 1.0, 1.0, 169.8158512] 0.9529344039448746
[1.0, 1.0, 1.0, 1, 1.0, 1, 1, 0, 0.0, 1.0, 1.0, 1.0, 170.6573937] 0.9746192325241609
[0.0, 1.0, 1, 1.0, 1.0, 1.0, 1, 0, 0.0, 0.0, 0.0, 1.0, 171.5690527] 0.9981108198626055
[1, 1.0, 0.0, 1.0, 1.0, 1.0, 1.0, 0, 1.0, 1.0, 0, 1.0, 170.0900283] 0.9599993868944772
[0, 1.0, 0.0, 1.0, 1.0, 1.0, 1.0, 1.0, 0.0, 0, 1.0, 0.0, 170.735281] 0.97662622890165
[0.0, 1.0, 0.0, 1.0, 1.0, 1.0, 1, 1.0, 1.0, 0.0, 0.0, 0.0, 170.6651847] 0.9748199906551658
[0.0, 1, 1.0, 1.0, 1.0, 1.0, 1.0, 0.0, 0, 0.0, 0, 1, 171.5690527] 0.9981108198626055
