[1.0, 1.0, 1.0, 0.0, 0.0, 0.0, 0.0, 1.0, 0.0, 0.0, 1.0, 1.0, 0.0, 1.0, 1024.0, 1.0, 169.627] 0.9867129032258066
[1.0, 1.0, 0.0, 1.0, 0.0, 0.0, 1.0, 0.0, 1.0, 0.0, 0.0, 1.0, 1.0, 0.0, 4096.0, 0.0, 168.9638] 0.9802948387096773
[1, 1.0, 0.0, 1.0, 1.0, 0.0, 0, 1.0, 0, 0.0, 1, 1.0, 0.0, 1.0, 1024.0, 9.0, 168.6404] 0.9771651612903226
[1.0, 1.0, 0, 1.0, 0.0, 0.0, 1.0, 1.0, 0.0, 0.0, 1, 1, 0.0, 1.0, 2048, 9.0, 168.6904] 0.9776490322580647
[1.0, 1.0, 0.0, 1.0, 1, 0.0, 0.0, 1.0, 0.0, 0, 1.0, 1.0, 0.0, 1.0, 1024.0, 5.0, 168.8562] 0.9792535483870968
[1.0, 1.0, 1.0, 0.0, 0.0, 0, 0.0, 1, 0, 0.0, 0.0, 1.0, 0.0, 1.0, 2048.0, 5.0, 168.4366] 0.9751929032258064
[1.0, 1.0, 1.0, 0.0, 0, 0.0, 0.0, 1.0, 0, 0.0, 1.0, 1.0, 0.0, 1.0, 2048.0, 5.0, 168.7342] 0.9780729032258063
[1, 1, 0.0, 1.0, 0.0, 1, 0.0, 0.0, 1.0, 0.0, 1, 1, 0, 1.0, 4096, 0.0, 168.8656] 0.9793445161290322
[1.0, 1.0, 1.0, 0.0, 0.0, 0.0, 1.0, 1.0, 0.0, 0.0, 0.0, 1.0, 0.0, 1.0, 512.0, 9.0, 168.8604] 0.9792941935483871
[1.0, 1.0, 0.0, 1.0, 1.0, 0, 0, 1.0, 0.0, 0.0, 1.0, 1, 0.0, 1.0, 1024.0, 1.0, 168.606] 0.9768322580645161
[1.0, 1.0, 1, 0, 0, 0.0, 0, 1.0, 0, 0.0, 1, 1, 0, 1.0, 1024, 9, 169.1462] 0.9820599999999999
[1.0, 1.0, 0.0, 1.0, 0.0, 0.0, 0.0, 1.0, 0.0, 0.0, 1.0, 1.0, 0.0, 1.0, 1024.0, 9.0, 168.8482] 0.979176129032258
[1.0, 1.0, 0.0, 1.0, 0.0, 0.0, 0.0, 1.0, 0, 0.0, 0.0, 1.0, 0.0, 1.0, 1024.0, 9.0, 168.7446] 0.9781735483870967
[1.0, 1.0, 1.0, 0.0, 0.0, 0.0, 0.0, 1.0, 0.0, 0.0, 0.0, 1.0, 0.0, 1.0, 1024.0, 9.0, 169.2826] 0.98338
[1.0, 1.0, 1.0, 0.0, 0.0, 0.0, 1.0, 1.0, 0.0, 0.0, 1.0, 1.0, 0.0, 1.0, 2048.0, 5.0, 169.1536] 0.9821316129032259
[1.0, 1.0, 1.0, 0.0, 0.0, 0.0, 0.0, 1.0, 0.0, 0.0, 1.0, 1.0, 1.0, 0.0, 4096.0, 1.0, 169.114] 0.9817483870967743
[1.0, 1.0, 1.0, 0.0, 0.0, 0.0, 1.0, 1.0, 0.0, 0.0, 0.0, 1.0, 0.0, 1.0, 2048.0, 5.0, 168.6208] 0.9769754838709678
[1.0, 1.0, 1.0, 0.0, 0.0, 0.0, 0.0, 0.0, 1.0, 0.0, 0.0, 1.0, 0.0, 1.0, 1024.0, 0.0, 170.0158] 0.990475483870968
[1, 1, 0.0, 1.0, 0, 0.0, 1.0, 0.0, 1.0, 0.0, 0.0, 1.0, 0.0, 1.0, 1024, 0.0, 168.6234] 0.9770006451612904
[1, 1.0, 0, 1.0, 0.0, 1.0, 0, 1, 0.0, 0.0, 0, 1, 0.0, 1.0, 4096, 1.0, 168.7948] 0.9786593548387097
[1.0, 1.0, 1.0, 0.0, 0.0, 0.0, 0.0, 1.0, 0.0, 0.0, 0.0, 1.0, 0.0, 1.0, 4096.0, 9.0, 169.142] 0.9820193548387096
[1.0, 1.0, 0.0, 1.0, 0.0, 1.0, 1.0, 1.0, 0.0, 0.0, 0.0, 1.0, 0.0, 1.0, 1024.0, 9.0, 168.9992] 0.9806374193548387
[1.0, 1.0, 0.0, 1.0, 1.0, 0.0, 0.0, 1.0, 0.0, 0.0, 1.0, 1.0, 0.0, 1.0, 4096.0, 9.0, 168.8624] 0.9793135483870969
[1.0, 1, 1, 0.0, 0.0, 0.0, 1.0, 1.0, 0.0, 0.0, 1.0, 1.0, 0.0, 1, 4096.0, 9.0, 168.6894] 0.9776393548387097
[1.0, 1.0, 1.0, 0, 0.0, 0.0, 0.0, 1.0, 0.0, 0.0, 1.0, 1.0, 0.0, 1.0, 4096.0, 5.0, 169.022] 0.9808580645161289
[1.0, 1.0, 0.0, 1.0, 0.0, 0.0, 0, 1.0, 0.0, 0.0, 1.0, 1.0, 0.0, 1.0, 4096.0, 9, 168.6448] 0.9772077419354839
[1.0, 1.0, 0.0, 1.0, 1.0, 0.0, 0.0, 1.0, 0.0, 0.0, 1.0, 1.0, 0.0, 1.0, 4096.0, 1.0, 168.7276] 0.9780090322580645
[1.0, 1.0, 0.0, 1.0, 0, 1, 0, 1.0, 0.0, 0.0, 1, 1.0, 0.0, 1.0, 4096.0, 5.0, 168.7782] 0.9784987096774194
[1.0, 1.0, 1.0, 0.0, 0.0, 0.0, 1.0, 1.0, 0.0, 0.0, 1, 1.0, 0.0, 1.0, 4096.0, 5.0, 168.9454] 0.9801167741935484
[1, 1.0, 0.0, 1.0, 0, 0, 1.0, 0, 1.0, 0.0, 1, 1.0, 0, 1, 4096, 0, 168.9182] 0.9798535483870969
