[1.0, 1.0, 1.0, 0.0, 0.0, 1.0, 3.0, 0.0, 3.0, 8.0, 8.0, 0.0, 15045.4] 0.1
[1.0, 0.0, 1, 0, 0.0, 1.0, 4.0, 0.0, 1.0, 8.0, 10, 8.0, 14540.6] 0.09414030612244899
[1.0, 0.0, 0, 0.0, 0.0, 0.0, 3.0, 0.0, 1, 8.0, 8.0, 128.0, 19583.4] 0.8750200000000005
[1.0, 0.0, 0.0, 0.0, 0, 0.0, 4.0, 0, 2.0, 8.0, 8.0, 64, 19505.4] 0.8516200000000005
[1.0, 0.0, 1.0, 1.0, 1.0, 1.0, 2.0, 0.0, 1.0, 10.0, 10.0, 10.0, 13019.0] 0.07473214285714286
[1.0, 0.0, 1.0, 1, 1, 0, 2.0, 0.0, 1, 10, 8.0, 10.0, 14099.0] 0.08850765306122449
[1.0, 0.0, 0.0, 0.0, 0.0, 1.0, 2.0, 0.0, 2.0, 8.0, 10.0, 16.0, 14891.4] 0.09861479591836735
[1.0, 0.0, 0, 0.0, 0.0, 0.0, 3.0, 0.0, 1.0, 8.0, 8.0, 128.0, 19583.4] 0.8750200000000005
[1.0, 0.0, 0, 0.0, 0.0, 0.0, 3.0, 0.0, 2.0, 10.0, 8, 8.0, 14978.4] 0.09972448979591836
[1, 0.0, 0.0, 0.0, 0.0, 0, 3.0, 0.0, 4.0, 8.0, 8.0, 8.0, 15546.2] 0.1
[1.0, 0.0, 0.0, 0.0, 0.0, 1.0, 4.0, 0.0, 2.0, 10, 8.0, 8.0, 15790.4] 0.1
[1.0, 0.0, 0.0, 0.0, 0.0, 0.0, 4.0, 0, 2.0, 10.0, 10.0, 10.0, 16481.0] 0.1
[1.0, 0.0, 0.0, 0.0, 0.0, 0.0, 4.0, 0.0, 2.0, 10.0, 20.0, 8.0, 12779.6] 0.07167857142857144
[1.0, 0.0, 1.0, 0.0, 0.0, 0.0, 2.0, 0.0, 4.0, 8.0, 8.0, 0.0, 15600.4] 0.1
[1.0, 0.0, 1.0, 1, 1.0, 0.0, 3.0, 0.0, 3.0, 10.0, 8.0, 64.0, 13164.4] 0.07658673469387756
[1, 0, 1, 1.0, 1.0, 0.0, 2.0, 0.0, 4, 10.0, 8.0, 32.0, 12875.6] 0.07290306122448979
[1.0, 0.0, 0, 0.0, 0.0, 1.0, 2.0, 0.0, 3, 20.0, 10.0, 64, 9536.6] 0.03031377551020409
[1.0, 0.0, 1.0, 1.0, 1.0, 1.0, 4.0, 0.0, 1.0, 8.0, 16.0, 16, 11229.0] 0.05190051020408163
[1.0, 1.0, 0, 0.0, 0.0, 0.0, 3.0, 0.0, 2.0, 8.0, 10.0, 16.0, 14162.4] 0.08931632653061225
[1.0, 0, 0.0, 0.0, 0.0, 1.0, 4.0, 0.0, 2.0, 64.0, 0.0, 10.0, 10201.6] 0.03879591836734694
[1.0, 0.0, 1.0, 0.0, 0.0, 1.0, 2, 0.0, 1.0, 8.0, 8, 0.0, 16539.6] 0.1
[1.0, 0.0, 1, 0.0, 0.0, 0.0, 1, 0, 1, 10.0, 10.0, 8.0, 13986.8] 0.08707653061224489
[1.0, 1.0, 1.0, 0.0, 0.0, 0.0, 1.0, 0.0, 3.0, 8.0, 8, 64, 14552.8] 0.09429591836734694
[1.0, 0.0, 1.0, 0.0, 0.0, 1.0, 2.0, 0.0, 2.0, 10.0, 8.0, 10.0, 14318.4] 0.0913061224489796
[1.0, 0.0, 1.0, 1.0, 1.0, 0.0, 1.0, 0.0, 4.0, 8.0, 8.0, 32.0, 14669.4] 0.09578316326530611
[1.0, 0, 0.0, 0.0, 0.0, 0, 3, 0.0, 1.0, 10.0, 8.0, 20, 15535.0] 0.1
[1.0, 0, 0.0, 0.0, 0.0, 0, 4, 0.0, 1.0, 16.0, 16.0, 10.0, 9886.6] 0.0347780612244898
[1, 0, 1.0, 0.0, 0.0, 0.0, 2, 0.0, 2, 8.0, 10.0, 16.0, 14632.6] 0.09531377551020409
[1.0, 0.0, 0.0, 0.0, 0.0, 1.0, 3.0, 0.0, 3.0, 8.0, 10.0, 128.0, 14628.8] 0.09526530612244898
[1.0, 1.0, 0.0, 0.0, 0.0, 0.0, 4.0, 0.0, 3.0, 8, 10.0, 8.0, 14170.4] 0.08941836734693878
