[1, 0.0, 0, 0, 0, 0, 4, 0.0, 2, 8, 8.0, 0, 19707.8] 0.9123399999999997
[1.0, 0, 0.0, 0.0, 0.0, 0.0, 4, 0, 1, 8.0, 8.0, 0, 19332.8] 0.7998399999999998
[1, 0, 0.0, 0, 0, 0.0, 4.0, 0, 2.0, 8.0, 8.0, 0, 19707.8] 0.9123399999999997
[1, 0, 0, 0, 0, 0, 4, 0, 2, 8, 8, 0.0, 19707.8] 0.9123399999999997
[1, 0.0, 0.0, 0, 0.0, 0, 4.0, 0.0, 1.0, 10.0, 10, 128, 17367.4] 0.21022000000000046
[1.0, 0, 0.0, 0, 0.0, 0.0, 3, 0, 2, 8.0, 8, 128.0, 19576.0] 0.8728
[1, 0, 0.0, 0, 0.0, 0.0, 4, 0.0, 2, 8, 8, 0.0, 19707.8] 0.9123399999999997
[1.0, 0.0, 0.0, 0.0, 0, 0, 3, 0, 1.0, 8, 8.0, 8, 18527.6] 0.5582799999999996
[1, 0, 0.0, 0.0, 0.0, 0.0, 3.0, 0.0, 1, 8.0, 8, 128.0, 19583.4] 0.8750200000000005
[1.0, 0.0, 0.0, 0, 0, 0.0, 4, 0.0, 2, 10.0, 8.0, 64, 17750.6] 0.3251799999999996
[1, 0.0, 0.0, 0.0, 0.0, 0, 4, 0, 2.0, 8, 8.0, 0.0, 19707.8] 0.9123399999999997
[1, 0, 0, 0, 0.0, 0, 3.0, 0.0, 2, 8.0, 8, 0, 19692.2] 0.9076600000000001
[1, 0, 0, 0.0, 0.0, 0, 4.0, 0, 2.0, 8.0, 8.0, 0, 19707.8] 0.9123399999999997
[1, 0, 1, 0.0, 0.0, 1, 3.0, 0.0, 1, 10.0, 8, 0.0, 14577.2] 0.09460714285714288
[1.0, 0.0, 0, 0.0, 0, 0, 4.0, 0.0, 2.0, 8.0, 8.0, 128.0, 19600.2] 0.8800600000000002
[1, 0, 1.0, 1, 1.0, 1.0, 2.0, 0.0, 2.0, 8.0, 8.0, 32.0, 15326.0] 0.1
[1.0, 0, 0.0, 0.0, 0.0, 0.0, 3, 0, 1, 8.0, 10, 0.0, 18899.0] 0.6697
[1, 0.0, 0, 0.0, 0.0, 0, 4.0, 0.0, 1.0, 8, 8, 0.0, 19332.8] 0.7998399999999998
[1, 0, 1.0, 1.0, 1.0, 1, 2, 0.0, 1.0, 8.0, 8.0, 16, 15280.6] 0.1
[1.0, 0, 0, 0, 0.0, 0.0, 3, 0, 2, 8, 8.0, 0.0, 19692.2] 0.9076600000000001
[1, 0.0, 0.0, 0.0, 0, 0.0, 3.0, 0.0, 1, 8, 8, 32, 18729.0] 0.6187
[1.0, 0.0, 0.0, 0.0, 0, 0, 4, 0, 2.0, 8.0, 8, 0, 19707.8] 0.9123399999999997
[1, 0, 0, 0, 0, 0, 3, 0.0, 1, 8, 8.0, 0, 19673.8] 0.9021399999999998
[1, 0, 0.0, 0.0, 0, 0, 4, 0.0, 1, 10.0, 10.0, 0, 17357.2] 0.20716000000000023
[1.0, 0, 1.0, 0.0, 0.0, 0.0, 1.0, 0.0, 2.0, 8.0, 8.0, 0.0, 16772.6] 0.1
[1, 0.0, 1, 1.0, 1, 1, 3.0, 0.0, 1.0, 8, 8.0, 0.0, 16220.8] 0.1
[1.0, 0.0, 0, 0.0, 0.0, 0, 4, 0, 2, 8, 8, 128, 19600.2] 0.8800600000000002
[1.0, 0.0, 0, 0.0, 0.0, 0, 4, 0.0, 2, 8.0, 10, 0.0, 18759.8] 0.6279399999999998
[1.0, 0.0, 0.0, 0.0, 0.0, 0.0, 4, 0, 1.0, 8, 10.0, 0, 18857.4] 0.6572200000000005
[1, 0, 0, 0.0, 0.0, 0, 4, 0, 2, 8, 8.0, 64, 19505.4] 0.8516200000000005
