[0.0, 1.0, 0.0, 1.0, 1.0, 1.0, 1.0, 0.0, 1.0, 0.0, 0.0, 1.0, 170.4570768] 0.998345544631762
[0, 1.0, 0.0, 1, 1.0, 1.0, 1.0, 0.0, 1.0, 1.0, 0.0, 0, 169.9893966] 0.9976927462746422
[0.0, 1.0, 0.0, 1.0, 1.0, 1.0, 1.0, 1.0, 1.0, 0.0, 0, 0.0, 170.6651847] 0.9986360262369777
[0.0, 1.0, 0.0, 1.0, 1, 1.0, 0.0, 0.0, 1.0, 0.0, 1.0, 1.0, 124.574384] 0.9343014681879345
[0.0, 1.0, 1, 1, 1, 1, 1.0, 0.0, 0.0, 0.0, 0.0, 0.0, 171.3028867] 0.9995261447793745
[0.0, 1, 0, 1.0, 1.0, 1, 1.0, 1.0, 1.0, 1.0, 0, 1.0, 170.3034718] 0.9981311393786737
[0.0, 1.0, 1.0, 1.0, 1.0, 1.0, 1.0, 0.0, 1.0, 0.0, 1.0, 0.0, 170.2916942] 0.9981146999443533
[1.0, 1.0, 1.0, 1, 1, 1.0, 1.0, 0, 0.0, 1.0, 1.0, 0.0, 169.9866829] 0.9976889584322198
[0, 1.0, 1.0, 1.0, 0, 1, 1.0, 0.0, 1.0, 0.0, 0.0, 0.0, 124.5356865] 0.9342474533623664
[0.0, 1, 0.0, 1, 1, 1.0, 0, 0.0, 1.0, 0.0, 0.0, 1.0, 124.6732724] 0.9344394988017133
[1.0, 1.0, 1.0, 1.0, 1.0, 1.0, 1.0, 1.0, 1.0, 1.0, 0.0, 0.0, 169.639502] 0.9972043556606179
[0, 1.0, 0.0, 1.0, 1, 1.0, 1.0, 0.0, 0.0, 0.0, 0.0, 1.0, 171.4235804] 0.9996946117127078
[1.0, 1.0, 0, 1.0, 1.0, 1, 1.0, 0.0, 1.0, 0.0, 1.0, 1.0, 170.3253386] 0.998161661541287
[1.0, 1.0, 0, 1.0, 1, 1, 1.0, 0.0, 0.0, 1.0, 0.0, 1, 170.3418882] 0.9981847618386505
[1, 1, 1.0, 1.0, 1, 1.0, 1, 0.0, 1.0, 0.0, 1.0, 1, 169.8158512] 0.9974505077706268
[1.0, 1, 0.0, 1.0, 1, 1.0, 0.0, 0.0, 0, 0.0, 0.0, 1.0, 123.0030434] 0.9321081562577835
[0.0, 1.0, 0.0, 1.0, 1.0, 1.0, 1.0, 1.0, 1.0, 0.0, 1, 1.0, 170.4742329] 0.9983694914952267
[1.0, 1.0, 0.0, 1, 1.0, 1.0, 1.0, 1, 0.0, 1.0, 0, 0.0, 170.4227512] 0.9982976322008162
[0, 1.0, 0.0, 1.0, 1, 1.0, 1.0, 1.0, 1, 0.0, 0, 0.0, 170.6651847] 0.9986360262369777
[1.0, 1.0, 1.0, 1, 1.0, 1.0, 1, 1.0, 1, 0.0, 1.0, 1.0, 169.4766715] 0.9969770732507811
[1.0, 1, 0, 1.0, 1.0, 1.0, 1, 0.0, 1, 0.0, 1, 1.0, 170.3253386] 0.998161661541287
[0, 1.0, 1.0, 1.0, 1, 1, 1.0, 1.0, 0, 1, 1.0, 1.0, 169.2667727] 0.9966840918677733
[0, 1.0, 1.0, 1.0, 1.0, 1.0, 1.0, 1, 1.0, 0.0, 1, 1.0, 170.6282685] 0.9985844977893096
[0.0, 0.0, 1.0, 1.0, 1.0, 1.0, 1.0, 1.0, 0.0, 1, 0.0, 0, 105.8266685] 0.9081329926395872
[1, 1, 1.0, 1.0, 1.0, 1, 0.0, 1.0, 0, 1, 1.0, 1.0, 122.8309164] 0.9318678975878293
[1.0, 1.0, 1.0, 1, 1.0, 1.0, 1.0, 0, 1.0, 0, 0.0, 1.0, 169.9796426] 0.9976791314259158
[1, 1.0, 0.0, 1, 1.0, 1.0, 1.0, 0.0, 0.0, 1.0, 1.0, 0.0, 170.7705431] 0.9987830878197189
[0.0, 0.0, 0, 1.0, 1, 1.0, 1, 0.0, 0.0, 1.0, 0.0, 1.0, 105.9221544] 0.9082662739686836
[0.0, 1.0, 0.0, 1.0, 1, 0.0, 1, 0.0, 0.0, 0.0, 1.0, 0.0, 116.8758438] 0.9235556756682183
[0, 1.0, 0.0, 1.0, 1.0, 1, 1.0, 1.0, 1.0, 1, 1.0, 1, 169.8953624] 0.9975614912604829
