[1.0, 0, 1.0, 0.0, 0.0, 1.0, 2, 0.0, 2, 8.0, 8, 128, 16343.0] 0.38546
[1.0, 0.0, 0, 0, 0.0, 0, 4, 0.0, 2.0, 8.0, 8.0, 0.0, 19707.8] 1.0
[1, 0, 1.0, 0.0, 0.0, 0, 1.0, 0, 2, 8.0, 8.0, 128, 16631.4] 0.4489080000000003
[1.0, 0.0, 0.0, 0, 0.0, 0, 2, 0.0, 2.0, 8.0, 10.0, 128.0, 15451.8] 0.1839333333333331
[1.0, 0.0, 0.0, 0.0, 0.0, 0.0, 3, 0.0, 2.0, 8.0, 8.0, 0, 19692.2] 1.0
[1.0, 0.0, 1.0, 0.0, 0.0, 1.0, 4.0, 0.0, 1.0, 128.0, 64.0, 128.0, 6165.4] 0
[1.0, 0.0, 0.0, 0.0, 0, 0.0, 3.0, 0.0, 1.0, 8, 8.0, 32.0, 18729.0] 0.93225
[1, 0, 0, 0, 0, 1.0, 3.0, 0, 2.0, 8.0, 8, 64, 18670.4] 0.9176000000000004
[1.0, 0.0, 1.0, 0.0, 0.0, 1, 2.0, 0.0, 1.0, 8.0, 10.0, 0, 15215.2] 0.10506666666666692
[1, 0.0, 0, 0.0, 0.0, 0.0, 3.0, 0.0, 1, 10.0, 10.0, 10.0, 15182.2] 0.09406666666666691
[1.0, 0.0, 1, 0.0, 0.0, 0.0, 4.0, 0.0, 1.0, 8.0, 8, 32.0, 15292.8] 0.1309333333333331
[1.0, 0, 0.0, 0.0, 0, 0.0, 3, 0.0, 4, 8, 8.0, 0.0, 16479.6] 0.4155119999999997
[1, 0.0, 0, 0, 0, 0.0, 4, 0.0, 2, 8.0, 8.0, 32, 18805.0] 0.95125
[1, 0.0, 0.0, 0.0, 0, 1, 3.0, 0, 4.0, 8.0, 8.0, 64.0, 15819.4] 0.27026799999999995
[1.0, 1, 0.0, 0.0, 0.0, 0.0, 2.0, 0.0, 1, 8, 8, 0.0, 15196.6] 0.0988666666666668
[1.0, 0.0, 1.0, 0.0, 0.0, 0.0, 2.0, 0.0, 2.0, 8.0, 8.0, 0.0, 16868.0] 0.5009600000000001
[1.0, 1.0, 0.0, 0.0, 0.0, 0.0, 1.0, 0.0, 1.0, 16.0, 128.0, 32.0, 6249.8] 0
[1.0, 0.0, 0.0, 0.0, 0.0, 1.0, 3.0, 0.0, 1.0, 8.0, 8.0, 0.0, 18647.2] 0.9118000000000002
[1.0, 0.0, 0, 0.0, 0.0, 0, 3, 0.0, 1.0, 8.0, 10.0, 128, 18822.0] 0.9555
[1.0, 0, 0, 0, 0, 0, 4.0, 0.0, 2.0, 10.0, 10.0, 8.0, 16550.6] 0.4311319999999997
[1, 0.0, 0.0, 0.0, 0.0, 1.0, 2.0, 0.0, 2.0, 8, 8.0, 32.0, 16250.8] 0.36517599999999983
[1, 0.0, 0.0, 0.0, 0.0, 0.0, 4, 0.0, 2, 10.0, 8.0, 64.0, 17750.6] 0.6951319999999996
[1.0, 0.0, 1.0, 1.0, 1, 0.0, 4, 0.0, 2, 8, 8.0, 0, 16082.2] 0.32808400000000015
[1.0, 0.0, 1.0, 0.0, 0.0, 0.0, 3.0, 0.0, 3.0, 8.0, 8.0, 0.0, 15241.0] 0.11366666666666668
[1.0, 0.0, 0.0, 0.0, 0.0, 0.0, 4, 0.0, 2.0, 10.0, 8.0, 8.0, 16667.8] 0.4569159999999999
[1, 0.0, 0.0, 0.0, 0.0, 1, 3.0, 0.0, 2.0, 8.0, 8, 64.0, 18670.4] 0.9176000000000004
[1, 0, 0, 0.0, 0.0, 1.0, 3, 0.0, 2, 8.0, 8, 32.0, 17840.2] 0.7148440000000003
[1.0, 1.0, 0.0, 0.0, 0.0, 0.0, 4.0, 0.0, 1.0, 128.0, 8.0, 128.0, 7140.4] 0
[1, 0.0, 0.0, 0.0, 0.0, 0.0, 4.0, 0.0, 1.0, 8.0, 10.0, 64.0, 18757.6] 0.9393999999999996
[1, 0.0, 0.0, 0, 0.0, 1.0, 3.0, 0, 1, 8.0, 8.0, 32.0, 18124.6] 0.7811499999999997
