[1.0, 1.0, 1.0, 1.0, 1.0, 1.0, 1, 0, 0.0, 1.0, 1.0, 1.0, 170.6573937] 0.9905387310853155
[0.0, 1.0, 0, 1.0, 1.0, 1.0, 1.0, 1.0, 1.0, 0.0, 0.0, 0, 170.6651847] 0.9906135683283601
[0.0, 1.0, 0.0, 1.0, 1, 1.0, 1.0, 0, 0, 0, 0, 1, 171.4235804] 0.9978984153730086
[0, 1.0, 0, 1.0, 1.0, 1.0, 1.0, 0.0, 1.0, 1.0, 1, 0.0, 170.3049545] 0.9871533404976075
[0.0, 1.0, 0.0, 1.0, 1.0, 1.0, 1.0, 0.0, 1, 0.0, 0, 1.0, 170.4570768] 0.988614566724998
[0.0, 1, 1.0, 1.0, 1.0, 1.0, 1, 1.0, 1.0, 0.0, 1, 1.0, 170.6282685] 0.9902589660139355
[1, 1, 0.0, 1.0, 1.0, 1.0, 1.0, 1.0, 0.0, 1.0, 0.0, 0.0, 170.4227512] 0.9882848486824037
[0, 1.0, 1, 1, 1, 1.0, 1, 0.0, 0.0, 0.0, 1, 0, 171.6423678] 1.0
[1.0, 1.0, 1.0, 1.0, 1.0, 1.0, 1.0, 0.0, 0, 1, 1.0, 0.0, 169.9866829] 0.9840961502674208
[0, 1.0, 1.0, 1.0, 1.0, 1.0, 1.0, 1, 1.0, 0.0, 1.0, 1.0, 170.6282685] 0.9902589660139355
[0.0, 1.0, 0.0, 1.0, 1.0, 1.0, 1.0, 0, 0, 1.0, 0.0, 0, 170.2871644] 0.9869824558823479
[0, 1.0, 0.0, 1.0, 1, 1, 1.0, 1.0, 0, 1.0, 1.0, 0, 170.5539949] 0.9895455233936049
[0.0, 1.0, 0, 1.0, 1.0, 1.0, 1, 0, 0.0, 0.0, 0, 0, 169.3059807] 0.9775575960404442
[0, 1, 0.0, 1.0, 1.0, 1.0, 1.0, 0.0, 0.0, 0.0, 0.0, 1.0, 171.4235804] 0.9978984153730086
[1.0, 1.0, 0.0, 1.0, 1.0, 1.0, 1.0, 0.0, 1.0, 1.0, 1.0, 0.0, 169.8940532] 0.983206386261254
[0, 1.0, 1.0, 1.0, 1.0, 1.0, 1.0, 0.0, 0.0, 1.0, 1.0, 0.0, 170.1198454] 0.9853752562072132
[0.0, 1, 0, 1.0, 1.0, 1.0, 1.0, 1.0, 1.0, 0, 0, 0, 170.6651847] 0.9906135683283601
[0, 1.0, 0, 1.0, 1.0, 1.0, 1.0, 0.0, 1.0, 1, 0.0, 1, 171.1972303] 0.9957241864618468
[0.0, 1.0, 1.0, 1.0, 1, 1.0, 1, 0, 0.0, 0.0, 0.0, 1.0, 171.5690527] 0.9992957643489235
[0.0, 1.0, 1.0, 1.0, 1.0, 1.0, 1.0, 0.0, 0, 0.0, 0.0, 1.0, 171.5690527] 0.9992957643489235
[0.0, 1.0, 1.0, 1.0, 1, 1.0, 1.0, 0.0, 0, 0.0, 1.0, 0, 171.6423678] 1.0
[0.0, 1.0, 1, 1.0, 1, 1.0, 1.0, 0.0, 0.0, 0, 0.0, 1, 171.5690527] 0.9992957643489235
[1.0, 1.0, 1.0, 1.0, 1.0, 1.0, 1.0, 0.0, 0.0, 1.0, 1.0, 1.0, 170.6573937] 0.9905387310853155
[0.0, 1.0, 1, 1, 1.0, 1.0, 1.0, 0.0, 0.0, 0, 0.0, 1.0, 171.5690527] 0.9992957643489235
[0.0, 1.0, 0.0, 1, 1.0, 1, 1.0, 0.0, 1.0, 1, 0.0, 1, 171.1972303] 0.9957241864618468
[0.0, 1.0, 0, 1.0, 1.0, 1, 1.0, 1.0, 0, 0, 1.0, 0.0, 170.735281] 0.991286885468602
[0, 1, 1.0, 1.0, 1.0, 1.0, 1.0, 0.0, 0.0, 0, 0.0, 1, 171.5690527] 0.9992957643489235
[0.0, 1, 1.0, 1.0, 1.0, 1.0, 1.0, 1.0, 1, 0.0, 0.0, 1.0, 170.5469792] 0.9894781333735785
[0, 1.0, 0.0, 1, 1.0, 1, 1.0, 0.0, 1.0, 1, 0.0, 1, 171.1972303] 0.9957241864618468
[1.0, 1.0, 0, 1, 1.0, 1.0, 1.0, 1.0, 0.0, 0.0, 1.0, 0.0, 169.9990129] 0.9842145873366981
