[1.0, 1.0, 0.0, 1, 1, 1, 1, 1.0, 0, 0.0, 0.0, 1.0, 169.7842262] 0.9821514318405307
[0.0, 1.0, 1, 1.0, 1.0, 1.0, 1, 0, 0.0, 1.0, 0.0, 1, 170.6936717] 0.9908872031047189
[1.0, 1.0, 1.0, 1.0, 1.0, 1.0, 1.0, 1.0, 0.0, 0, 1.0, 1.0, 170.0389183] 0.984597902715801
[1.0, 1.0, 0.0, 1.0, 0, 1, 1.0, 0, 1.0, 1, 0, 0, 124.2938669] 0.5154646948148147
[1.0, 1, 1, 1, 1, 1.0, 1.0, 1.0, 1.0, 0.0, 1, 1.0, 169.4766715] 0.9791971838834777
[0.0, 1.0, 1.0, 1.0, 1, 1.0, 1.0, 0.0, 1.0, 1.0, 1.0, 0.0, 170.1067212] 0.9852491903690455
[0.0, 1.0, 0, 1.0, 1.0, 1.0, 1.0, 1, 1.0, 0, 0.0, 0.0, 170.6651847] 0.9906135683283601
[0.0, 1.0, 1.0, 1.0, 0.0, 1, 1.0, 1.0, 1.0, 0.0, 0.0, 0.0, 124.7044525] 0.5215474444444445
[0.0, 1, 1.0, 1.0, 1.0, 1.0, 1.0, 0.0, 0.0, 0.0, 1.0, 0, 171.6423678] 1.0
[1.0, 1.0, 0.0, 1.0, 1.0, 1.0, 1.0, 0, 1.0, 1.0, 1.0, 1.0, 170.2500155] 0.9866256183444017
[0.0, 1.0, 1.0, 1.0, 1.0, 1.0, 1.0, 0, 0.0, 0.0, 0.0, 1.0, 171.5690527] 0.9992957643489235
[1.0, 1.0, 0.0, 1.0, 1.0, 1.0, 1, 1.0, 0.0, 1.0, 0.0, 0, 170.4227512] 0.9882848486824037
[1, 1, 0, 1.0, 1.0, 1.0, 1, 0.0, 0.0, 1, 0.0, 1.0, 170.3418882] 0.9875081109100623
[0.0, 1.0, 1, 1.0, 1, 1, 1.0, 1.0, 0, 1.0, 0.0, 1.0, 170.3886647] 0.9879574273391822
[0.0, 1.0, 1.0, 1, 1.0, 1.0, 1.0, 0.0, 0.0, 0.0, 0.0, 1.0, 171.5690527] 0.9992957643489235
[0.0, 1.0, 1, 1.0, 1, 1.0, 1.0, 1.0, 1.0, 0.0, 1.0, 1, 170.6282685] 0.9902589660139355
[0.0, 1.0, 0.0, 1.0, 1.0, 1.0, 1.0, 0.0, 0.0, 0.0, 0.0, 1.0, 171.4235804] 0.9978984153730086
[0.0, 1, 0.0, 1.0, 1.0, 1.0, 1.0, 0.0, 0.0, 0.0, 0.0, 1.0, 171.4235804] 0.9978984153730086
[1, 1.0, 0, 1, 1.0, 1.0, 1.0, 1.0, 0, 0, 1, 0.0, 169.9990129] 0.9842145873366981
[1.0, 1.0, 1.0, 1, 1.0, 1.0, 1.0, 0.0, 1.0, 0.0, 0.0, 1.0, 169.9796426] 0.9840285239495917
[1, 1.0, 0.0, 1.0, 1.0, 1.0, 1.0, 0.0, 0, 1.0, 1.0, 0.0, 170.7705431] 0.9916255991572123
[0.0, 1.0, 1.0, 1.0, 1.0, 1.0, 1.0, 1.0, 1.0, 1, 1.0, 0.0, 170.2764871] 0.9868798939910426
[1.0, 1.0, 1.0, 1.0, 1.0, 1.0, 1, 1.0, 0.0, 0.0, 1, 1.0, 170.0389183] 0.984597902715801
[0.0, 1.0, 0.0, 1, 1.0, 1.0, 1.0, 0.0, 1.0, 1.0, 1, 1.0, 170.0842576] 0.985033413974121
[1.0, 1.0, 0.0, 1.0, 1.0, 1.0, 1.0, 0, 0.0, 0, 0.0, 0, 170.0170183] 0.9843875400380091
[1.0, 1.0, 0.0, 1.0, 1.0, 1.0, 1.0, 0.0, 1.0, 0.0, 1.0, 1.0, 170.3253386] 0.9873491420437435
[1, 1, 0, 1.0, 1.0, 1, 1, 1.0, 0.0, 1.0, 0, 0, 170.4227512] 0.9882848486824037
[1.0, 1.0, 1.0, 1.0, 1, 1.0, 1.0, 1.0, 0.0, 1.0, 0.0, 0, 170.0739989] 0.9849348729876979
[1.0, 1.0, 0.0, 1.0, 1.0, 1, 1.0, 0.0, 1.0, 1.0, 1, 1.0, 170.2500155] 0.9866256183444017
[0.0, 1.0, 1.0, 1.0, 1.0, 1.0, 1.0, 0.0, 0.0, 0.0, 1.0, 0.0, 171.6423678] 1.0
