[0.0, 1.0, 0.0, 1, 1.0, 1.0, 1.0, 0.0, 0.0, 0.0, 0.0, 1.0, 171.4235804] 0.9978984153730086
[1.0, 1.0, 0.0, 1.0, 1.0, 1, 1.0, 0.0, 1.0, 0.0, 0.0, 0.0, 170.2000723] 0.986145883856297
[1, 1.0, 0.0, 1, 1.0, 1.0, 1, 0, 0, 0.0, 0, 1.0, 170.1596611] 0.9857577099638413
[0.0, 1.0, 0.0, 1.0, 1.0, 1.0, 1.0, 1.0, 1.0, 0.0, 0.0, 0.0, 170.6651847] 0.9906135683283601
[0.0, 1.0, 0.0, 1.0, 1.0, 1.0, 1, 1.0, 1.0, 0.0, 1.0, 0.0, 170.2122025] 0.9862624017263495
[0.0, 1, 1, 1, 1.0, 1.0, 1.0, 0.0, 0.0, 0.0, 1.0, 1.0, 170.6176486] 0.9901569554841693
[1.0, 1.0, 1.0, 1.0, 1.0, 0.0, 0.0, 1.0, 0, 0, 0.0, 0.0, 101.2536049] 0.10895598652130867
[0.0, 1.0, 0.0, 1.0, 1.0, 1.0, 0.0, 1.0, 1.0, 1.0, 0.0, 1.0, 124.6115718] 0.520171434074074
[0, 1.0, 0.0, 1.0, 1.0, 1.0, 1.0, 0, 0.0, 1.0, 1, 0.0, 170.5559134] 0.9895639517405158
[0.0, 1.0, 1, 1.0, 1.0, 1.0, 1.0, 1.0, 1.0, 0.0, 0.0, 0.0, 169.9536264] 0.9837786226939766
[0.0, 1.0, 1.0, 1.0, 0.0, 1.0, 1.0, 0.0, 0.0, 1.0, 0.0, 1.0, 125.3297246] 0.5308107348148149
[0.0, 1, 1.0, 1.0, 1, 1.0, 1.0, 0.0, 0, 1.0, 0.0, 1, 170.6936717] 0.9908872031047189
[0.0, 1.0, 1.0, 1, 1.0, 1.0, 1.0, 0.0, 0.0, 1, 0.0, 1.0, 170.6936717] 0.9908872031047189
[1.0, 0.0, 0.0, 1.0, 0.0, 0.0, 1.0, 0.0, 0.0, 0.0, 1.0, 0.0, 45.43603539] 0
[0.0, 1, 1.0, 1.0, 1.0, 1, 1, 0.0, 0.0, 0.0, 0.0, 1, 171.5690527] 0.9992957643489235
[0, 1, 1.0, 1.0, 1.0, 0, 1.0, 1.0, 0.0, 0.0, 1.0, 1.0, 116.6385932] 0.4020532325925926
[1.0, 1, 0.0, 1.0, 1.0, 0.0, 0.0, 0.0, 1.0, 1.0, 1, 1.0, 100.9940331] 0.0954238491155816
[0.0, 1.0, 1.0, 1.0, 1.0, 1.0, 1.0, 1.0, 0.0, 1.0, 0.0, 1, 170.3886647] 0.9879574273391822
[1.0, 0.0, 1.0, 1.0, 1.0, 1.0, 1.0, 1.0, 0, 1.0, 1.0, 1.0, 103.647495] 0.20959251851851862
[1, 1.0, 1.0, 1.0, 1.0, 1.0, 1.0, 0.0, 1.0, 0, 1.0, 1.0, 169.8158512] 0.9824552089951043
[1.0, 1.0, 1.0, 1.0, 1.0, 1.0, 1.0, 1.0, 0, 0.0, 1.0, 0.0, 169.9594309] 0.9838343784091933
[1.0, 1.0, 0.0, 1.0, 1.0, 0.0, 0.0, 1, 1.0, 1.0, 1.0, 1.0, 101.7876024] 0.13679463287778737
[0.0, 1.0, 1.0, 1.0, 0.0, 1.0, 1.0, 1.0, 1, 0.0, 1.0, 0.0, 124.5283871] 0.5189390681481482
[0.0, 1.0, 0.0, 1.0, 0.0, 1.0, 1.0, 0, 0.0, 1, 1.0, 1.0, 124.1873269] 0.5138863244444445
[1.0, 1.0, 0, 1.0, 1.0, 1.0, 1.0, 0.0, 1.0, 1.0, 0.0, 1.0, 170.0900283] 0.9850888450199992
[0.0, 1.0, 1.0, 1.0, 1.0, 1.0, 1.0, 1.0, 1.0, 0.0, 1.0, 0.0, 169.7691541] 0.9820066552507614
[0, 1.0, 1.0, 1, 1.0, 1.0, 1, 1.0, 0, 0.0, 1.0, 0.0, 169.5056827] 0.9794758539162608
[1.0, 1, 1.0, 1.0, 1.0, 0, 1.0, 1.0, 1.0, 1.0, 1, 1.0, 115.8753722] 0.39074625481481484
[1.0, 1.0, 0.0, 1.0, 1.0, 1.0, 1.0, 1.0, 0, 0.0, 1.0, 1.0, 168.3990679] 0.9688461528837466
[1.0, 1, 1.0, 1.0, 1, 0, 1.0, 1.0, 0.0, 1, 0, 1.0, 115.3140271] 0.3824300311111112
