[ 1.  0.  0.  0.  0.  1.  4.  0.  2. 10. 10. 20.] 0.80674
[ 1.  0.  0.  0.  0.  0.  1.  0.  4.  8. 10. 16.] 0.6202000000000001
[ 1.  0.  1.  0.  0.  1.  4.  0.  3. 16. 10. 10.] 0.08819008264462813
[ 1.  0.  1.  1.  1.  0.  4.  0.  1. 10. 16.  0.] 0.1942314049586777
[ 1.  0.  1.  1.  1.  0.  2.  0.  2.  8. 32. 64.] 0.07566942148760335
[ 1.  0.  1.  0.  0.  1.  2.  0.  4.  8. 20. 10.] 0.08833057851239672
[  1.   1.   0.   0.   0.   0.   2.   0.   3.  10.  10. 128.] 0.206875
[ 1.  1.  1.  1.  1.  0.  2.  0.  2.  8.  8. 10.] 0.7341050000000002
[  1.   1.   0.   0.   0.   1.   4.   0.   4.  16.   8. 128.] 0.14113223140495865
[ 1.  0.  1.  0.  0.  0.  3.  0.  2. 20. 10.  8.] 0.10653719008264467
[ 1.  1.  0.  0.  0.  0.  3.  0.  1. 16. 16.  0.] 0.073297520661157
[ 1.  1.  1.  0.  0.  0.  1.  0.  2. 10. 10. 10.] 0.18343801652892566
[ 1.  1.  0.  0.  0.  0.  3.  0.  4. 10.  8. 32.] 0.3548800000000002
[ 1.  0.  0.  0.  0.  1.  3.  0.  1. 10.  8.  8.] 0.8046800000000001
[ 1.  0.  1.  0.  0.  0.  2.  0.  1. 16. 10. 32.] 0.17568595041322316
[ 1.  0.  0.  0.  0.  0.  4.  0.  2. 10. 20.  8.] 0.41439000000000015
[ 1.  0.  1.  0.  0.  0.  3.  0.  1. 20. 20. 20.] 0.030876033057851235
[5.85030027e-01 7.29467667e-02 7.54199841e-02 5.17517486e-02
 1.71345440e-01 1.42359459e-02 2.88966870e+00 4.66035057e-01
 9.35337424e-01 1.31980543e+01 5.94799527e+00 1.13150146e+02] 0.3260599999999999
[ 1.  0.  0.  0.  0.  0.  1.  0.  4. 10.  0. 32.] 0.08117355371900825
[ 1.  0.  1.  0.  0.  1.  4.  0.  1.  8. 10. 20.] 0.77037
[  1.   0.   1.   0.   0.   1.   4.   0.   3.  10.  10. 128.] 0.23261500000000013
[ 1.  1.  0.  0.  0.  0.  1.  0.  3.  8. 20.  0.] 0.1516115702479339
[ 1.  0.  1.  0.  0.  1.  4.  0.  2. 10.  8. 16.] 0.6206949999999999
[ 1.  0.  0.  0.  0.  0.  4.  0.  1. 32.  8. 10.] 0.1255289256198347
[1. 0. 1. 0. 0. 0. 3. 0. 3. 8. 8. 8.] 0.77213
[ 1.  0.  0.  0.  0.  0.  4.  0.  1.  8.  0. 64.] 0.15580991735537192
[ 1.  0.  1.  1.  1.  1.  2.  0.  1. 10. 20.  0.] 0.15768595041322314
[ 1.  0.  0.  0.  0.  0.  4.  0.  3.  8. 10. 32.] 0.7844800000000001
[ 1.  0.  1.  0.  0.  1.  4.  0.  4.  8. 10. 64.] 0.5370949999999999
[  1.   1.   0.   0.   0.   0.   1.   0.   4.  10.   8. 128.] 0.43050500000000025
