[1.0, 1, 0.0, 0, 1, 0, 0.0, 0.0, 0.0, 1.0, 0, 40, 512.0, 10.0, 305319.4] 0.44220820452140297
[1, 1.0, 0, 0, 1, 0.0, 0.0, 0.0, 0.0, 1.0, 0.0, 40, 512, 10.0, 305319.4] 0.44220820452140297
[1.0, 0, 1.0, 0.0, 1.0, 0.0, 0.0, 0.0, 0.0, 1, 1.0, 40, 1024.0, 10.0, 303744.6] 0.4395836909513611
[1.0, 0.0, 1, 1.0, 1.0, 0.0, 0.0, 0.0, 1.0, 0.0, 1, 0, 4.0, 10.0, 422067.4] 0.9677900000000004
[1, 1, 0, 1, 1.0, 0.0, 0, 0.0, 1, 0.0, 0, 70, 2.0, 10.0, 419290.2] 0.9215033333333336
[1.0, 1.0, 1, 1.0, 1, 0.0, 0.0, 0.0, 1, 0.0, 0, 10, 1, 10.0, 420823.8] 0.9470633333333331
[1.0, 0.0, 0.0, 1.0, 1.0, 0.0, 0.0, 0, 0.0, 1.0, 1, 50, 64.0, 10.0, 303834.2] 0.4397330155740915
[1, 0.0, 0, 1, 1, 0, 0.0, 0.0, 0, 1.0, 1, 50, 64.0, 10, 303834.2] 0.4397330155740915
[1, 0.0, 1, 1.0, 1, 1.0, 0.0, 0.0, 0, 0.0, 0.0, 0.0, 512, 8.0, 132073.0] 0.16298550609327553
[1.0, 0, 0.0, 1, 1, 0.0, 0.0, 0.0, 1, 0, 1.0, 0, 512, 10.0, 421557.8] 0.9592966666666665
[1, 1, 1.0, 1, 1, 0, 0, 0, 1, 0.0, 0.0, 70, 2, 10, 417602.4] 0.8933733333333337
[1.0, 1.0, 1.0, 1.0, 1.0, 0.0, 0.0, 0.0, 1.0, 0.0, 1.0, 0.0, 64.0, 10.0, 421388.4] 0.9564733333333337
[1.0, 1.0, 1.0, 1.0, 1.0, 0.0, 1, 0.0, 0.0, 0, 1.0, 0, 1.0, 8.0, 131724.6] 0.16252350452851708
[1, 1.0, 0.0, 1, 1.0, 0.0, 0.0, 0, 1.0, 0.0, 1.0, 40, 1.0, 10.0, 421557.6] 0.9592933333333329
[1, 0.0, 1.0, 1.0, 1.0, 0.0, 0.0, 0, 1.0, 0.0, 0.0, 0, 2048, 10.0, 422252.6] 0.9708766666666663
[1, 0, 1, 1.0, 1.0, 0, 0.0, 0.0, 1.0, 0.0, 0, 50, 1, 10.0, 420350.0] 0.9391666666666667
[1.0, 0, 1.0, 1.0, 1.0, 0.0, 0.0, 0.0, 1.0, 0.0, 1, 0.0, 1.0, 10.0, 424574.6] 1.0
[1, 1.0, 0, 1.0, 1, 0.0, 1.0, 0, 0, 0.0, 0.0, 0.0, 4, 8.0, 131842.0] 0.16267918473432258
[1.0, 0.0, 1.0, 1.0, 1, 0.0, 0.0, 0.0, 1, 0.0, 1, 90, 1.0, 10, 419118.8] 0.9186466666666665
[1, 0, 0, 1.0, 1, 0, 0, 0.0, 1, 0, 0.0, 0, 8, 10, 422061.6] 0.967693333333333
[1.0, 1.0, 1.0, 1, 1.0, 0.0, 0.0, 0.0, 1.0, 0.0, 1.0, 100, 1.0, 10.0, 421113.8] 0.9518966666666665
[1.0, 0, 1, 1, 1, 0, 0.0, 0.0, 1, 0.0, 1.0, 0, 1.0, 10, 424574.6] 1.0
[1.0, 0.0, 1.0, 1.0, 1, 0.0, 0.0, 0.0, 1.0, 0, 1.0, 0, 1, 10.0, 424574.6] 1.0
[1, 0.0, 0, 1, 1, 0.0, 0.0, 0.0, 1.0, 0, 0, 0, 1, 10.0, 420952.4] 0.9492066666666671
[1.0, 1.0, 0.0, 1.0, 1.0, 1.0, 0.0, 0.0, 0.0, 0, 0.0, 0.0, 1, 8.0, 131978.6] 0.1628603254167164
[1, 0, 0, 0, 1.0, 0, 0, 0, 0.0, 1, 1.0, 50.0, 128, 10.0, 302368.2] 0.4372898247602223
[1.0, 1.0, 0, 1.0, 1.0, 0.0, 0, 0.0, 0.0, 1, 0, 50, 8, 10.0, 301976.4] 0.4366368628496672
[1, 1, 0.0, 1, 1.0, 0, 0.0, 0, 1, 0, 1, 30, 1, 10, 418325.8] 0.9054299999999998
[1.0, 0, 1.0, 1, 1, 0.0, 0, 0.0, 1.0, 0, 1.0, 0, 128, 10.0, 421093.8] 0.9515633333333331
[1.0, 1, 1, 1.0, 1.0, 0, 0, 0, 1, 0, 0, 0, 128, 10.0, 422401.4] 0.9733566666666671
