[1, 1, 1, 1.0, 1, 0.0, 0.0, 0.0, 1.0, 0.0, 1.0, 50, 1, 10, 420032.8] 0.9338799999999998
[1.0, 0, 0.0, 1, 1.0, 0.0, 0.0, 0.0, 1, 0, 1.0, 0, 4096, 10.0, 420900.6] 0.948343333333333
[1.0, 1, 1, 1.0, 1.0, 0, 0.0, 0, 1.0, 0, 1, 100, 1, 10.0, 421113.8] 0.9518966666666665
[1, 1.0, 1, 1, 1.0, 0, 0.0, 0.0, 1, 0.0, 1.0, 10.0, 1, 10.0, 420522.8] 0.9420466666666665
[1.0, 0.0, 1, 1.0, 1, 0.0, 0, 0.0, 1, 0, 1.0, 0, 1.0, 10.0, 424574.6] 1.0
[1.0, 1, 0, 1, 1, 0, 0.0, 0.0, 0.0, 1, 1, 40, 2048.0, 10.0, 303936.6] 0.4399036722857833
[1.0, 0.0, 1, 0, 1.0, 0.0, 0.0, 0.0, 0, 1.0, 0.0, 50.0, 64.0, 10.0, 302686.0] 0.43781946053146903
[1.0, 1, 0.0, 1.0, 1.0, 1, 0, 0.0, 0.0, 0, 0.0, 0.0, 4, 8.0, 131960.2] 0.1628359257933193
[1.0, 0.0, 1, 1, 1, 0.0, 0.0, 0.0, 1.0, 0, 0, 0.0, 128, 10.0, 421752.2] 0.9625366666666668
[1, 1.0, 1, 0, 1, 0.0, 0.0, 0.0, 0.0, 1.0, 1.0, 100.0, 256, 10.0, 303902.8] 0.4398473422383694
[1.0, 0, 1, 1.0, 1, 0.0, 0.0, 0.0, 1.0, 0.0, 1.0, 50, 1, 10, 420763.0] 0.9460500000000001
[1, 1.0, 0, 1, 1.0, 0.0, 0.0, 0, 1, 0, 0.0, 70, 1, 10, 420302.4] 0.9383733333333337
[1, 1, 1, 0, 1, 0.0, 0.0, 0.0, 0.0, 1.0, 1.0, 100, 256, 10, 303902.8] 0.4398473422383694
[1.0, 1.0, 0, 1.0, 1.0, 0.0, 0.0, 0.0, 1, 0.0, 1, 40.0, 1, 10, 421557.6] 0.9592933333333329
[1, 1, 1, 1.0, 1, 0.0, 0, 0, 1, 0, 0, 90, 2048, 10, 416848.4] 0.880806666666667
[1.0, 1, 0, 1, 1, 0.0, 0, 0.0, 0.0, 1.0, 0, 60, 128.0, 10.0, 304211.0] 0.440360978942895
[1, 0, 1, 1, 1.0, 0, 0.0, 0.0, 1, 0, 1.0, 0, 1024, 10, 422519.2] 0.9753200000000002
[1, 1, 0, 1, 1.0, 1.0, 0, 0, 0, 0.0, 0, 0, 1, 8.0, 131978.6] 0.1628603254167164
[1, 0.0, 1.0, 1, 1.0, 0.0, 0.0, 0, 1, 0, 1, 0, 1, 10.0, 424574.6] 1.0
[1.0, 1, 0, 1, 1, 0.0, 0.0, 0, 1.0, 0.0, 1, 40.0, 1, 10.0, 421557.6] 0.9592933333333329
[1.0, 0, 1, 1, 1.0, 0.0, 0.0, 0.0, 1, 0.0, 0, 0, 128, 10.0, 421752.2] 0.9625366666666668
[1, 0, 1.0, 0, 1.0, 0.0, 0.0, 0.0, 0.0, 1, 0.0, 30, 128, 10.0, 302832.4] 0.4380634462989659
[1, 0, 1, 1, 1, 0, 0.0, 0.0, 1, 0.0, 0.0, 0, 2048.0, 10.0, 422252.6] 0.9708766666666663
[1.0, 1.0, 0.0, 0, 1, 0.0, 0.0, 0, 0.0, 1.0, 0, 40, 512, 10.0, 305319.4] 0.44220820452140297
[1, 0, 0.0, 1, 1.0, 0.0, 0.0, 0, 0.0, 1.0, 1.0, 100, 128.0, 10.0, 303803.8] 0.439682351862808
[1.0, 1, 0, 1.0, 1, 0.0, 0.0, 0.0, 1, 0.0, 0, 30, 2048, 10, 417548.0] 0.8924666666666666
[1, 1.0, 0, 0.0, 1.0, 0.0, 0.0, 0.0, 0, 1.0, 0.0, 40, 512, 10, 305319.4] 0.44220820452140297
[1.0, 1.0, 1.0, 1.0, 1.0, 0.0, 0.0, 0.0, 1, 0, 0.0, 0.0, 128.0, 10.0, 422401.4] 0.9733566666666671
[1.0, 1, 1, 1.0, 1.0, 0.0, 0.0, 0.0, 0.0, 1.0, 0, 100, 512, 10.0, 303810.0] 0.4396926845933987
[1.0, 0.0, 0, 1, 1, 0, 0.0, 0.0, 0.0, 1, 1, 60, 4096, 10.0, 304407.4] 0.4406882931828977
