[0.0, 0, 0, 1.0, 0.0, 0.0, 1.0, 0, 0.0, 0.0, 0.0, 1.0, 0.0, 1, 1.0, 1.0, 0.0, 10.0, 7.09] 0.7221311475409835
[0.0, 0, 0.0, 1.0, 0, 0.0, 1, 0, 0.0, 1.0, 0.0, 1.0, 1.0, 1.0, 1.0, 0.0, 0.0, 10.0, 7.33] 0.7811475409836065
[0.0, 0.0, 0.0, 1.0, 0.0, 0.0, 0.0, 0.0, 0.0, 1.0, 0.0, 0.0, 0.0, 0.0, 0.0, 0.0, 0.0, 10.0, 4.39] 0.2919896640826873
[0.0, 0.0, 0, 1.0, 0.0, 0, 1, 0.0, 0, 0.0, 0.0, 0.0, 0.0, 1, 1.0, 0, 1.0, 10.0, 6.99] 0.698
[0.0, 0.0, 1.0, 1.0, 0.0, 1.0, 1.0, 0.0, 0.0, 0.0, 0.0, 1.0, 0.0, 1.0, 0.0, 1.0, 0.0, 10.0, 7.44] 0.8081967213114755
[0.0, 0.0, 1.0, 1.0, 0.0, 1.0, 0.0, 0.0, 0.0, 1.0, 0, 0.0, 0.0, 1.0, 0.0, 0.0, 0.0, 10.0, 7.17] 0.7418032786885245
[0.0, 0.0, 0.0, 1.0, 0.0, 1.0, 1, 0.0, 0.0, 0, 0.0, 1.0, 0.0, 1.0, 1.0, 1.0, 0, 10.0, 7.06] 0.7147540983606556
[0.0, 0.0, 0.0, 1.0, 0.0, 0, 1.0, 0.0, 0.0, 1.0, 0.0, 1.0, 1.0, 1.0, 0.0, 0.0, 0.0, 10.0, 5.11] 0.3850129198966409
[0.0, 0.0, 0.0, 1.0, 0.0, 0.0, 1.0, 0.0, 1.0, 0.0, 0.0, 0.0, 1.0, 1.0, 0.0, 1.0, 0.0, 10.0, 4.65] 0.32558139534883723
[0.0, 0.0, 0.0, 1.0, 0.0, 1.0, 0.0, 0.0, 1.0, 1.0, 0.0, 1.0, 1.0, 1.0, 0.0, 0.0, 0.0, 10.0, 5.05] 0.3772609819121447
[0.0, 0, 1, 1.0, 0.0, 1.0, 1, 0.0, 0.0, 1.0, 0.0, 1.0, 0.0, 0.0, 0, 0.0, 0.0, 10.0, 6.54] 0.608
[0.0, 0.0, 0.0, 1.0, 0.0, 0.0, 0.0, 0.0, 0.0, 0.0, 0.0, 1.0, 1.0, 1.0, 1.0, 0.0, 1.0, 10, 7.19] 0.7467213114754099
[0.0, 0.0, 0.0, 1.0, 0.0, 1.0, 0.0, 0.0, 1.0, 0.0, 0.0, 0.0, 1, 1.0, 0.0, 1.0, 0.0, 10.0, 5.23] 0.40051679586563316
[0, 0.0, 0.0, 1, 0.0, 1.0, 0.0, 0, 0.0, 0.0, 0.0, 0.0, 1, 1, 1, 0.0, 1.0, 10.0, 7.47] 0.8155737704918031
[0.0, 0.0, 1, 1.0, 0, 1, 0.0, 0.0, 0.0, 0.0, 0.0, 0.0, 0.0, 1.0, 0.0, 0.0, 1.0, 10.0, 7.54] 0.8327868852459015
[0.0, 0.0, 1, 1.0, 0.0, 0.0, 0, 0.0, 0.0, 0.0, 0.0, 1.0, 1.0, 1.0, 0, 0.0, 1.0, 10.0, 7.57] 0.8401639344262295
[0.0, 0.0, 0.0, 1.0, 0.0, 0.0, 1.0, 0.0, 1.0, 1.0, 0.0, 1.0, 1.0, 1.0, 0.0, 0.0, 0.0, 10.0, 5.29] 0.4082687338501292
[0.0, 0.0, 0.0, 1, 0, 0.0, 1.0, 0.0, 0.0, 1.0, 0.0, 0, 1.0, 1.0, 1.0, 0.0, 0.0, 10.0, 6.75] 0.6499999999999999
[0.0, 0.0, 1, 1.0, 0.0, 1.0, 1.0, 0.0, 0.0, 0.0, 0.0, 1.0, 1.0, 0.0, 0, 1.0, 0.0, 10.0, 6.68] 0.6359999999999999
[0.0, 0.0, 0.0, 1.0, 0.0, 0, 1.0, 0.0, 0.0, 0.0, 0.0, 0, 1.0, 1.0, 1.0, 1.0, 0.0, 10, 6.78] 0.656
[0.0, 0.0, 0.0, 1.0, 0.0, 0.0, 0.0, 0.0, 1, 0.0, 0.0, 1.0, 0.0, 1, 0.0, 1.0, 0.0, 10.0, 5.34] 0.4147286821705426
[0.0, 0, 0.0, 1.0, 0.0, 0.0, 1.0, 0.0, 0.0, 0.0, 0.0, 1.0, 1, 1.0, 1.0, 1.0, 0.0, 10.0, 7.07] 0.7172131147540983
[0.0, 0.0, 0.0, 1.0, 0.0, 0.0, 0.0, 0.0, 0.0, 0.0, 0.0, 1.0, 0.0, 1.0, 1.0, 1.0, 0.0, 10.0, 7.17] 0.7418032786885245
[0.0, 0.0, 0.0, 1, 0.0, 0, 0.0, 0.0, 0.0, 1.0, 0.0, 1, 1.0, 1.0, 1.0, 0.0, 0.0, 10.0, 7.05] 0.712295081967213
[0.0, 0.0, 1.0, 1.0, 0.0, 1.0, 0.0, 0.0, 0, 0.0, 0.0, 1, 0.0, 1, 0, 1.0, 0.0, 10.0, 7.77] 0.8893442622950818
[0.0, 0.0, 0.0, 1.0, 0.0, 0.0, 0, 0, 1.0, 0.0, 0.0, 1.0, 1, 1.0, 0.0, 1.0, 0.0, 10.0, 5.48] 0.4328165374677003
[0.0, 0.0, 0.0, 1.0, 0.0, 1.0, 1, 0.0, 0.0, 1.0, 0.0, 1.0, 0, 1.0, 1.0, 0.0, 0.0, 10.0, 7.71] 0.8745901639344261
[0.0, 0.0, 1.0, 0.0, 0.0, 0.0, 1.0, 0.0, 0.0, 1.0, 1.0, 1.0, 0.0, 0.0, 0.0, 0.0, 0.0, 10.0, 4.16] 0.26227390180878557
[0.0, 0.0, 0.0, 1.0, 0.0, 0.0, 1.0, 0.0, 1.0, 0.0, 0.0, 1.0, 1.0, 1.0, 0.0, 0.0, 1.0, 10.0, 5.02] 0.37338501291989656
[0.0, 0.0, 1.0, 1.0, 0, 0.0, 1, 0.0, 0.0, 0.0, 0.0, 1.0, 0, 1.0, 0.0, 1.0, 0.0, 10.0, 7.39] 0.7959016393442622
