[0.0, 1.0, 1.0, 1.0, 1, 1.0, 1.0, 1.0, 0.0, 1.0, 1.0, 0.0, 170.2567158] 0.9761963885044073
[0.0, 1.0, 1.0, 1.0, 1.0, 1, 1, 0.0, 0.0, 0.0, 1.0, 0, 171.6423678] 1.0
[0.0, 1.0, 1.0, 1.0, 1.0, 1.0, 1.0, 1.0, 1.0, 0.0, 1.0, 1.0, 170.6282685] 0.9825791571367467
[0.0, 1, 0.0, 1, 1.0, 1.0, 1.0, 1.0, 0.0, 0, 1.0, 0.0, 170.735281] 0.9844174859344333
[0.0, 1, 0.0, 1.0, 1.0, 1.0, 1.0, 0.0, 1.0, 1.0, 0, 1.0, 171.1972303] 0.9923531448645697
[0.0, 1.0, 1.0, 1.0, 1.0, 1.0, 1, 0.0, 0, 0.0, 0.0, 1.0, 171.5690527] 0.9987405465750704
[0.0, 1.0, 1.0, 1, 1, 1.0, 1.0, 1.0, 1.0, 0.0, 1.0, 1.0, 170.6282685] 0.9825791571367467
[1, 1.0, 0.0, 1.0, 1, 1.0, 1.0, 0, 0, 1.0, 1.0, 0.0, 170.7705431] 0.9850232407191261
[0.0, 1, 1.0, 1.0, 1.0, 1.0, 1.0, 1.0, 1.0, 0.0, 1.0, 1.0, 170.6282685] 0.9825791571367467
[0.0, 1.0, 1.0, 1.0, 1, 1.0, 1.0, 0, 0.0, 0, 1.0, 0.0, 171.6423678] 1.0
[0.0, 1.0, 1, 1, 1.0, 1.0, 1, 0.0, 0.0, 0, 0.0, 1.0, 171.5690527] 0.9987405465750704
[0.0, 1.0, 1.0, 1.0, 1, 1.0, 1.0, 1.0, 0.0, 0.0, 0.0, 0.0, 169.4107442] 0.961663750220982
[0.0, 0.0, 0.0, 0.0, 0.0, 0.0, 1.0, 1.0, 0.0, 0.0, 0.0, 1.0, 1.241755486] 0
[1.0, 0.0, 0.0, 0.0, 0.0, 0.0, 1.0, 0.0, 1.0, 1.0, 0.0, 0.0, 15.02409363] 0
[0.0, 1.0, 0, 1.0, 1, 1.0, 1.0, 0, 1.0, 1.0, 0.0, 1.0, 171.1972303] 0.9923531448645697
[0.0, 1, 0.0, 1.0, 1.0, 1.0, 1.0, 1.0, 1.0, 1.0, 0.0, 1.0, 170.3034718] 0.9769995928147884
[0.0, 1.0, 0, 1.0, 1.0, 1.0, 1, 0, 1, 1, 1, 1.0, 170.0842576] 0.9732337918408661
[0.0, 1.0, 0.0, 1.0, 1.0, 1, 1.0, 1.0, 1.0, 0, 0.0, 0.0, 170.6651847] 0.9832133271034438
[0.0, 1.0, 0, 1, 1.0, 1.0, 1, 0.0, 0.0, 1.0, 0.0, 0.0, 170.2871644] 0.9767194539241408
[0.0, 1, 1, 1, 1.0, 1.0, 1.0, 0, 0.0, 0.0, 1.0, 0, 171.6423678] 1.0
[0.0, 1.0, 1.0, 1.0, 1.0, 1.0, 1.0, 0, 0.0, 0.0, 1, 0.0, 171.6423678] 1.0
[0.0, 1.0, 1, 1.0, 1, 1.0, 1.0, 0.0, 0.0, 0, 0, 0, 171.3028867] 0.9941681777138152
[0, 1, 1.0, 1.0, 1.0, 1.0, 1, 0, 0.0, 0, 1, 0.0, 171.6423678] 1.0
[0.0, 1.0, 1.0, 1.0, 1, 1.0, 1, 0.0, 0.0, 0, 0, 1.0, 171.5690527] 0.9987405465750704
[0.0, 1.0, 0, 1.0, 1.0, 1.0, 1.0, 1.0, 0.0, 0.0, 1.0, 0.0, 170.735281] 0.9844174859344333
[0.0, 0.0, 1.0, 1.0, 0.0, 0.0, 0.0, 1.0, 0.0, 1.0, 0.0, 0.0, 31.79300714] 0
[1.0, 1.0, 0.0, 1.0, 1.0, 1.0, 1, 0.0, 0.0, 1.0, 1.0, 0.0, 170.7705431] 0.9850232407191261
[0.0, 1.0, 1.0, 1.0, 1, 1, 1, 0.0, 1.0, 1.0, 1.0, 0.0, 170.1067212] 0.9736196858511895
[0.0, 1.0, 1.0, 1.0, 1.0, 1.0, 1.0, 0.0, 0, 0.0, 1, 0.0, 171.6423678] 1.0
[0.0, 1, 1, 1.0, 1.0, 1.0, 1.0, 0, 0.0, 0, 0.0, 1.0, 171.5690527] 0.9987405465750704
