[1, 1.0, 1, 1.0, 1.0, 1, 1.0, 0.0, 0.0, 1.0, 1, 1, 170.6573937] 0.9830794883494406
[0, 1, 1, 1, 1.0, 1.0, 1, 0, 0, 0, 0, 1.0, 171.5690527] 0.9987405465750704
[0.0, 1.0, 1, 1, 1, 1.0, 1.0, 0, 0.0, 0, 1.0, 0.0, 171.6423678] 1.0
[0.0, 1, 1, 1, 1, 1.0, 1.0, 0, 0.0, 0, 0.0, 1, 171.5690527] 0.9987405465750704
[0, 1.0, 1, 1.0, 1.0, 1.0, 1.0, 0, 0.0, 0, 1, 0, 171.6423678] 1.0
[0, 1, 1, 1.0, 1.0, 1.0, 1.0, 0, 0, 0, 0, 1.0, 171.5690527] 0.9987405465750704
[0.0, 1.0, 1.0, 1, 1.0, 1.0, 1.0, 0, 0, 0.0, 0.0, 1, 171.5690527] 0.9987405465750704
[0, 1, 1, 1, 1, 1.0, 1.0, 0, 0, 0.0, 1, 0.0, 171.6423678] 1.0
[0, 1, 1.0, 1.0, 1.0, 1.0, 1, 0.0, 0.0, 0, 1, 0, 171.6423678] 1.0
[0.0, 1.0, 1, 1, 1.0, 1.0, 1.0, 0.0, 0, 0, 0, 1.0, 171.5690527] 0.9987405465750704
[1.0, 1.0, 0.0, 1.0, 1.0, 1.0, 1.0, 0.0, 1.0, 0.0, 1.0, 1, 170.3253386] 0.9773752346150758
[0.0, 1, 1, 1.0, 1.0, 1, 1, 0, 0.0, 0.0, 0.0, 1.0, 171.5690527] 0.9987405465750704
[0.0, 1.0, 0.0, 1.0, 1.0, 1, 1.0, 0.0, 1.0, 0.0, 0.0, 0.0, 169.5498407] 0.9640532383799112
[1, 1.0, 0, 1, 1, 1.0, 1.0, 0, 0, 1.0, 1, 0.0, 170.7705431] 0.9850232407191261
[0.0, 1.0, 0, 1.0, 1.0, 1, 1.0, 1.0, 1.0, 0, 0, 0, 170.6651847] 0.9832133271034438
[0, 1.0, 1.0, 1, 1.0, 1.0, 1.0, 0.0, 0, 0.0, 1, 0, 171.6423678] 1.0
[0.0, 1.0, 1.0, 1.0, 1.0, 1.0, 1.0, 0.0, 0, 0.0, 1.0, 0.0, 171.6423678] 1.0
[0, 1.0, 1.0, 1, 1, 1.0, 1.0, 0, 0, 0, 0.0, 1, 171.5690527] 0.9987405465750704
[0.0, 1, 0.0, 1.0, 1.0, 1.0, 1.0, 1.0, 0.0, 0.0, 1.0, 0.0, 170.735281] 0.9844174859344333
[0.0, 1.0, 0.0, 1.0, 1.0, 1.0, 1.0, 1.0, 0.0, 0.0, 1, 0, 170.735281] 0.9844174859344333
[0, 1.0, 0.0, 1.0, 1.0, 1, 1, 0.0, 0, 0, 0, 1, 171.4235804] 0.9962415308679735
[0, 1.0, 1, 1.0, 1.0, 1.0, 1, 1.0, 1.0, 0, 1, 1, 170.6282685] 0.9825791571367467
[0.0, 1.0, 0, 1, 1.0, 1.0, 1, 1.0, 0, 1, 0.0, 0.0, 169.3338497] 0.9603428075859279
[0.0, 1.0, 1.0, 1.0, 1.0, 1.0, 1.0, 1, 1.0, 0.0, 1.0, 1.0, 170.6282685] 0.9825791571367467
[0, 1, 0.0, 1, 1.0, 1.0, 1.0, 0.0, 1.0, 1, 0.0, 1.0, 171.1972303] 0.9923531448645697
[0.0, 1.0, 1, 1.0, 1, 1.0, 1, 0, 0.0, 0.0, 1.0, 0, 171.6423678] 1.0
[0.0, 1.0, 1, 1.0, 1, 1.0, 1.0, 1.0, 1.0, 0.0, 1.0, 1.0, 170.6282685] 0.9825791571367467
[0.0, 1.0, 1.0, 1.0, 1.0, 1.0, 1.0, 0.0, 0.0, 0.0, 1.0, 0, 171.6423678] 1.0
[0, 1.0, 1, 1.0, 1, 1, 1.0, 0, 0, 0, 0, 1.0, 171.5690527] 0.9987405465750704
[0, 1.0, 0, 1.0, 1.0, 1.0, 1, 0, 1, 1, 0.0, 1, 171.1972303] 0.9923531448645697
