[0.0, 1.0, 0.0, 1.0, 1.0, 1, 1, 0.0, 1, 1.0, 0.0, 1.0, 171.1972303] 0.9923531448645697
[0, 1.0, 1.0, 1.0, 1, 1.0, 1.0, 1, 1.0, 0.0, 1.0, 1.0, 170.6282685] 0.9825791571367467
[0, 1.0, 1.0, 1, 1.0, 1.0, 1, 0.0, 0, 0, 0.0, 1.0, 171.5690527] 0.9987405465750704
[0, 1.0, 1, 1.0, 1, 1.0, 1.0, 0, 0, 0.0, 0, 1.0, 171.5690527] 0.9987405465750704
[1.0, 1.0, 0.0, 1.0, 1.0, 1.0, 1, 0, 0, 1.0, 1.0, 0, 170.7705431] 0.9850232407191261
[0.0, 1.0, 1, 1, 1.0, 1, 1, 1, 1.0, 0.0, 1.0, 1, 170.6282685] 0.9825791571367467
[0.0, 1, 0.0, 1, 1.0, 1.0, 1, 1.0, 0, 0, 1, 0, 170.735281] 0.9844174859344333
[1.0, 1.0, 0.0, 1.0, 1.0, 1.0, 1.0, 0, 0.0, 1.0, 1, 0.0, 170.7705431] 0.9850232407191261
[1.0, 1.0, 0, 1.0, 1.0, 1, 1.0, 0.0, 0, 1, 1, 0, 170.7705431] 0.9850232407191261
[1.0, 1.0, 0, 1, 1.0, 1.0, 1.0, 0, 0.0, 1.0, 1, 0.0, 170.7705431] 0.9850232407191261
[0, 1.0, 1, 1.0, 1, 1, 1.0, 0, 0.0, 0, 1, 0, 171.6423678] 1.0
[0, 1.0, 1, 1.0, 1.0, 1.0, 1.0, 1, 1, 0.0, 1.0, 1.0, 170.6282685] 0.9825791571367467
[1, 1.0, 0.0, 1.0, 1, 1.0, 1, 0.0, 0, 1.0, 1, 0.0, 170.7705431] 0.9850232407191261
[0, 1.0, 1.0, 1.0, 1.0, 1, 0.0, 0.0, 0.0, 0.0, 0.0, 0.0, 125.8634958] 0.05625582230189269
[0.0, 1.0, 0.0, 1.0, 1.0, 1, 1.0, 1, 1, 0.0, 1.0, 1, 170.4742329] 0.979933035614972
[0.0, 1.0, 0, 1, 1.0, 1.0, 1.0, 0.0, 0, 1.0, 1.0, 0.0, 170.5559134] 0.9813361952024917
[0.0, 1.0, 1, 1.0, 1, 1.0, 1, 0, 0.0, 0, 1.0, 0, 171.6423678] 1.0
[0.0, 1.0, 1.0, 1, 1.0, 1.0, 1, 0.0, 0.0, 0, 1.0, 0, 171.6423678] 1.0
[0.0, 1.0, 0.0, 1.0, 1.0, 1.0, 1.0, 0.0, 1, 1, 0.0, 1.0, 171.1972303] 0.9923531448645697
[0.0, 1.0, 1, 1.0, 1, 1.0, 1.0, 0, 0, 0, 0.0, 1.0, 171.5690527] 0.9987405465750704
[1.0, 1.0, 0, 1.0, 1.0, 1.0, 1.0, 0.0, 0.0, 1.0, 1.0, 0, 170.7705431] 0.9850232407191261
[0.0, 1.0, 1.0, 1.0, 1.0, 1.0, 1, 1, 1.0, 0, 1.0, 1, 170.6282685] 0.9825791571367467
[1.0, 1, 0, 1.0, 1.0, 1.0, 1, 0, 0, 1.0, 1.0, 0, 170.7705431] 0.9850232407191261
[0.0, 1.0, 0.0, 0.0, 1.0, 1.0, 1.0, 1.0, 0.0, 1.0, 1.0, 1.0, 65.87620187] 0
[0, 1.0, 1, 1.0, 1.0, 1, 1, 0, 0, 0.0, 0, 1, 171.5690527] 0.9987405465750704
[0.0, 1.0, 1.0, 1.0, 1, 1.0, 1, 0, 0.0, 0, 0.0, 1.0, 171.5690527] 0.9987405465750704
[1.0, 1.0, 0.0, 1.0, 1.0, 1.0, 1.0, 0.0, 0.0, 1.0, 1.0, 0.0, 170.7705431] 0.9850232407191261
[0.0, 1.0, 1.0, 1, 1.0, 1.0, 1.0, 0.0, 0.0, 0, 1, 0, 171.6423678] 1.0
[0, 1.0, 1.0, 1, 1.0, 1, 1, 0.0, 0, 0, 1, 0, 171.6423678] 1.0
[0.0, 1.0, 1.0, 1.0, 1.0, 1, 1.0, 0.0, 0.0, 0.0, 1.0, 0.0, 171.6423678] 1.0
