[1, 0.0, 0, 1.0, 1.0, 0.0, 0, 0, 1.0, 0.0, 0, 0, 8, 10.0, 422061.6] 0.8523695999999998
[1, 1.0, 1, 1.0, 1, 0, 0.0, 0, 1, 0, 0.0, 0, 128, 10.0, 422401.4] 0.8544084000000001
[1, 1, 0, 1, 1, 0, 0, 0, 1, 0.0, 1, 90.0, 2, 10.0, 421820.2] 0.8509212000000002
[1.0, 1, 1, 1.0, 1, 0.0, 0, 0.0, 1, 0.0, 0, 0, 2.0, 10.0, 421697.4] 0.8501844000000002
[1, 1, 1.0, 1.0, 1, 0.0, 0.0, 0.0, 1.0, 0.0, 0, 90.0, 2048, 10.0, 416848.4] 0.8210904000000001
[1, 0, 1.0, 1.0, 1, 0.0, 0, 0.0, 1.0, 0.0, 1.0, 0, 1, 10.0, 424574.6] 0.8674475999999999
[1.0, 1.0, 0, 1.0, 1.0, 0.0, 0.0, 0.0, 0.0, 1.0, 0.0, 60, 128.0, 10.0, 304211.0] 0.14526599999999998
[1.0, 1.0, 0.0, 0.0, 1.0, 1.0, 0.0, 0.0, 0.0, 0.0, 0.0, 50.0, 1024.0, 0.0, 17730.6] 0
[1, 1.0, 1.0, 1.0, 1.0, 1.0, 0.0, 0.0, 0.0, 0.0, 1.0, 0.0, 8, 8.0, 132275.8] 0
[1, 0, 0, 1.0, 1.0, 0.0, 0.0, 0.0, 1, 0.0, 0, 0, 8.0, 10.0, 422061.6] 0.8523695999999998
[1.0, 0.0, 1.0, 1, 1.0, 0.0, 0.0, 0.0, 1, 0, 0, 0.0, 2048, 10, 422252.6] 0.8535155999999999
[1, 1, 0, 1, 1, 0, 0.0, 0, 1.0, 0.0, 1, 0, 256, 10.0, 422061.4] 0.8523684000000001
[1.0, 0.0, 1.0, 1.0, 1, 0, 0.0, 0.0, 1, 0, 0, 30, 1, 10.0, 420450.4] 0.8427024000000002
[1.0, 1, 0, 1, 1, 0.0, 0.0, 0, 1.0, 0, 1.0, 40, 1, 10.0, 421557.6] 0.8493455999999999
[1, 0, 1, 1, 1, 0, 0.0, 0, 1.0, 0.0, 1, 0, 1, 10.0, 424574.6] 0.8674475999999999
[1, 1, 1.0, 1, 1, 0.0, 0, 0, 1, 0.0, 1, 100.0, 1, 10.0, 421113.8] 0.8466828
[1.0, 0, 0, 1.0, 1, 0, 0.0, 0.0, 1.0, 0.0, 1.0, 0, 16, 10, 421936.6] 0.8516195999999998
[1.0, 0, 1, 1.0, 1.0, 0, 0.0, 0.0, 1, 0, 1.0, 0.0, 1, 10, 424574.6] 0.8674475999999999
[1.0, 1.0, 0.0, 1.0, 1.0, 0.0, 0.0, 0.0, 0.0, 1.0, 0.0, 60.0, 1.0, 4.0, 9189.0] 0
[1, 0, 0, 1, 1, 0, 0.0, 0.0, 0, 1.0, 0, 100, 2048, 10, 304237.6] 0.14542559999999985
[1, 1.0, 1.0, 1.0, 1, 0.0, 0.0, 0.0, 0, 1, 0, 30.0, 4096, 10, 303100.4] 0.13860240000000013
[1.0, 1.0, 0, 1.0, 1.0, 0.0, 0.0, 0.0, 1.0, 0.0, 1.0, 90.0, 2.0, 10.0, 421820.2] 0.8509212000000002
[1, 1.0, 1, 1.0, 1.0, 0.0, 0.0, 0.0, 1.0, 0, 0.0, 0, 2, 10.0, 421697.4] 0.8501844000000002
[1, 1.0, 1.0, 1.0, 1, 0.0, 0.0, 0.0, 1, 0, 0.0, 10.0, 2, 10, 417681.0] 0.826086
[1.0, 1, 1, 1.0, 1.0, 0.0, 0.0, 0.0, 1, 0, 0.0, 0, 64, 10.0, 421857.4] 0.8511444000000001
[1, 1, 1, 1.0, 1.0, 0, 0, 0.0, 1.0, 0, 1, 0, 1024, 10.0, 422269.6] 0.8536175999999999
[1, 1, 1.0, 1, 1, 0, 0.0, 0.0, 1, 0, 0.0, 0.0, 128, 10.0, 422401.4] 0.8544084000000001
[1, 0.0, 0.0, 0.0, 1.0, 0.0, 0.0, 0.0, 0, 1.0, 1.0, 30.0, 64, 10.0, 303752.2] 0.14251320000000006
[1.0, 1.0, 1, 0, 1.0, 0.0, 0.0, 0.0, 0.0, 1.0, 1.0, 100, 256.0, 10, 303902.8] 0.14341679999999993
[1, 0, 0, 1, 1, 0, 0, 0.0, 1, 0, 1.0, 0, 16, 10.0, 421936.6] 0.8516195999999998
