[1.0, 0.0, 1, 0.0, 0.0, 0, 2.0, 0, 2, 10.0, 8, 0, 15685.0] 0.5407142857142857
[1.0, 0, 0.0, 0.0, 0.0, 0, 4.0, 0.0, 1, 8, 8, 64, 19121.2] 0.9176125
[1.0, 0.0, 0, 0.0, 0, 0, 3.0, 0.0, 1, 8.0, 8, 128, 19583.4] 0.9609437500000001
[1.0, 0, 1.0, 1, 1.0, 0.0, 2, 0.0, 1.0, 8, 8, 0.0, 16447.8] 0.6496857142857142
[1.0, 0, 0, 0, 0.0, 0, 3.0, 0.0, 1, 8, 8, 10.0, 18828.6] 0.8901812499999999
[1.0, 0.0, 0.0, 0.0, 0.0, 0.0, 3.0, 0, 1, 10.0, 8, 0.0, 16464.2] 0.6520285714285715
[1, 0.0, 0.0, 0.0, 0.0, 0, 3.0, 0, 4.0, 8.0, 8.0, 0, 16479.6] 0.6542285714285712
[1.0, 0, 1.0, 1.0, 1.0, 0.0, 1, 0.0, 2, 8.0, 8, 64.0, 16241.0] 0.6201428571428571
[1.0, 0, 1.0, 1.0, 1.0, 0, 1, 0.0, 2.0, 8.0, 8.0, 64, 16241.0] 0.6201428571428571
[1, 0.0, 0.0, 0, 0.0, 0.0, 4, 0.0, 2.0, 8.0, 10.0, 64.0, 18618.2] 0.87045625
[1.0, 0.0, 1.0, 1.0, 1.0, 0.0, 1.0, 0.0, 1, 8.0, 8.0, 0, 16523.4] 0.6604857142857145
[1.0, 0.0, 0.0, 0.0, 0.0, 0, 4.0, 0, 1.0, 10.0, 8, 0.0, 17556.0] 0.770875
[1, 0.0, 1.0, 1.0, 1.0, 0.0, 1.0, 0.0, 2.0, 8, 8, 0, 16509.6] 0.6585142857142855
[1, 0.0, 0.0, 0.0, 0.0, 0, 3.0, 0, 1, 8.0, 10.0, 0.0, 18899.0] 0.89678125
[1, 0.0, 1.0, 1.0, 1.0, 1.0, 3.0, 0, 2, 8, 8, 128.0, 15991.4] 0.5844857142857143
[1.0, 0.0, 0.0, 0.0, 0.0, 0.0, 4.0, 0.0, 2.0, 8, 8, 0.0, 19707.8] 0.9726062499999999
[1.0, 0, 0, 0.0, 0, 0.0, 3, 0.0, 2, 8, 10.0, 0.0, 18819.2] 0.8893000000000001
[1, 0, 0, 0, 0, 0, 1, 0.0, 1, 8.0, 8, 0.0, 16846.2] 0.7043312500000001
[1, 0.0, 0.0, 0.0, 0.0, 0, 4.0, 0, 2, 10.0, 8.0, 64, 17750.6] 0.7891187499999999
[1.0, 0, 0.0, 0.0, 0.0, 0, 3.0, 0, 1, 8.0, 8.0, 128, 19583.4] 0.9609437500000001
[1.0, 0, 0, 0.0, 0.0, 0.0, 4, 0.0, 1.0, 8, 8.0, 64, 19121.2] 0.9176125
[1.0, 0.0, 0.0, 0.0, 0.0, 0.0, 4.0, 0.0, 2, 8, 10.0, 128, 18654.8] 0.8738874999999999
[1.0, 0.0, 1.0, 1.0, 1.0, 0.0, 1, 0.0, 1, 8.0, 8.0, 0.0, 16523.4] 0.6604857142857145
[1.0, 0.0, 1, 0.0, 0.0, 0.0, 2.0, 0.0, 2, 8, 8.0, 0.0, 16868.0] 0.706375
[1.0, 0.0, 0, 0, 0, 0, 4, 0.0, 2, 8.0, 8, 0, 19707.8] 0.9726062499999999
[1, 0, 0, 0, 0.0, 0.0, 3.0, 0, 1.0, 8, 8, 0, 19673.8] 0.96941875
[1, 0.0, 1.0, 0, 0.0, 0.0, 2, 0.0, 2, 8, 8.0, 0, 16868.0] 0.706375
[1, 0.0, 0, 0.0, 0, 0, 3, 0.0, 1, 8.0, 8, 10, 18828.6] 0.8901812499999999
[1.0, 0, 0, 0.0, 0.0, 0.0, 3, 0.0, 2.0, 8.0, 8.0, 128.0, 19576.0] 0.96025
[1, 0.0, 0.0, 0.0, 0, 0.0, 4.0, 0.0, 2.0, 8.0, 8, 0, 19707.8] 0.9726062499999999
