[1.0, 0, 1.0, 0.0, 0.0, 0.0, 3.0, 0.0, 1, 8.0, 8.0, 128, 15661.8] 0.5373999999999999
[1.0, 0.0, 1.0, 1.0, 1.0, 0.0, 3.0, 0.0, 3, 8.0, 8, 20, 14521.0] 0.37442857142857144
[1.0, 1.0, 1.0, 1.0, 1.0, 0.0, 3.0, 0.0, 3.0, 10, 8.0, 64.0, 12786.8] 0.04205527994330247
[1.0, 0.0, 0.0, 0.0, 0.0, 0.0, 4.0, 0.0, 2.0, 8.0, 8, 0, 19707.8] 0.9726062499999999
[1, 0.0, 1.0, 0, 0, 0, 1, 0.0, 1.0, 8, 8.0, 0, 16629.0] 0.6755714285714285
[1, 0, 0, 0.0, 0, 0, 3.0, 0.0, 4, 8.0, 8.0, 0.0, 16479.6] 0.6542285714285712
[1, 0.0, 1.0, 1.0, 1, 0.0, 3.0, 0, 2.0, 8.0, 8.0, 32.0, 15503.2] 0.5147428571428572
[1.0, 1, 0, 0.0, 0, 1.0, 3, 0.0, 1, 8.0, 8.0, 64.0, 15777.4] 0.5539142857142856
[1.0, 0.0, 0.0, 0.0, 0, 0, 3.0, 0.0, 1.0, 8.0, 10.0, 0.0, 18899.0] 0.89678125
[1.0, 0, 1, 1.0, 1.0, 0.0, 3.0, 0, 1.0, 8, 8, 8.0, 15612.2] 0.5303142857142857
[1, 0, 0.0, 0.0, 0, 0.0, 4, 0.0, 3.0, 8.0, 8.0, 64, 15933.8] 0.5762571428571428
[1.0, 0, 0.0, 0, 0.0, 0.0, 4, 0, 2, 8.0, 8.0, 20.0, 18394.2] 0.84945625
[1.0, 0, 0.0, 0, 0, 0.0, 3.0, 0.0, 2.0, 8, 8.0, 128, 19576.0] 0.96025
[1.0, 0.0, 0.0, 0.0, 0.0, 0.0, 3.0, 0.0, 1, 8.0, 8.0, 128, 19583.4] 0.9609437500000001
[1.0, 0.0, 0, 0.0, 0.0, 0.0, 1, 0.0, 1.0, 8.0, 8.0, 0.0, 16846.2] 0.7043312500000001
[1, 0.0, 0, 0, 0.0, 0.0, 3.0, 0, 2.0, 8, 8, 16.0, 18409.2] 0.8508625000000001
[1, 0, 0.0, 0, 0.0, 0.0, 4.0, 0.0, 2, 8.0, 8.0, 0, 19707.8] 0.9726062499999999
[1.0, 0.0, 0, 0.0, 0.0, 0, 3, 0.0, 2, 8.0, 10, 20.0, 17856.4] 0.7990375000000001
[1, 0.0, 0.0, 0.0, 0, 1.0, 2.0, 0, 2.0, 8, 8, 32, 16250.8] 0.621542857142857
[1, 0.0, 0, 0.0, 0.0, 0.0, 4, 0.0, 1, 8.0, 10.0, 0.0, 18857.4] 0.8928812500000001
[1.0, 0, 0, 0.0, 0.0, 0.0, 3.0, 0.0, 1.0, 8.0, 8.0, 128.0, 19583.4] 0.9609437500000001
[1, 0.0, 1.0, 0.0, 0.0, 0, 1, 0.0, 1.0, 8, 8.0, 64, 16378.8] 0.6398285714285713
[1.0, 0.0, 0, 0.0, 0.0, 0.0, 4.0, 0.0, 2.0, 8.0, 8, 20, 18394.2] 0.84945625
[1.0, 0, 1.0, 0.0, 0.0, 0.0, 2, 0.0, 1.0, 10.0, 10.0, 0.0, 14941.8] 0.434542857142857
[1, 0, 0, 0, 0, 0, 4.0, 0, 1.0, 10.0, 8, 10.0, 16279.6] 0.6256571428571429
[1.0, 0, 1, 0.0, 0, 0.0, 2.0, 0.0, 1, 8.0, 8, 0, 16782.8] 0.697542857142857
[1.0, 1.0, 1.0, 1.0, 1.0, 0, 3, 0.0, 4, 8, 8.0, 0.0, 15001.2] 0.4430285714285715
[1.0, 0.0, 0.0, 0, 0.0, 0.0, 4.0, 0, 1.0, 8.0, 8.0, 0.0, 19332.8] 0.9374499999999999
[1.0, 0.0, 0.0, 0.0, 0.0, 0.0, 4.0, 0.0, 2.0, 10.0, 16, 64.0, 13593.2] 0.21350815024805117
[1.0, 0.0, 1.0, 1.0, 1, 0.0, 1, 0.0, 1.0, 8.0, 8.0, 0, 16523.4] 0.6604857142857145
