[1.0, 0.0, 1, 0.0, 0, 0.0, 2.0, 0.0, 2, 10.0, 8.0, 128.0, 15570.0] 0.5242857142857142
[1, 0.0, 0.0, 0.0, 0, 1.0, 3, 0.0, 1, 8, 8.0, 32.0, 18124.6] 0.8241812499999999
[1.0, 0, 0, 0.0, 0, 0, 3.0, 0.0, 2.0, 8.0, 8, 128, 19576.0] 0.96025
[1.0, 0, 1.0, 1, 1.0, 0.0, 3, 0.0, 1.0, 8.0, 10.0, 0.0, 15572.8] 0.5246857142857142
[1.0, 1.0, 0, 0.0, 0.0, 0, 3.0, 0.0, 1.0, 8, 10.0, 64.0, 14729.8] 0.40425714285714276
[1, 0, 0.0, 0.0, 0.0, 0.0, 1.0, 0, 4.0, 10.0, 8, 0.0, 13697.4] 0.23566265060240954
[1.0, 0.0, 0.0, 0.0, 0.0, 0, 4, 0.0, 4.0, 8.0, 8.0, 128.0, 16039.6] 0.5913714285714287
[1.0, 0, 1.0, 1.0, 1.0, 0.0, 1, 0.0, 2, 8.0, 10.0, 64.0, 14898.4] 0.4283428571428571
[1.0, 0, 1, 1.0, 1.0, 0.0, 3.0, 0.0, 2.0, 8.0, 8.0, 8.0, 15505.0] 0.5149999999999999
[1, 0.0, 0.0, 0, 0.0, 0.0, 2, 0.0, 2.0, 8.0, 8.0, 64.0, 16475.2] 0.6536000000000001
[1.0, 0.0, 1.0, 1.0, 1.0, 0.0, 1.0, 0.0, 2, 8.0, 8.0, 64.0, 16241.0] 0.6201428571428571
[1.0, 0.0, 0.0, 0.0, 0.0, 0, 4.0, 0.0, 1.0, 10.0, 16.0, 0.0, 13832.0] 0.2642806520198441
[1.0, 0.0, 1.0, 1.0, 1.0, 0.0, 1.0, 0.0, 2.0, 8, 8, 128.0, 16310.4] 0.6300571428571429
[1.0, 0.0, 0.0, 0.0, 0.0, 0, 4, 0, 1, 8.0, 10.0, 0.0, 18857.4] 0.8928812500000001
[1.0, 0.0, 1.0, 1.0, 1.0, 1.0, 3.0, 0.0, 2, 8, 10.0, 128.0, 14860.6] 0.4229428571428572
[1.0, 0.0, 0.0, 0.0, 0.0, 0.0, 4.0, 0.0, 2.0, 8, 8, 0.0, 19707.8] 0.9726062499999999
[1.0, 1.0, 0.0, 0.0, 0, 0.0, 3.0, 0.0, 2, 8, 10.0, 0.0, 14900.6] 0.4286571428571429
[1, 0, 1.0, 1.0, 1.0, 0, 1, 0.0, 1, 8.0, 8, 0.0, 16523.4] 0.6604857142857145
[1, 0.0, 0.0, 0.0, 0.0, 0, 4.0, 0, 2, 10.0, 8.0, 64, 17750.6] 0.7891187499999999
[1.0, 0.0, 0, 0.0, 0.0, 0, 3.0, 0.0, 1.0, 8.0, 8.0, 64.0, 19555.0] 0.95828125
[1.0, 0, 0, 0.0, 0.0, 0.0, 4, 0.0, 2, 10.0, 8.0, 32.0, 16997.8] 0.7185437499999999
[1.0, 0.0, 0.0, 0.0, 0.0, 0.0, 1.0, 0.0, 1, 8, 10.0, 10.0, 15225.4] 0.47505714285714273
[1.0, 0.0, 1.0, 1.0, 1.0, 0.0, 2, 0.0, 1, 8.0, 8.0, 0.0, 16447.8] 0.6496857142857142
[1.0, 0, 1.0, 0.0, 0.0, 0.0, 2.0, 0.0, 3.0, 8, 8.0, 0.0, 15595.0] 0.5278571428571428
[1, 0, 0, 0.0, 0, 0, 4, 0.0, 2.0, 8.0, 10.0, 0, 18759.8] 0.8837312499999999
[1, 0, 0, 0, 0.0, 0.0, 3.0, 0.0, 1.0, 8, 10.0, 32, 18370.0] 0.8471875
[1, 0.0, 1.0, 0, 0.0, 0.0, 2, 0.0, 3.0, 8, 8.0, 0, 15595.0] 0.5278571428571428
[1.0, 0.0, 0, 0.0, 0.0, 0, 2.0, 0.0, 2.0, 8.0, 8, 20, 16160.6] 0.6086571428571429
[1.0, 0, 0, 0.0, 0.0, 0.0, 3, 0.0, 2.0, 8.0, 8.0, 128.0, 19576.0] 0.96025
[1, 0.0, 0.0, 0, 0, 0.0, 4.0, 0.0, 2.0, 8.0, 8, 128.0, 19600.2] 0.9625187500000001
