[1. 1. 1. 0. 0. 0. 3. 0. 4. 0. 0. 0.] 0
[ 1.  0.  0.  0.  0.  0.  3.  0.  2.  8. 32. 64.] 0
[3.47963989e-01 3.90868704e-02 9.24350475e-01 3.48635933e-01
 1.79005354e-01 9.90981892e-01 1.63146155e+00 2.40698384e-01
 5.75816666e-01 7.46860562e+00 2.24053864e+01 8.15568414e+01] 0
[1. 0. 1. 1. 1. 0. 3. 0. 2. 0. 0. 8.] 0
[ 1.  0.  0.  0.  0.  1.  2.  0.  1. 10.  8. 20.] 0
[ 1.  1.  0.  0.  0.  0.  2.  0.  4.  8. 10. 10.] 0
[ 1.  0.  0.  0.  0.  1.  3.  0.  1. 10. 16. 16.] 0
[ 1.  0.  1.  1.  1.  0.  3.  0.  2. 16.  8. 20.] 0
[4.98267765e-01 3.68750393e-01 5.80614924e-01 8.97746462e-03
 2.18865710e-01 8.58956897e-01 3.21041560e+00 3.88486103e-02
 1.91413451e+00 7.58389282e+00 4.67669126e+00 3.53274460e+01] 0.10160000000000016
[  1.   0.   1.   1.   1.   0.   3.   0.   2.  16.  16. 128.] 0
[ 1.  1.  1.  0.  0.  0.  4.  0.  4. 32.  8. 64.] 0
[ 1.  1.  1.  1.  1.  0.  4.  0.  3.  8. 10.  0.] 0
[ 0.50682327  0.13479607  0.86316523  0.75639534  0.86947834  0.93868386
  3.88645369  0.36259178  0.78224111 12.90361704  5.31031627 19.24358825] 0
[ 1.  1.  1.  1.  1.  0.  1.  0.  2. 10.  8. 64.] 0
[ 1.  1.  0.  0.  0.  1.  2.  0.  4. 10. 16.  0.] 0
[5.82339241e-01 7.99424130e-01 2.81127661e-01 1.11069905e-01
 3.27884189e-01 8.46396660e-01 3.47057596e+00 5.29814125e-02
 2.64444373e+00 4.50125618e+00 4.98368249e+00 1.03819011e+02] 0.15231111111111104
[  1.   1.   1.   1.   1.   1.   2.   0.   2.  16.   8. 128.] 0
[0.96813474 0.8767114  0.20223911 0.40700316 0.47691496 0.83436699
 3.79693065 0.0589278  3.88922358 4.55093173 7.71099988 2.32448737] 0.13555555555555557
[ 1.  0.  0.  0.  0.  0.  2.  0.  1. 16. 20.  0.] 0
[ 1.  1.  1.  0.  0.  1.  4.  0.  4.  8. 16.  0.] 0
[ 1.  0.  0.  0.  0.  0.  3.  0.  3. 10.  8.  0.] 0
[ 1.  0.  0.  0.  0.  1.  4.  0.  1.  8.  8. 32.] 0.7780439024390242
[ 1.  1.  1.  1.  1.  0.  3.  0.  3.  8. 20.  0.] 0
[ 0.72258715  0.95789522  0.71867376  0.98002514  0.59597296  0.39718556
  2.22250867  0.49812546  0.8211136  11.6592563  11.73112965 69.35462952] 0
[  1.   1.   1.   0.   0.   1.   3.   0.   2.   8.  10. 128.] 0
[ 0.90812395  0.83394311  0.97635455  0.08675617  0.18869854  0.80447161
  2.99437165  0.32643929  2.05745625  5.62274877 15.31786919 48.83595826] 0
[1. 0. 0. 0. 0. 0. 3. 0. 4. 8. 8. 8.] 0.14360000000000017
[ 1.  0.  1.  1.  1.  0.  3.  0.  3. 16. 10.  0.] 0
[ 1.  0.  0.  0.  0.  0.  1.  0.  2. 16.  8. 10.] 0
[  1.   1.   0.   0.   0.   0.   4.   0.   1.  10.  16. 128.] 0

