[1.0, 0, 1, 1, 1, 0.0, 0.0, 0.0, 1, 0.0, 1.0, 0, 1.0, 10, 424574.6] 0.9355901818181818
[1, 0, 0, 1, 1.0, 0.0, 0, 0, 1, 0, 0, 60, 1, 10, 420801.0] 0.928729090909091
[1, 0, 1.0, 0, 1.0, 0.0, 0.0, 0.0, 0.0, 1.0, 0.0, 60.0, 256, 10.0, 304798.6] 0.7547986
[1.0, 0, 1.0, 1, 1, 0, 0, 0.0, 1, 0.0, 1, 0, 1024, 10.0, 422519.2] 0.931853090909091
[1.0, 0, 1, 1, 1, 0.0, 0.0, 0.0, 1, 0.0, 1, 0, 1, 10, 424574.6] 0.9355901818181818
[1.0, 0.0, 0, 1.0, 1.0, 1, 0, 0.0, 0.0, 0.0, 1.0, 0.0, 2048.0, 8, 131931.2] 0.3760066115702481
[1.0, 1, 0.0, 0, 1.0, 0.0, 0, 0, 0, 1, 0.0, 40, 512, 10.0, 305319.4] 0.7553194000000001
[1.0, 1, 1, 1, 1, 0, 0, 0, 1.0, 0, 0.0, 0, 2, 10, 421697.4] 0.9303589090909091
[1, 1.0, 1.0, 1, 1.0, 0.0, 0, 0.0, 1, 0, 0.0, 0.0, 64, 10.0, 421857.4] 0.9306498181818182
[1.0, 0, 1.0, 1.0, 1.0, 0.0, 1, 0.0, 0, 0.0, 0, 0, 4, 8.0, 132074.2] 0.3777793388429754
[1, 1, 1, 1, 1, 0.0, 0.0, 0, 1, 0.0, 0, 0, 128, 10, 422401.4] 0.9316389090909092
[1, 1.0, 0.0, 1.0, 1, 0, 0, 0.0, 1, 0, 1, 40, 1, 10, 421557.6] 0.9301047272727272
[1, 1, 1.0, 0.0, 1.0, 0, 0.0, 0.0, 0, 1.0, 0.0, 30, 64.0, 10.0, 303385.0] 0.753385
[1.0, 0.0, 0.0, 1.0, 1.0, 0.0, 0, 0.0, 0.0, 1.0, 1.0, 50.0, 64.0, 10.0, 303834.2] 0.7538342
[1, 0, 1.0, 1, 1.0, 0.0, 0, 0, 1, 0, 1.0, 0, 1, 10.0, 424574.6] 0.9355901818181818
[1, 1.0, 1, 1, 1.0, 0.0, 0.0, 0.0, 1, 0, 0, 0, 128, 10.0, 422401.4] 0.9316389090909092
[1, 0, 1, 1.0, 1, 0, 0.0, 0, 1.0, 0.0, 1, 0.0, 1, 10.0, 424574.6] 0.9355901818181818
[1, 0.0, 0.0, 0.0, 1, 0.0, 0.0, 0, 0, 1.0, 1.0, 30, 64, 10, 303752.2] 0.7537522000000001
[1.0, 1.0, 1, 1.0, 1.0, 0, 0, 0.0, 1.0, 0, 0, 0, 128, 10, 422401.4] 0.9316389090909092
[1, 1, 0.0, 1, 1, 1, 0.0, 0.0, 0, 0, 0.0, 0, 1.0, 8.0, 131978.6] 0.3765942148760331
[1.0, 1, 0, 0, 1.0, 0.0, 0.0, 0, 0, 1.0, 0, 40.0, 512.0, 10.0, 305319.4] 0.7553194000000001
[1.0, 1, 0.0, 1.0, 1, 0.0, 0.0, 0, 1, 0.0, 1, 0, 256, 10.0, 422061.4] 0.9310207272727273
[1, 0, 1, 1.0, 1.0, 0.0, 0, 0, 1, 0, 1, 0, 1024, 10.0, 422519.2] 0.931853090909091
[1, 1, 0.0, 0, 1.0, 0, 0.0, 0.0, 0, 1.0, 0, 100, 32.0, 10.0, 303133.2] 0.7531332000000001
[1.0, 0, 1, 1.0, 1, 0.0, 0.0, 0.0, 1, 0.0, 1, 0, 1, 10.0, 424574.6] 0.9355901818181818
[1.0, 0.0, 1, 1.0, 1.0, 0, 0, 0.0, 1.0, 0.0, 1, 0, 1, 10.0, 424574.6] 0.9355901818181818
[1, 0, 1, 1, 1, 0.0, 0, 0, 1.0, 0.0, 1, 0.0, 1, 10, 424574.6] 0.9355901818181818
[1, 0, 1.0, 1.0, 1, 0, 0, 0, 1, 0.0, 1, 0, 1, 10, 424574.6] 0.9355901818181818
[1, 1.0, 1, 1, 1.0, 0.0, 0.0, 0.0, 1, 0.0, 0, 0, 64, 10.0, 421857.4] 0.9306498181818182
[1.0, 0.0, 1, 1.0, 1, 0, 0.0, 0, 1.0, 0.0, 1, 0, 1, 10.0, 424574.6] 0.9355901818181818
