[1.0, 1.0, 0, 1.0, 1.0, 0.0, 0.0, 0, 1, 0, 0, 0, 1, 10.0, 421349.8] 0.929726909090909
[1.0, 0.0, 1, 1, 1.0, 0, 0.0, 0.0, 1, 0.0, 1, 0, 1, 10, 424574.6] 0.9355901818181818
[1, 1, 0.0, 1, 1.0, 0, 0.0, 0.0, 1, 0.0, 1.0, 90, 2, 10.0, 421820.2] 0.9305821818181819
[1, 0.0, 1.0, 1, 1.0, 0, 1.0, 0, 0, 0, 0, 0.0, 4.0, 8, 132074.2] 0.3777793388429754
[1, 0, 0, 1, 1, 0, 0, 0, 1, 0, 0, 0, 8.0, 10.0, 422061.6] 0.9310210909090909
[1.0, 0, 0.0, 0, 1, 0.0, 0, 0.0, 0.0, 1.0, 1, 60, 256, 10, 304254.4] 0.7542544
[1, 0.0, 1, 1.0, 1.0, 0.0, 1, 0, 0.0, 0, 0, 0, 4, 8, 132074.2] 0.3777793388429754
[1, 0.0, 1, 1.0, 1, 0.0, 0.0, 0.0, 1, 0.0, 1.0, 0.0, 1, 10.0, 424574.6] 0.9355901818181818
[1.0, 0.0, 1, 1, 1, 0.0, 0.0, 0.0, 0.0, 1.0, 0.0, 100, 1024.0, 10, 303597.2] 0.7535972000000001
[1, 0, 1.0, 1, 1, 0, 0, 0.0, 1, 0, 0, 0, 128, 10.0, 421752.2] 0.9304585454545455
[1, 1.0, 0, 1.0, 1, 0, 0.0, 0, 1, 0, 1, 70, 512, 10.0, 416644.0] 0.921170909090909
[1.0, 0.0, 0, 1.0, 1.0, 0.0, 0.0, 0.0, 1.0, 0.0, 0.0, 0, 8.0, 10.0, 422061.6] 0.9310210909090909
[1, 1, 1.0, 1, 1, 0, 0, 0.0, 1, 0, 0.0, 0, 128, 10, 422401.4] 0.9316389090909092
[1.0, 0, 1, 0.0, 1.0, 0.0, 0.0, 0, 0.0, 1, 0.0, 60, 256, 10.0, 304798.6] 0.7547986
[1, 1.0, 0.0, 1, 1.0, 0.0, 0, 0, 1, 0.0, 0, 0, 16, 10.0, 421525.0] 0.9300454545454546
[1.0, 0, 0, 1, 1, 0, 0.0, 0, 0, 1.0, 0, 100, 2048.0, 10, 304237.6] 0.7542376
[1, 0, 1, 1, 1.0, 0.0, 0.0, 0, 1, 0.0, 1, 0, 1, 10.0, 424574.6] 0.9355901818181818
[1, 0.0, 1, 1.0, 1, 0, 0, 0.0, 1.0, 0, 1, 0, 1024, 10.0, 422519.2] 0.931853090909091
[1, 0, 1, 1, 1, 0.0, 0, 0, 1, 0, 1, 0, 1, 10.0, 424574.6] 0.9355901818181818
[1.0, 0.0, 1, 1, 1, 0, 0, 0, 1, 0, 1, 0, 1, 10.0, 424574.6] 0.9355901818181818
[1, 1, 0.0, 1.0, 1, 0.0, 0.0, 0, 1.0, 0.0, 1.0, 40, 1.0, 10.0, 421557.6] 0.9301047272727272
[1, 0, 1, 1, 1, 0.0, 0.0, 0, 1, 0, 1.0, 0, 1, 10, 424574.6] 0.9355901818181818
[1, 1, 1, 1.0, 1.0, 0.0, 0.0, 0.0, 1, 0.0, 0, 0, 2, 10, 421697.4] 0.9303589090909091
[1.0, 0.0, 1, 1, 1, 0, 0.0, 0.0, 1.0, 0.0, 1, 0, 1.0, 10.0, 424574.6] 0.9355901818181818
[1.0, 0, 0.0, 1, 1, 0.0, 0, 0.0, 1, 0, 0, 0, 8, 10.0, 422061.6] 0.9310210909090909
[1.0, 1.0, 1, 1, 1, 0, 0.0, 0.0, 0.0, 1, 1.0, 60, 2048.0, 10.0, 303751.4] 0.7537514000000001
[1, 0, 1, 1, 1.0, 0, 0, 0, 1, 0, 1, 0, 1, 10.0, 424574.6] 0.9355901818181818
[1.0, 0, 0, 0, 1.0, 0, 0.0, 0.0, 0.0, 1.0, 1.0, 40, 512, 10.0, 303522.4] 0.7535224
[1, 1.0, 0, 1.0, 1.0, 0.0, 0, 0.0, 1, 0, 1, 0, 256, 10.0, 422061.4] 0.9310207272727273
[1, 0, 0.0, 1.0, 1, 0.0, 1, 0.0, 0.0, 0.0, 1, 10.0, 2, 8, 117666.2] 0.19916776859504126
