[1.0, 0.0, 1.0, 0.0, 0.0, 0, 2.0, 0.0, 1.0, 8.0, 8.0, 128.0, 16579.2] 0.8789600000000001
[1, 0.0, 0, 0.0, 0.0, 0.0, 2.0, 0.0, 2.0, 8, 8.0, 8, 16406.4] 0.8703200000000001
[1, 0, 0.0, 0.0, 0.0, 1.0, 3.0, 0, 2.0, 8.0, 8.0, 32, 17840.2] 0.94201
[1.0, 0.0, 1.0, 0, 0.0, 0.0, 4, 0.0, 3.0, 8, 10.0, 0.0, 14053.6] 0.75268
[1.0, 0, 1.0, 1.0, 1.0, 1, 4.0, 0.0, 2.0, 8.0, 10.0, 16.0, 14279.4] 0.76397
[1, 0.0, 0, 0.0, 0.0, 1.0, 3.0, 0.0, 1.0, 8.0, 20.0, 8.0, 13032.6] 0.48396500000000015
[1.0, 0.0, 1.0, 1.0, 1, 0, 3.0, 0.0, 1.0, 8.0, 8.0, 64.0, 15643.6] 0.83218
[1.0, 0.0, 0.0, 0.0, 0, 1.0, 2.0, 0.0, 2.0, 8.0, 10.0, 0.0, 15884.0] 0.8442000000000001
[1.0, 1.0, 0.0, 0, 0.0, 0.0, 3.0, 0.0, 3, 8.0, 10.0, 20.0, 14112.0] 0.7556
[1.0, 0.0, 0.0, 0.0, 0.0, 1.0, 3.0, 0.0, 1.0, 16.0, 10.0, 8, 11712.8] 0.18813223140495866
[1.0, 0, 1.0, 0.0, 0.0, 1.0, 4.0, 0.0, 1.0, 8.0, 10.0, 128.0, 14514.0] 0.7757000000000001
[1, 0.0, 0.0, 0.0, 0.0, 0.0, 2, 0.0, 2.0, 10.0, 10.0, 16.0, 13726.6] 0.6748150000000002
[1.0, 0, 1.0, 1.0, 1.0, 1, 2.0, 0.0, 2.0, 8.0, 8, 128.0, 15681.8] 0.83409
[1.0, 0.0, 1.0, 1.0, 1.0, 0.0, 1.0, 0.0, 1.0, 20.0, 8.0, 0.0, 10711.2] 0.1467438016528926
[1, 0.0, 0.0, 0.0, 0.0, 1.0, 3.0, 0, 2, 20.0, 8.0, 64.0, 11413.4] 0.1757603305785124
[1, 0.0, 1.0, 1.0, 1.0, 1.0, 3.0, 0.0, 2.0, 10.0, 16, 0.0, 11294.0] 0.17082644628099175
[1.0, 0.0, 0.0, 0.0, 0.0, 0.0, 2.0, 0.0, 2.0, 8.0, 10.0, 16.0, 15081.0] 0.80405
[1.0, 1, 1, 1.0, 1.0, 0.0, 4.0, 0.0, 4, 8.0, 10.0, 10, 12916.2] 0.4519550000000002
[1.0, 0.0, 0.0, 0.0, 0.0, 0.0, 4.0, 0.0, 4.0, 8.0, 8.0, 16.0, 15280.6] 0.81403
[1.0, 1.0, 1.0, 1.0, 1.0, 1.0, 4.0, 0.0, 4.0, 8.0, 16, 20.0, 9988.2] 0.11686776859504136
[1.0, 0.0, 0.0, 0.0, 0.0, 0.0, 4.0, 0.0, 1.0, 16.0, 8.0, 0.0, 13205.4] 0.531485
[1.0, 1.0, 1, 0.0, 0.0, 0.0, 4.0, 0.0, 3.0, 8, 8.0, 20.0, 14013.2] 0.75066
[1.0, 0, 0.0, 0.0, 0.0, 0.0, 4.0, 0.0, 1.0, 8, 10.0, 20.0, 18010.4] 0.95052
[1.0, 1.0, 1.0, 1, 1.0, 0, 3.0, 0.0, 1.0, 8.0, 10.0, 64, 13197.2] 0.5292300000000003
[1.0, 1.0, 0.0, 0.0, 0.0, 0.0, 2, 0.0, 1.0, 8.0, 8.0, 0, 15196.6] 0.80983
[1.0, 0.0, 0.0, 0.0, 0.0, 1.0, 2, 0.0, 1.0, 8.0, 8.0, 128.0, 16608.6] 0.8804299999999999
[1.0, 0.0, 1, 1.0, 1.0, 1.0, 4.0, 0.0, 2.0, 8.0, 8.0, 0.0, 16300.6] 0.86503
[1, 0.0, 0.0, 0.0, 0.0, 1.0, 4, 0.0, 2.0, 10.0, 8.0, 32.0, 15938.6] 0.84693
[1.0, 0.0, 0.0, 0.0, 0.0, 0, 3.0, 0.0, 1.0, 10.0, 20.0, 10.0, 12114.4] 0.23145999999999992
[1.0, 1.0, 0.0, 0.0, 0.0, 0.0, 3.0, 0.0, 1.0, 8.0, 10.0, 0.0, 14880.4] 0.79402
