[1, 0, 0, 1.0, 1, 0.0, 0.0, 0, 1.0, 0.0, 1, 0.0, 16, 10.0, 421936.6] 0.9307938181818182
[1.0, 0, 1.0, 1, 1.0, 0.0, 0, 0.0, 1, 0, 1, 0, 1024.0, 10.0, 422519.2] 0.931853090909091
[1, 0, 1, 1, 1, 0.0, 0, 0.0, 1, 0.0, 1, 0, 4, 10.0, 422067.4] 0.9310316363636364
[1.0, 0.0, 1.0, 1.0, 1, 0.0, 0.0, 0.0, 1.0, 0.0, 1.0, 0, 1, 10.0, 424574.6] 0.9355901818181818
[1.0, 0.0, 1.0, 1.0, 1, 0, 0, 0, 1, 0.0, 1.0, 0, 1.0, 10.0, 424574.6] 0.9355901818181818
[1, 1, 0.0, 1.0, 1.0, 0.0, 0.0, 0, 1.0, 0.0, 1.0, 0, 256, 10, 422061.4] 0.9310207272727273
[1.0, 0, 0.0, 1, 1.0, 0.0, 0.0, 0.0, 1, 0.0, 1, 0, 16, 10.0, 421936.6] 0.9307938181818182
[1.0, 1.0, 1.0, 0, 1, 0, 0.0, 0.0, 0, 1.0, 0.0, 90.0, 256.0, 10.0, 303175.6] 0.7531756000000001
[1.0, 1, 0, 1.0, 1, 0.0, 0.0, 0, 1, 0.0, 1, 0, 256, 10.0, 422061.4] 0.9310207272727273
[1, 0.0, 1, 0.0, 1.0, 0, 0.0, 0.0, 0.0, 1.0, 0, 60, 256.0, 10.0, 304798.6] 0.7547986
[1, 0, 0.0, 1.0, 1, 0, 0.0, 0, 1, 0.0, 1, 0.0, 16, 10, 421936.6] 0.9307938181818182
[1, 0, 1.0, 1.0, 1.0, 0, 1.0, 0, 0, 0, 0, 0, 4, 8, 132074.2] 0.3777793388429754
[1, 1.0, 0.0, 1, 1.0, 0.0, 0.0, 0, 1, 0.0, 1.0, 0.0, 256, 10.0, 422061.4] 0.9310207272727273
[1.0, 0, 0, 1.0, 1, 0, 0.0, 0.0, 1, 0, 1, 70, 2, 10.0, 417909.0] 0.9234709090909091
[1.0, 0.0, 0.0, 1, 1.0, 0.0, 0, 0.0, 1, 0.0, 0, 0, 8, 10.0, 422061.6] 0.9310210909090909
[1.0, 0, 1.0, 1.0, 1, 0, 1.0, 0.0, 0.0, 0.0, 0, 0.0, 4, 8.0, 132074.2] 0.3777793388429754
[1, 1, 1, 1.0, 1, 0.0, 0.0, 0.0, 1.0, 0.0, 1, 100.0, 1, 10.0, 421113.8] 0.9292978181818181
[1, 1, 0.0, 0, 1, 0.0, 0.0, 0, 0.0, 1, 0, 40.0, 512, 10.0, 305319.4] 0.7553194000000001
[1, 0, 1, 1.0, 1.0, 0.0, 0.0, 0.0, 1.0, 0.0, 0.0, 0.0, 2048.0, 10.0, 422252.6] 0.9313683636363637
[1.0, 1.0, 0, 0.0, 1.0, 0.0, 0.0, 0.0, 0.0, 1.0, 0, 40.0, 512.0, 10, 305319.4] 0.7553194000000001
[1, 1, 0, 1.0, 1.0, 0.0, 0.0, 0, 1.0, 0.0, 0, 0, 1, 10.0, 421349.8] 0.929726909090909
[1.0, 1, 1, 1, 1, 0, 0.0, 0, 0.0, 1, 0.0, 0.0, 4096, 10, 299400.8] 0.7494008
[1, 0.0, 0, 1.0, 1, 0, 0, 0, 1, 0, 1, 0.0, 64, 10, 421875.8] 0.9306832727272727
[1, 1, 0, 1.0, 1, 0.0, 0, 0.0, 1, 0, 1, 0, 2, 10.0, 421628.6] 0.9302338181818182
[1, 1.0, 0, 1.0, 1.0, 0, 0, 0.0, 1.0, 0.0, 1.0, 0, 1, 10, 420997.4] 0.9290861818181819
[1.0, 0, 0, 1, 1, 0, 0.0, 0.0, 0, 1, 1, 50, 64.0, 10, 303834.2] 0.7538342
[1.0, 1, 0.0, 0, 1.0, 0.0, 0, 0.0, 0.0, 1.0, 0.0, 40.0, 64.0, 10.0, 304643.2] 0.7546432000000001
[1.0, 0, 0.0, 1.0, 1, 0.0, 0, 0, 1, 0.0, 0, 0, 512, 10, 421739.6] 0.9304356363636364
[1.0, 1.0, 0.0, 1.0, 1.0, 0, 0, 0, 1, 0.0, 1.0, 0, 256, 10.0, 422061.4] 0.9310207272727273
[1.0, 1.0, 1.0, 1, 1.0, 0, 0.0, 0.0, 1.0, 0.0, 0.0, 0, 128, 10.0, 422401.4] 0.9316389090909092
