[1.0, 0, 0.0, 0.0, 0.0, 0.0, 0.0, 0.0, 0.0, 0.0, 0.0, 0.0, 0.0, 0.0, 0.0, 0.0, 0.0, 0.0, 0.0, 0, 0.0, 0.0, 0.0, 1.0, 0.0, 0.0, 0.0, 0.0, 0.0, 0, 1.0, 1.0, 0.0, 0.0, 1.0, 0.0, 0.0, 6.856] 0.25594501718213064
[1.0, 1.0, 0.0, 1.0, 0.0, 0.0, 1.0, 0.0, 0.0, 0.0, 1.0, 0.0, 0.0, 0.0, 0.0, 0.0, 0.0, 0.0, 0.0, 1.0, 0.0, 1.0, 1.0, 1.0, 0.0, 0.0, 1.0, 0.0, 1.0, 1.0, 1.0, 0.0, 0.0, 0.0, 1.0, 0.0, 0.0, 662.844] 0.8642642025435389
[1, 0.0, 0, 0.0, 0.0, 0.0, 0, 0.0, 0.0, 0.0, 0.0, 1.0, 0.0, 1, 0, 0, 0, 0, 0.0, 0.0, 1.0, 0.0, 0.0, 1.0, 0.0, 0.0, 0, 0.0, 0.0, 0.0, 1, 0.0, 1.0, 0.0, 1.0, 1, 0.0, 5.826] 0.20875143184421532
[1.0, 1, 0.0, 1.0, 0.0, 0, 1, 1.0, 1.0, 0.0, 1.0, 1.0, 0.0, 0, 0.0, 0.0, 0.0, 0, 0.0, 1, 1.0, 0.0, 1.0, 0.0, 0, 0.0, 0, 0.0, 1.0, 0, 0.0, 0.0, 1.0, 1.0, 0.0, 0.0, 0.0, 10.484] 0.40484000000000003
[1, 1.0, 0.0, 0.0, 0.0, 0, 1.0, 0, 0.0, 0.0, 1.0, 0.0, 0.0, 0, 0.0, 0.0, 0.0, 1.0, 0.0, 1.0, 0.0, 0.0, 1.0, 1.0, 0.0, 0.0, 0.0, 0.0, 1.0, 1, 1.0, 0.0, 0.0, 1.0, 0, 0.0, 0.0, 6.298] 0.23037800687285226
[1.0, 1.0, 0.0, 1.0, 0.0, 0.0, 1.0, 0.0, 1.0, 0, 1, 1.0, 0.0, 1.0, 0.0, 0.0, 0.0, 0.0, 0.0, 1.0, 1, 0.0, 0.0, 0.0, 0.0, 0.0, 0.0, 0.0, 1, 0, 1.0, 0.0, 1, 0.0, 1.0, 0.0, 0.0, 662.428] 0.864220579846314
[1.0, 1.0, 0.0, 1.0, 0.0, 0.0, 1.0, 0.0, 0.0, 0.0, 1.0, 0.0, 0.0, 0.0, 0.0, 0.0, 0.0, 0.0, 0.0, 1.0, 0.0, 1.0, 1.0, 1.0, 1.0, 0.0, 0.0, 0.0, 1.0, 1.0, 1.0, 0.0, 0.0, 0.0, 1.0, 0.0, 0.0, 661.442] 0.8641171856649106
[1.0, 1.0, 0.0, 1.0, 0.0, 0.0, 1.0, 0.0, 1.0, 0.0, 1.0, 0.0, 0.0, 1.0, 0.0, 0.0, 0.0, 0.0, 0.0, 1.0, 1.0, 1.0, 0.0, 0.0, 0.0, 0.0, 0.0, 0.0, 1.0, 0.0, 1.0, 0.0, 1.0, 0.0, 1.0, 0.0, 0.0, 661.38] 0.8641106842052281
[1.0, 1.0, 0.0, 1.0, 0.0, 0.0, 1.0, 0.0, 0.0, 0.0, 1.0, 0.0, 0.0, 0.0, 0.0, 0.0, 1.0, 0.0, 0.0, 0.0, 0.0, 0.0, 0.0, 0.0, 0.0, 0.0, 0.0, 0.0, 1.0, 0.0, 1.0, 0.0, 0.0, 0.0, 1.0, 0.0, 0.0, 900.87] 0.889224145162914
[1.0, 0.0, 0.0, 0.0, 0.0, 0.0, 0.0, 0.0, 1.0, 0.0, 0, 0, 0.0, 0.0, 0.0, 0.0, 0.0, 1, 0.0, 0.0, 0.0, 0.0, 1.0, 0, 0.0, 0.0, 0.0, 1.0, 0.0, 0, 1.0, 0.0, 0.0, 0.0, 1.0, 0.0, 0.0, 7.48] 0.28453608247422685
[1.0, 0.0, 0.0, 0.0, 0, 0.0, 0.0, 0.0, 0.0, 0.0, 0.0, 0.0, 0.0, 0.0, 0, 1, 0.0, 0.0, 0.0, 0.0, 0.0, 0.0, 0.0, 0.0, 0.0, 0.0, 0.0, 0.0, 0.0, 0.0, 1.0, 0.0, 0.0, 0.0, 1.0, 0.0, 1, 7.388] 0.2803207331042383
[1.0, 1.0, 0.0, 1.0, 0.0, 0.0, 1.0, 1.0, 1.0, 0.0, 1.0, 0.0, 0.0, 1.0, 0.0, 0.0, 0.0, 0.0, 0.0, 1.0, 0.0, 0.0, 0.0, 0.0, 0.0, 0.0, 0.0, 0.0, 1.0, 0.0, 0.0, 0.0, 1.0, 1.0, 0.0, 0.0, 0.0, 10.706] 0.40706000000000003
[1.0, 0.0, 0.0, 0.0, 0.0, 0.0, 0.0, 0.0, 1.0, 0.0, 0.0, 1.0, 0.0, 0.0, 0.0, 0.0, 0.0, 0.0, 0.0, 0.0, 1.0, 0.0, 1.0, 0.0, 0.0, 0.0, 0.0, 0.0, 0.0, 0.0, 1.0, 0.0, 1.0, 0.0, 1.0, 0.0, 1.0, 5.568] 0.19693012600229096
[1, 0.0, 0.0, 0, 0.0, 0.0, 0.0, 0, 1, 0.0, 0.0, 0.0, 0.0, 0, 0, 0.0, 0, 0, 0, 0.0, 0.0, 0.0, 0, 0, 0.0, 1.0, 0.0, 0.0, 0.0, 0, 1.0, 0, 0.0, 1, 0, 0.0, 0, 7.484] 0.28471935853379154
[1, 1.0, 0.0, 1, 0, 0.0, 1.0, 0.0, 0.0, 0.0, 1, 1.0, 0, 0.0, 0.0, 0, 0.0, 0.0, 0.0, 1, 0.0, 0.0, 0, 1.0, 0.0, 0, 1.0, 0.0, 1.0, 0, 1, 0, 0, 0.0, 1.0, 0.0, 0.0, 662.932] 0.8642734304217979
[1.0, 0, 0.0, 0, 0, 0, 0, 0, 1, 0.0, 0.0, 0.0, 0, 0.0, 0.0, 0.0, 0.0, 0.0, 0.0, 0.0, 0.0, 0.0, 0.0, 0, 0.0, 1, 0.0, 0.0, 0, 0.0, 1, 0.0, 0.0, 0, 1, 0, 0.0, 8.522] 0.3322794959908362
[1.0, 1.0, 0.0, 0.0, 0.0, 0.0, 1.0, 0.0, 0.0, 0.0, 1, 0.0, 0.0, 0.0, 0.0, 0.0, 0.0, 0.0, 0.0, 1.0, 0, 1.0, 1.0, 1.0, 1.0, 1.0, 0.0, 1.0, 1.0, 0.0, 1.0, 0.0, 0.0, 0.0, 1.0, 0, 0.0, 5.45] 0.19152348224513172
[1.0, 0, 0.0, 0.0, 0.0, 0.0, 0.0, 0, 1.0, 0.0, 0.0, 0.0, 0.0, 0, 0, 0.0, 0.0, 0, 0.0, 0, 0, 0.0, 1.0, 0, 0.0, 0.0, 0.0, 1.0, 0.0, 0.0, 1, 0.0, 0, 0, 1.0, 0.0, 1.0, 6.998] 0.2624513172966781
[1.0, 0, 0.0, 0.0, 0, 0.0, 0.0, 0.0, 1, 0.0, 0.0, 0.0, 0.0, 0.0, 0.0, 0.0, 0.0, 0, 0.0, 0, 0.0, 0.0, 0.0, 0.0, 0.0, 1.0, 0, 0, 0, 0.0, 1.0, 0, 0.0, 1, 0.0, 0, 0.0, 7.484] 0.28471935853379154
[1.0, 0.0, 1.0, 0.0, 0.0, 0.0, 1.0, 0.0, 0.0, 0.0, 1.0, 0.0, 0.0, 0.0, 0.0, 1.0, 0.0, 0.0, 0.0, 1.0, 0.0, 0.0, 0.0, 0.0, 0.0, 1.0, 0.0, 0.0, 0.0, 0.0, 0.0, 0.0, 0.0, 0.0, 1.0, 0.0, 0.0, 5.914] 0.21278350515463917
[1.0, 0.0, 1.0, 0.0, 0.0, 0.0, 0.0, 0.0, 1.0, 0.0, 0.0, 0.0, 0.0, 1.0, 0.0, 0.0, 0.0, 1.0, 0.0, 0.0, 0.0, 0.0, 0.0, 0.0, 0.0, 0.0, 0.0, 1.0, 0.0, 0.0, 0.0, 0.0, 0.0, 0.0, 1.0, 0.0, 0.0, 5.498] 0.19372279495990835
[1.0, 0, 0.0, 0.0, 0, 0.0, 0.0, 0.0, 1.0, 0.0, 0.0, 0, 0.0, 0, 0.0, 0.0, 0.0, 0, 0, 0, 0.0, 0.0, 0.0, 0.0, 0, 1, 0, 0, 0.0, 0.0, 1, 0.0, 0.0, 0.0, 1.0, 0, 0.0, 8.522] 0.3322794959908362
[1, 1.0, 0.0, 1.0, 0.0, 0.0, 1.0, 1.0, 1.0, 0.0, 1.0, 1.0, 0.0, 1.0, 0.0, 0.0, 0.0, 0.0, 0.0, 1.0, 1.0, 0.0, 0.0, 0.0, 0.0, 0.0, 0, 1.0, 1, 0, 0.0, 0.0, 0.0, 0.0, 1.0, 0.0, 0.0, 7.676] 0.2935166093928981
[1.0, 1.0, 0.0, 1.0, 0.0, 0.0, 1.0, 0.0, 1.0, 0.0, 1.0, 0.0, 0.0, 0.0, 0.0, 0.0, 0.0, 0.0, 0.0, 1.0, 1.0, 1.0, 1.0, 0.0, 0.0, 0.0, 0.0, 0.0, 1.0, 1.0, 1.0, 0.0, 0.0, 0.0, 1.0, 0.0, 0.0, 661.164] 0.864088033958592
[1.0, 0.0, 0.0, 0.0, 0, 1, 0.0, 0.0, 0, 0, 0.0, 0, 0.0, 0.0, 0.0, 0.0, 0.0, 0.0, 0.0, 0.0, 0.0, 0.0, 0.0, 1, 0, 0.0, 0.0, 0.0, 0.0, 0, 1.0, 0.0, 0.0, 0, 1, 0.0, 0.0, 8.03] 0.3097365406643757
[1.0, 0.0, 0.0, 0.0, 0.0, 0.0, 0.0, 0.0, 0.0, 0.0, 0.0, 0.0, 0.0, 0.0, 0.0, 0.0, 1.0, 0.0, 0.0, 0.0, 0.0, 0.0, 0.0, 0.0, 0.0, 1.0, 0.0, 0.0, 0.0, 0.0, 1.0, 0.0, 0.0, 1.0, 0.0, 0.0, 0.0, 6.076] 0.2202061855670103
[1.0, 1.0, 0.0, 1.0, 0.0, 0.0, 1.0, 0.0, 0.0, 0.0, 1.0, 0.0, 0.0, 0.0, 0.0, 0.0, 0.0, 0.0, 0.0, 1.0, 0.0, 1.0, 1.0, 1.0, 0.0, 0.0, 1.0, 1.0, 1.0, 0.0, 1.0, 0.0, 0.0, 0.0, 1.0, 0.0, 0.0, 661.342] 0.8641066994396162
[1.0, 0.0, 0.0, 0.0, 0.0, 0.0, 0.0, 0.0, 0.0, 0.0, 0.0, 0.0, 0.0, 0.0, 0.0, 0.0, 0.0, 0.0, 0.0, 0.0, 0.0, 0.0, 1.0, 1.0, 0.0, 0.0, 0.0, 1.0, 0, 0.0, 1.0, 0.0, 0.0, 1.0, 0.0, 1.0, 0.0, 5.964] 0.2150744558991982
[1, 1.0, 0.0, 0.0, 0.0, 0.0, 1, 0, 1.0, 0, 0.0, 0.0, 0.0, 0.0, 0, 0.0, 0.0, 0.0, 0.0, 1.0, 0.0, 0.0, 1.0, 0.0, 0.0, 0.0, 0.0, 0.0, 0.0, 1.0, 1.0, 0.0, 0.0, 0.0, 1.0, 1.0, 0.0, 7.194] 0.2714318442153493
[1.0, 0.0, 0, 0, 0, 0.0, 0, 0, 1, 0.0, 0.0, 0.0, 0, 0.0, 0, 0, 0, 0, 0.0, 0, 0.0, 0.0, 0, 0, 0.0, 1, 0, 0.0, 0, 0, 1.0, 0.0, 0.0, 1.0, 0, 0.0, 0, 7.484] 0.28471935853379154
