[1.0, 0.0, 0.0, 1.0, 1, 0.0, 0.0, 0, 1, 0.0, 0, 0, 8, 10.0, 422061.6] 0.9103079999999999
[1, 1.0, 0.0, 1.0, 1.0, 0, 0.0, 0.0, 1.0, 0.0, 0.0, 50, 16.0, 10, 416554.8] 0.882774
[1.0, 1.0, 1.0, 0.0, 1.0, 0.0, 0.0, 1.0, 0.0, 0.0, 0.0, 100.0, 4.0, 0.0, 12818.4] 0
[1.0, 0.0, 0.0, 1.0, 1, 0.0, 0.0, 0.0, 0.0, 1.0, 1, 50.0, 64.0, 10.0, 303834.2] 0.13619542857142863
[1, 0, 1.0, 1.0, 1, 0, 0, 0.0, 1.0, 0, 0.0, 0, 2048, 10.0, 422252.6] 0.9112629999999999
[1.0, 0.0, 1, 1.0, 1, 0.0, 0.0, 0, 1.0, 0, 0, 0, 2048, 10.0, 422252.6] 0.9112629999999999
[1, 0, 1, 1, 1, 0, 0.0, 0, 1.0, 0, 0, 0.0, 2048, 10, 422252.6] 0.9112629999999999
[1.0, 1, 0.0, 1.0, 1, 0.0, 0.0, 0.0, 1.0, 0.0, 1, 0.0, 256.0, 10.0, 422061.4] 0.9103070000000001
[1.0, 1.0, 1.0, 1.0, 1.0, 0.0, 0.0, 0.0, 1.0, 0.0, 1.0, 80.0, 2, 10.0, 416441.8] 0.882209
[1.0, 1.0, 0, 0.0, 1.0, 0, 0.0, 0.0, 0.0, 1, 0.0, 40, 512.0, 10.0, 305319.4] 0.14468228571428585
[1, 1, 1, 1.0, 1, 0, 0, 0, 1, 0, 0, 0, 128, 10, 422401.4] 0.9120070000000001
[1.0, 0, 1, 1, 1.0, 0.0, 0.0, 0, 1.0, 0, 1, 0, 1, 10, 424574.6] 0.9228729999999998
[1, 0, 1, 1, 1, 0.0, 0, 0, 1, 0, 1.0, 0, 1, 10.0, 424574.6] 0.9228729999999998
[1, 0, 1, 1, 1, 0.0, 0, 0, 1, 0, 0.0, 50, 2, 10, 418131.8] 0.890659
[1, 0, 1, 1.0, 1.0, 0.0, 0.0, 0, 1, 0, 1, 0.0, 1, 10, 424574.6] 0.9228729999999998
[1, 1, 1, 1.0, 1, 0, 0, 0, 1, 0, 0, 0, 128, 10.0, 422401.4] 0.9120070000000001
[1, 0.0, 0, 1.0, 1.0, 0, 0.0, 0.0, 1.0, 0.0, 0.0, 0.0, 4096.0, 10.0, 421383.2] 0.906916
[1, 1.0, 0, 1.0, 1, 0, 0.0, 0.0, 1, 0, 0.0, 0, 128, 10, 421299.6] 0.9064979999999999
[1, 0.0, 0, 1.0, 1, 0, 0.0, 0, 1, 0, 0, 0, 8, 10, 422061.6] 0.9103079999999999
[1.0, 1, 0, 1.0, 1, 0, 0.0, 0, 1, 0, 1.0, 0, 256, 10.0, 422061.4] 0.9103070000000001
[1.0, 0.0, 0.0, 1.0, 1.0, 0.0, 0.0, 0.0, 1.0, 0, 1, 0, 16, 10.0, 421936.6] 0.9096829999999999
[1.0, 1, 0.0, 1.0, 1, 0.0, 0.0, 0, 1.0, 0.0, 1.0, 0, 256.0, 10, 422061.4] 0.9103070000000001
[1.0, 0.0, 1.0, 1.0, 1.0, 0.0, 1.0, 0.0, 0.0, 0.0, 1.0, 40.0, 32.0, 2.0, 17754.0] 0
[1, 1, 0, 0, 1, 0.0, 0.0, 0.0, 0, 1.0, 0.0, 40, 512, 10, 305319.4] 0.14468228571428585
[1.0, 1.0, 1, 1, 1.0, 0.0, 0, 0.0, 1.0, 0.0, 0, 0, 128.0, 10, 422401.4] 0.9120070000000001
[1, 0.0, 1, 1.0, 1.0, 0, 0.0, 0.0, 1, 0, 1, 0, 1, 10.0, 424574.6] 0.9228729999999998
[1, 0, 1, 1.0, 1, 0.0, 0.0, 0, 1, 0.0, 1, 0, 1, 10, 424574.6] 0.9228729999999998
[1, 1, 0, 1, 1, 0, 0.0, 0, 1.0, 0, 1, 0, 256, 10.0, 422061.4] 0.9103070000000001
[1.0, 1.0, 1.0, 1.0, 1.0, 0.0, 0.0, 0.0, 0.0, 1.0, 1.0, 40.0, 4096, 10.0, 303945.8] 0.1368331428571428
[1, 1.0, 1, 1.0, 1.0, 0.0, 0.0, 0.0, 1.0, 0.0, 0, 0.0, 64, 10.0, 421857.4] 0.9092870000000002
