[1.0, 1, 1, 0, 1, 0.0, 0, 0, 0.0, 1, 1, 50, 4096, 10, 303552.6] 0.43926370961693895
[1, 0, 0.0, 1.0, 1, 0.0, 0, 0.0, 1, 0.0, 0.0, 0, 8, 10.0, 422061.6] 0.967693333333333
[1, 0, 1, 1, 1, 0.0, 0.0, 0, 1, 0, 1, 0, 1, 10.0, 424574.6] 1.0
[1, 1, 0.0, 1.0, 1, 0.0, 0, 0, 1, 0.0, 1, 40, 1, 10.0, 421557.6] 0.9592933333333329
[1, 0, 1.0, 1, 1, 0, 0, 0, 1, 0.0, 1, 0, 1, 10, 424574.6] 1.0
[1, 0, 1, 1.0, 1, 0.0, 0.0, 0.0, 1, 0.0, 1.0, 0, 1, 10, 424574.6] 1.0
[1, 1.0, 1.0, 0.0, 1.0, 0.0, 0.0, 0.0, 0.0, 1.0, 1.0, 50.0, 4096, 10, 303552.6] 0.43926370961693895
[1.0, 0, 0.0, 1, 1, 0.0, 0, 0.0, 0.0, 1.0, 1, 50, 64.0, 10.0, 303834.2] 0.4397330155740915
[1.0, 1.0, 0, 0, 1.0, 0.0, 0.0, 0, 0.0, 1, 0, 40.0, 512, 10.0, 305319.4] 0.44220820452140297
[1, 0, 1, 1.0, 1, 0, 0, 0.0, 1, 0, 1, 0, 1, 10, 424574.6] 1.0
[1, 0, 0.0, 1.0, 1, 0, 0, 0.0, 1, 0.0, 1, 0, 2, 10, 421224.8] 0.9537466666666665
[1, 0, 1, 1.0, 1, 0, 0.0, 0, 1, 0.0, 1, 0, 1, 10, 424574.6] 1.0
[1, 0, 1, 1, 1.0, 0, 0.0, 0, 1, 0, 0, 0, 2048, 10, 422252.6] 0.9708766666666663
[1, 0, 0, 1, 1.0, 0.0, 0, 0, 1.0, 0, 0, 0, 8, 10, 422061.6] 0.967693333333333
[1.0, 1, 1, 1.0, 1.0, 0.0, 1, 0, 0.0, 0.0, 0, 0.0, 16.0, 10.0, 132016.4] 0.1629104507299996
[1, 0.0, 1, 1.0, 1.0, 0.0, 0, 0.0, 1, 0, 1, 0, 1.0, 10.0, 424574.6] 1.0
[1, 1, 1, 1, 1, 0.0, 0, 0, 1, 0.0, 0.0, 0, 128, 10.0, 422401.4] 0.9733566666666671
[1, 1.0, 1, 1.0, 1, 1.0, 0.0, 0, 0.0, 0, 0, 0, 16, 8.0, 132598.2] 0.16368195621328455
[1, 0.0, 1, 1, 1, 0.0, 1.0, 0, 0.0, 0, 0, 0.0, 4, 8, 132074.2] 0.1629870973730623
[1, 0, 1, 1, 1.0, 0, 0, 0.0, 1, 0, 1, 0, 1, 10, 424574.6] 1.0
[1, 0.0, 1.0, 1, 1, 0.0, 0.0, 0, 1, 0, 1, 0, 1, 10, 424574.6] 1.0
[1.0, 1, 1, 1.0, 1, 1.0, 0, 0.0, 0.0, 0.0, 1.0, 0.0, 8.0, 8.0, 132275.8] 0.16325443237723938
[1.0, 1, 1, 1.0, 1.0, 0.0, 0, 0.0, 1, 0, 0, 0, 128.0, 10, 422401.4] 0.9733566666666671
[1.0, 1.0, 0, 1, 1, 0, 0, 0.0, 1.0, 0.0, 1, 40, 1, 10.0, 421557.6] 0.9592933333333329
[1.0, 0.0, 1.0, 0, 1, 0.0, 0.0, 0.0, 0.0, 1.0, 1.0, 40.0, 1024, 10.0, 303744.6] 0.4395836909513611
[1.0, 1.0, 0, 1.0, 1.0, 1.0, 0.0, 0, 0.0, 0, 0, 0, 1.0, 8, 131978.6] 0.1628603254167164
[1, 1, 1.0, 1, 1.0, 0, 0.0, 0.0, 0, 1, 0, 100, 512, 10, 303810.0] 0.4396926845933987
[1, 1.0, 1, 1, 1, 0.0, 0.0, 0.0, 1, 0, 0, 0, 64, 10, 421857.4] 0.9642900000000004
[1, 0, 1, 1, 1, 0, 0.0, 0.0, 1, 0.0, 1.0, 0, 1, 10.0, 424574.6] 1.0
[1, 0, 0, 1, 1, 0.0, 0.0, 0, 1, 0.0, 0, 0, 8, 10, 422061.6] 0.967693333333333
