[1.0, 0.0, 1.0, 1, 1.0, 0.0, 1.0, 0.0, 0.0, 0.0, 1, 0.0, 2048, 8.0, 131744.4] 0.16254976064499874
[1.0, 0.0, 1.0, 1.0, 1, 1.0, 0.0, 0.0, 0.0, 0.0, 0, 0, 128, 8.0, 131688.8] 0.16247603134821179
[1.0, 1, 0.0, 1.0, 1.0, 0.0, 0.0, 0.0, 0.0, 1.0, 0.0, 20, 64.0, 10, 300782.4] 0.4346469789262293
[1.0, 0, 1.0, 1.0, 1.0, 1.0, 0.0, 0, 0.0, 0.0, 1.0, 0.0, 1024.0, 8.0, 131887.0] 0.1627388577263264
[1, 1.0, 1, 1.0, 1, 0, 0, 0.0, 1.0, 0, 0, 0, 64.0, 10, 421857.4] 0.9642900000000004
[1.0, 0.0, 0.0, 0.0, 1.0, 0.0, 0.0, 0.0, 0, 1.0, 1, 40.0, 2048.0, 10, 303364.0] 0.43894939461864724
[1.0, 1.0, 0.0, 0, 1.0, 0.0, 0.0, 0.0, 0, 1, 0, 40, 256.0, 10.0, 302634.6] 0.437733798861733
[1, 1.0, 0.0, 1.0, 1, 0.0, 0.0, 0.0, 0.0, 1.0, 1, 100.0, 4096.0, 10.0, 302544.2] 0.43758314098344264
[1.0, 1, 0, 1, 1.0, 0.0, 1.0, 0.0, 0, 0.0, 1, 30, 1024, 8.0, 103418.4] 0.12498760127832809
[1, 0, 1, 1.0, 1.0, 0.0, 0, 0, 1.0, 0.0, 1.0, 50, 1, 10.0, 420763.0] 0.9460500000000001
[1.0, 1, 0, 1.0, 1.0, 0.0, 0.0, 0.0, 0.0, 1.0, 0.0, 90, 2.0, 8.0, 121694.0] 0.1492222620042169
[1.0, 0.0, 1.0, 1.0, 1.0, 0.0, 0.0, 0.0, 1.0, 0, 1.0, 70.0, 8.0, 10.0, 417465.0] 0.8910833333333332
[1.0, 1.0, 1, 1.0, 1, 1.0, 0, 0.0, 0.0, 0, 1.0, 0, 64, 10.0, 131696.6] 0.1624863746668258
[1, 0.0, 1.0, 1.0, 1, 0.0, 1.0, 0.0, 0, 0.0, 0, 0, 2048, 10.0, 131648.4] 0.16242245826205726
[1.0, 0.0, 1.0, 1.0, 1.0, 0.0, 0, 0.0, 1, 0.0, 1.0, 60, 4096, 10, 416949.0] 0.8824833333333333
[1.0, 1.0, 0.0, 1.0, 1.0, 1.0, 0.0, 0.0, 0.0, 0.0, 1.0, 10.0, 1.0, 8.0, 125603.8] 0.1544069167628065
[1.0, 1.0, 1.0, 1.0, 1.0, 0.0, 0.0, 0.0, 1, 0.0, 0, 0.0, 32.0, 10.0, 421517.6] 0.9586266666666663
[1.0, 1.0, 0, 0, 1.0, 0.0, 0, 0.0, 0, 1.0, 0.0, 40.0, 64.0, 10, 304643.2] 0.44108127025923494
[1.0, 1.0, 0.0, 1.0, 1.0, 0.0, 1.0, 0.0, 0.0, 0.0, 0.0, 0.0, 4.0, 8.0, 131842.0] 0.16267918473432258
[1.0, 0, 1.0, 1.0, 1, 0.0, 0.0, 0.0, 1.0, 0.0, 1.0, 0, 1, 10.0, 424574.6] 1.0
[1, 1.0, 1, 1.0, 1.0, 0.0, 0, 0.0, 1.0, 0, 0.0, 90, 2048.0, 8.0, 125512.6] 0.1542859794990121
[1.0, 0.0, 1.0, 1.0, 1, 0.0, 0.0, 0.0, 0.0, 1.0, 1.0, 80, 2, 10, 300396.4] 0.4340036831184848
[1.0, 1.0, 0.0, 1.0, 1, 1.0, 0.0, 0.0, 0, 0.0, 0.0, 0, 1, 8.0, 131978.6] 0.1628603254167164
[1.0, 0.0, 1.0, 1, 1.0, 0, 0.0, 0.0, 0, 1.0, 1.0, 80.0, 8, 10, 301356.8] 0.4356042564183755
[1.0, 0.0, 0.0, 1.0, 1.0, 0.0, 0.0, 0.0, 1.0, 0, 0, 60.0, 128, 10, 416509.8] 0.8751633333333331
[1.0, 1.0, 1, 1.0, 1.0, 0.0, 0, 0, 1.0, 0.0, 0.0, 10.0, 2, 10.0, 417681.0] 0.8946833333333333
[1.0, 1.0, 0, 1, 1.0, 0, 0.0, 0.0, 0, 1, 0.0, 10, 512.0, 10.0, 302163.4] 0.4369485113368387
[1.0, 1.0, 0, 1.0, 1.0, 0.0, 0.0, 0.0, 1.0, 0.0, 0.0, 40.0, 2048.0, 10.0, 416965.0] 0.8827499999999999
[1, 1, 1.0, 1.0, 1, 0, 0, 0.0, 1, 0, 1, 10, 2.0, 10.0, 418086.2] 0.9014366666666669
[1, 0, 0, 1, 1.0, 1.0, 0, 0.0, 0.0, 0.0, 1, 90.0, 1.0, 10, 125392.8] 0.15412711673363302
