[1.0, 1.0, 0.0, 1.0, 1, 1, 1.0, 1.0, 0, 1.0, 0.0, 0, 170.4227512] 0.9685729753358248
[1, 1.0, 0, 1.0, 1.0, 1.0, 1.0, 0.0, 0, 1, 1, 0.0, 170.7705431] 0.977534861078689
[0, 1, 1, 1.0, 1, 1.0, 1.0, 0.0, 0, 0.0, 0, 0.0, 171.3028867] 0.9912522665707229
[0.0, 1.0, 0, 1.0, 1.0, 1.0, 1.0, 0.0, 1.0, 1.0, 0, 1.0, 171.1972303] 0.9885297172968547
[1, 1.0, 0.0, 1, 1, 1, 1.0, 0, 0.0, 1.0, 1, 0.0, 170.7705431] 0.977534861078689
[1.0, 1.0, 0.0, 1.0, 1.0, 1, 1.0, 0, 0, 1, 0.0, 1.0, 170.3418882] 0.9664893012570865
[0.0, 1, 1.0, 1.0, 1.0, 1.0, 1, 1.0, 1.0, 0.0, 1, 1.0, 170.6282685] 0.9738687357051201
[0, 1.0, 1.0, 1.0, 1, 1, 1, 0.0, 0, 0.0, 1.0, 0.0, 171.6423678] 1.0
[1.0, 1, 0, 1.0, 1.0, 1.0, 1.0, 0.0, 0, 1, 1, 0.0, 170.7705431] 0.977534861078689
[1.0, 1.0, 0.0, 1.0, 1, 1.0, 1.0, 0, 0, 1.0, 1.0, 0, 170.7705431] 0.977534861078689
[0, 1.0, 0, 1.0, 1.0, 1, 1.0, 0, 0, 1, 1, 0, 170.5559134] 0.9720042928037376
[0.0, 1.0, 0.0, 1.0, 1.0, 1.0, 1.0, 0.0, 1.0, 1.0, 0.0, 1.0, 171.1972303] 0.9885297172968547
[0, 1.0, 1.0, 1.0, 1, 1.0, 1, 0.0, 0.0, 0.0, 0, 1.0, 171.5690527] 0.9981108198626055
[1.0, 1.0, 0.0, 1.0, 1.0, 1, 1.0, 0.0, 0.0, 1.0, 1.0, 0, 170.7705431] 0.977534861078689
[0, 1, 1, 1, 1.0, 1.0, 1, 0.0, 0.0, 0, 1.0, 0, 171.6423678] 1.0
[0.0, 1, 1, 1.0, 1, 1.0, 1, 1.0, 1.0, 0.0, 1, 1, 170.6282685] 0.9738687357051201
[0.0, 1, 1, 1.0, 1.0, 1.0, 1, 1.0, 1.0, 0, 1, 1.0, 170.6282685] 0.9738687357051201
[0, 1.0, 1.0, 1, 1.0, 1.0, 1.0, 0.0, 0.0, 0.0, 0.0, 1.0, 171.5690527] 0.9981108198626055
[0, 1.0, 1, 1.0, 1.0, 1.0, 1.0, 1.0, 1, 0.0, 1, 1, 170.6282685] 0.9738687357051201
[0, 1.0, 1.0, 1.0, 1.0, 1, 1, 0, 0, 0.0, 0, 1.0, 171.5690527] 0.9981108198626055
[1.0, 1.0, 0, 1, 1.0, 1.0, 1.0, 1.0, 1, 0.0, 0, 0, 169.744452] 0.9510945926308909
[1.0, 1.0, 0, 1, 1, 1, 1.0, 1, 0, 1.0, 0.0, 0.0, 170.4227512] 0.9685729753358248
[0, 1.0, 1, 1.0, 1, 1.0, 1, 0, 0, 0.0, 1, 0, 171.6423678] 1.0
[1.0, 1, 1, 1.0, 1, 1.0, 1.0, 0, 0.0, 1, 1.0, 1, 170.6573937] 0.9746192325241609
[0.0, 1.0, 1, 1.0, 1, 1.0, 0, 0.0, 0, 0, 1.0, 0, 125.3551955] 0.031568576403537746
[1.0, 1.0, 1, 1.0, 1.0, 1.0, 1, 0, 0, 1.0, 1, 1, 170.6573937] 0.9746192325241609
[0, 1.0, 1.0, 1.0, 1, 1.0, 1.0, 1.0, 1, 0.0, 1, 1, 170.6282685] 0.9738687357051201
[0, 1.0, 1.0, 1.0, 1, 1, 1, 1, 1, 0, 1.0, 1.0, 170.6282685] 0.9738687357051201
[0.0, 1, 1, 1, 1.0, 1.0, 1, 1.0, 1.0, 0, 1.0, 1, 170.6282685] 0.9738687357051201
[0.0, 1.0, 1, 1, 1.0, 1.0, 1.0, 0, 0.0, 0, 1, 0.0, 171.6423678] 1.0
