[1.0, 1.0, 0.0, 1.0, 1.0, 0.0, 1, 1.0, 1.0, 1.0, 0.0, 0, 126.1869786] 0.05817414438203025
[1.0, 1.0, 0, 1.0, 1, 1.0, 1.0, 0.0, 1, 1, 1, 1.0, 170.2500155] 0.9641219297332283
[0.0, 1, 1, 1.0, 1.0, 1.0, 1.0, 1, 1.0, 0.0, 0, 0.0, 169.9536264] 0.9564845889854123
[0.0, 1.0, 0, 1.0, 1.0, 1.0, 1.0, 0.0, 1.0, 1.0, 0, 1.0, 171.1972303] 0.9885297172968547
[0.0, 1.0, 0.0, 1, 1, 1.0, 1.0, 1.0, 0.0, 1.0, 1, 0.0, 170.5539949] 0.9719548569836456
[1.0, 1.0, 0.0, 1.0, 1.0, 1, 1.0, 0, 0, 1, 0.0, 1.0, 170.3418882] 0.9664893012570865
[0.0, 1, 1.0, 1.0, 1.0, 1.0, 1, 1.0, 1.0, 0.0, 1, 1.0, 170.6282685] 0.9738687357051201
[0, 1.0, 1.0, 1.0, 1, 1.0, 1, 0, 0, 0.0, 0, 0.0, 171.3028867] 0.9912522665707229
[1.0, 1, 0, 1.0, 1.0, 1.0, 1.0, 0.0, 1.0, 0.0, 0.0, 0.0, 170.2000723] 0.9628349956440991
[1.0, 1.0, 1.0, 1.0, 1, 1.0, 1.0, 1.0, 0, 1.0, 0.0, 0.0, 170.0739989] 0.9595863420497677
[0.0, 1.0, 0, 1.0, 1.0, 1, 0.0, 0.0, 1, 0.0, 0, 0.0, 125.1588278] 0.025287522855888055
[0.0, 1.0, 0.0, 1.0, 1.0, 1.0, 1.0, 0.0, 1.0, 1.0, 0.0, 1.0, 171.1972303] 0.9885297172968547
[1, 1.0, 0.0, 1.0, 1.0, 1.0, 1.0, 0.0, 0.0, 0.0, 0, 1.0, 170.1596611] 0.9617936816941999
[1.0, 1.0, 0.0, 1.0, 1.0, 1, 1.0, 0.0, 0.0, 1.0, 1.0, 0, 170.7705431] 0.977534861078689
[0, 1, 1.0, 1, 1.0, 1.0, 1.0, 0.0, 0.0, 1.0, 0.0, 0, 170.2257285] 0.9634961034300946
[0.0, 1.0, 0.0, 1.0, 0.0, 1.0, 1.0, 1.0, 1.0, 1.0, 1.0, 0.0, 124.7811534] 0.013207159690374897
[0.0, 1, 1, 1, 1.0, 1.0, 1, 1.0, 1.0, 0, 0.0, 1.0, 170.5469792] 0.9717740767475158
[0, 1.0, 1.0, 1, 1.0, 1.0, 1.0, 0.0, 0.0, 0.0, 0.0, 1.0, 171.5690527] 0.9981108198626055
[0, 1.0, 0.0, 1.0, 1.0, 1.0, 1.0, 1.0, 1, 1.0, 1, 1, 169.8953624] 0.954983244903155
[0, 1.0, 1.0, 1.0, 1.0, 1, 1, 0, 0, 1.0, 0, 1.0, 170.6936717] 0.9755540423658499
[1.0, 1.0, 0.0, 1.0, 1.0, 1.0, 0, 1.0, 1, 1.0, 1.0, 0.0, 123.9937105] 0
[1.0, 1.0, 0.0, 1, 1, 1, 1, 1, 1.0, 1.0, 0.0, 1.0, 169.9124722] 0.9554241294455585
[1.0, 1.0, 1, 1.0, 1.0, 1, 1.0, 0.0, 0.0, 1.0, 1.0, 1.0, 170.6573937] 0.9746192325241609
[1.0, 1, 1, 1.0, 1, 1.0, 1.0, 0, 0.0, 1, 1.0, 1, 170.6573937] 0.9746192325241609
[0.0, 1, 0.0, 1.0, 1.0, 1.0, 0.0, 0.0, 0.0, 0.0, 0.0, 0.0, 123.6298201] 0
[1.0, 1.0, 0.0, 1, 1.0, 1.0, 1.0, 0, 1.0, 0, 0, 1, 170.3206944] 0.9659431803898177
[1.0, 1.0, 0.0, 1.0, 1.0, 1.0, 1.0, 0, 1, 0.0, 1, 1, 170.3253386] 0.9660628519226138
[0, 1.0, 1.0, 1.0, 1, 1, 1, 1, 1, 0, 1.0, 1.0, 170.6282685] 0.9738687357051201
[0.0, 1, 1, 1, 1, 1.0, 1, 1, 1, 0.0, 0.0, 1, 170.5469792] 0.9717740767475158
[1.0, 1.0, 0.0, 1.0, 1.0, 1.0, 1.0, 0, 0.0, 1.0, 1.0, 0.0, 170.7705431] 0.977534861078689
