[1.0, 1.0, 0.0, 1.0, 1.0, 1.0, 1.0, 1, 0.0, 1.0, 0.0, 0.0, 170.4227512] 0.993190528803265
[0.0, 1.0, 0.0, 1.0, 1.0, 1.0, 1.0, 0.0, 0.0, 1, 0.0, 0.0, 170.2871644] 0.9924335085976876
[1.0, 1, 0.0, 1.0, 1.0, 1.0, 1.0, 0, 1.0, 0.0, 0.0, 1.0, 170.3206944] 0.9926207162572314
[1.0, 1.0, 1.0, 1.0, 1.0, 1, 1.0, 0.0, 1.0, 0.0, 1.0, 1.0, 169.8158512] 0.9898020310825071
[0.0, 1.0, 1.0, 1.0, 1.0, 1.0, 1.0, 1.0, 1.0, 1.0, 1.0, 0.0, 170.2764871] 0.9923738941526162
[0.0, 1.0, 0.0, 1.0, 1.0, 1.0, 1.0, 0.0, 0.0, 1.0, 1.0, 0.0, 170.5559134] 0.9939340117678245
[0.0, 1.0, 0.0, 1.0, 1.0, 1.0, 1.0, 0, 1.0, 1.0, 0, 1.0, 171.1972303] 0.9975146689665945
[1.0, 1.0, 1.0, 1.0, 1, 1, 1, 1.0, 0, 0.0, 1.0, 1.0, 170.0389183] 0.9910474790309765
[0.0, 1.0, 1.0, 1.0, 1, 1.0, 1.0, 1, 0.0, 1.0, 0.0, 0.0, 169.6873534] 0.9890845908082899
[0.0, 1.0, 1.0, 1.0, 1.0, 1.0, 1.0, 1.0, 0.0, 1.0, 0.0, 1.0, 170.3886647] 0.9930002140437352
[0.0, 1.0, 0.0, 1.0, 1.0, 1.0, 1.0, 1.0, 1.0, 0, 0.0, 0.0, 170.6651847] 0.9945441049479105
[0.0, 1.0, 0.0, 1.0, 1.0, 1.0, 1.0, 0.0, 1.0, 1.0, 0, 1, 171.1972303] 0.9975146689665945
[1.0, 1.0, 0.0, 1.0, 1.0, 1.0, 1.0, 1, 1.0, 0.0, 1.0, 1.0, 169.6186669] 0.9887010942706447
[0.0, 1.0, 0, 1.0, 1.0, 1.0, 1.0, 0.0, 1.0, 1, 1.0, 0.0, 170.3049545] 0.9925328358563829
[0, 1.0, 1, 1.0, 1.0, 1.0, 1.0, 1.0, 1, 1.0, 0.0, 1.0, 170.2653241] 0.9923115679043762
[1.0, 1.0, 0.0, 1.0, 1.0, 1.0, 1.0, 0.0, 0.0, 0.0, 1.0, 0.0, 170.0809813] 0.9912823288903079
[0.0, 1.0, 1, 1.0, 1.0, 1.0, 1.0, 1, 1.0, 1.0, 1.0, 0.0, 170.2764871] 0.9923738941526162
[1.0, 1.0, 0, 1.0, 1.0, 1.0, 1.0, 0, 0.0, 0.0, 0.0, 1.0, 170.1596611] 0.9917216209037693
[0.0, 1, 1, 1.0, 1.0, 1.0, 1.0, 0.0, 0, 0, 1.0, 1.0, 170.6176486] 0.9942786971929201
[1.0, 1.0, 0.0, 1.0, 1, 1.0, 1.0, 0.0, 1.0, 1, 1.0, 1.0, 170.2500155] 0.9922260955758082
[0.0, 1.0, 0.0, 1.0, 1.0, 1, 1.0, 1, 1.0, 1, 1, 0.0, 169.8665786] 0.9900852567857201
[1.0, 1.0, 0.0, 1.0, 1, 1.0, 1.0, 0.0, 1.0, 0.0, 1.0, 1.0, 170.3253386] 0.9926466461651482
[0.0, 1.0, 0, 1, 1.0, 1.0, 1.0, 0.0, 1.0, 1.0, 0.0, 1, 171.1972303] 0.9975146689665945
[1.0, 1.0, 1.0, 1.0, 1.0, 1.0, 1.0, 1.0, 0, 1, 0.0, 0.0, 170.0739989] 0.9912433441374896
[1.0, 1.0, 1.0, 1.0, 0.0, 1, 1, 0.0, 1.0, 0.0, 1.0, 0.0, 124.0105414] 0.7340577769122812
[0.0, 1.0, 0.0, 1.0, 1, 1, 1.0, 0.0, 0, 1.0, 1.0, 0.0, 170.5559134] 0.9939340117678245
[0.0, 1, 1.0, 1.0, 1.0, 1.0, 1.0, 1.0, 1.0, 1.0, 1.0, 1.0, 169.8049326] 0.9897410693899484
[0.0, 1.0, 0.0, 1.0, 1.0, 1.0, 1.0, 1.0, 1.0, 0.0, 1, 0.0, 170.2122025] 0.9920149746921123
[0.0, 1.0, 0.0, 1.0, 1.0, 1.0, 1.0, 0.0, 0.0, 0.0, 0.0, 1.0, 171.4235804] 0.9987784468508312
[1.0, 1.0, 1.0, 1.0, 1.0, 1.0, 1, 1.0, 0.0, 0.0, 1.0, 0.0, 169.9594309] 0.9906036779538155
