[1.0, 1, 1, 0.0, 1, 0, 0.0, 1.0, 0, 0, 1.0, 1, 1.0, 0.0, 0, 0.0, 0, 0.0, 0.0, 0, 0, 0.0, 1.0, 1.0, 0, 0.0, 0.0, 1.0, 0.0, 0.0, 0.0, 4054.508] 0.939748759305211
[1.0, 0.0, 1.0, 0.0, 0.0, 0.0, 1.0, 0.0, 0.0, 0.0, 0.0, 1.0, 1.0, 0.0, 0.0, 0.0, 0.0, 0.0, 0.0, 0.0, 0.0, 0.0, 1.0, 0.0, 0.0, 0.0, 0.0, 0.0, 0.0, 0.0, 0.0, 1804.0] 0.7216
[1.0, 0.0, 1.0, 0, 1, 0.0, 0.0, 0.0, 1.0, 0.0, 0.0, 1.0, 1.0, 0, 0.0, 0.0, 0.0, 0.0, 0, 0, 1.0, 0.0, 0.0, 0, 0, 0.0, 1.0, 0.0, 0.0, 0, 0.0, 977.552] 0.38327746241749727
[1.0, 1.0, 1, 0.0, 1.0, 1.0, 1.0, 0.0, 1, 0.0, 0.0, 1.0, 1.0, 1.0, 1.0, 1.0, 0.0, 1.0, 1, 0, 1.0, 0.0, 0, 0, 0.0, 0.0, 0.0, 0.0, 0.0, 0, 0, 2111.172] 0.8075619803230161
[1, 1.0, 1.0, 0.0, 0.0, 0.0, 0.0, 1.0, 1.0, 0, 1, 1.0, 1.0, 0, 0, 0, 0.0, 0.0, 0.0, 0.0, 0, 0, 1.0, 1.0, 0.0, 0.0, 0.0, 1, 0.0, 0, 0.0, 4035.722] 0.9384709252971137
[1.0, 0.0, 1.0, 1.0, 0.0, 1.0, 0.0, 0.0, 1.0, 0.0, 0.0, 1.0, 1.0, 0.0, 0.0, 0.0, 0.0, 1.0, 1.0, 0.0, 1.0, 0.0, 0.0, 0.0, 1.0, 1.0, 0.0, 0.0, 0.0, 0.0, 0.0, 986.004] 0.3895737421594482
[1.0, 0.0, 0, 0.0, 1, 0, 1.0, 1, 1, 0, 0.0, 1.0, 1, 0, 1.0, 0.0, 0.0, 0, 0.0, 0.0, 1, 0.0, 0.0, 0.0, 0.0, 0, 0, 0.0, 0.0, 0.0, 0, 1198.378] 0.4793512
[1.0, 0.0, 1.0, 1.0, 1, 1.0, 0, 0.0, 0.0, 0.0, 1.0, 1.0, 1.0, 1.0, 1, 1, 1.0, 0.0, 1, 0.0, 1.0, 0.0, 0.0, 0, 0, 1.0, 0.0, 0.0, 0.0, 0.0, 0.0, 997.692] 0.3982806656833386
[1.0, 1.0, 1.0, 1.0, 0.0, 1.0, 1.0, 1.0, 1.0, 0.0, 0.0, 1.0, 1.0, 1.0, 0.0, 1.0, 0.0, 1.0, 0.0, 0.0, 1.0, 0.0, 0.0, 0.0, 0.0, 1.0, 0.0, 0.0, 0.0, 0.0, 0.0, 2046.41] 0.8031568336162989
[1.0, 1.0, 1.0, 0.0, 1, 0, 0.0, 1.0, 0.0, 0.0, 0.0, 1.0, 1, 1.0, 0.0, 0.0, 0.0, 0, 0.0, 0.0, 1.0, 0.0, 0.0, 1.0, 0.0, 0, 0.0, 1.0, 0, 0.0, 0.0, 4727.22] 0.9855069979539419
[1.0, 1.0, 1.0, 0.0, 1.0, 1.0, 1.0, 1.0, 0.0, 0.0, 1.0, 1.0, 1.0, 0.0, 1.0, 1.0, 0.0, 1.0, 0.0, 0.0, 0.0, 1.0, 0.0, 0.0, 0.0, 0.0, 0.0, 1.0, 0.0, 0.0, 0.0, 3344.872] 0.8914789299551609
[1.0, 0.0, 0.0, 0.0, 0.0, 0.0, 0.0, 1.0, 1.0, 1.0, 1.0, 0.0, 1.0, 1.0, 1.0, 0.0, 0.0, 0.0, 0.0, 0.0, 1.0, 0.0, 0.0, 1.0, 0.0, 0.0, 0.0, 1.0, 0.0, 0.0, 0.0, 95.986] 0
[1.0, 1.0, 0.0, 0.0, 0.0, 1.0, 1.0, 1.0, 1.0, 0.0, 0.0, 1.0, 1.0, 1.0, 1.0, 0.0, 0.0, 0.0, 1.0, 0.0, 1.0, 0.0, 0.0, 0.0, 0.0, 1.0, 0.0, 1.0, 0.0, 0.0, 0.0, 1675.532] 0.6702128
[1, 0, 1.0, 0.0, 0.0, 0.0, 0.0, 1, 1.0, 0.0, 1, 1.0, 1.0, 0, 1.0, 0.0, 0, 0, 0, 0.0, 0.0, 0, 1, 1.0, 0.0, 0.0, 0, 1.0, 0.0, 0.0, 0.0, 4014.554] 0.9370310663445214
[1, 1, 1.0, 0.0, 1.0, 0.0, 0.0, 1.0, 0, 0.0, 0.0, 1.0, 1.0, 1, 0, 0.0, 0.0, 0.0, 0.0, 0.0, 1.0, 0.0, 0, 1, 0.0, 0.0, 0, 1.0, 0.0, 0, 0.0, 4727.22] 0.9855069979539419
[1, 0.0, 1.0, 1.0, 1, 1.0, 0.0, 0, 1.0, 0.0, 0.0, 1.0, 1, 1.0, 0, 1.0, 0.0, 0.0, 1.0, 0.0, 0.0, 0.0, 1, 0, 0.0, 1.0, 0.0, 1.0, 1.0, 0.0, 0.0, 1681.46] 0.6725840000000001
[1.0, 0.0, 1, 0.0, 1, 0.0, 0, 1.0, 1.0, 0.0, 0, 1.0, 1, 1.0, 0, 0.0, 0.0, 0, 0.0, 0.0, 0.0, 0.0, 1, 1, 0.0, 0, 0.0, 1.0, 0, 0.0, 0, 4042.632] 0.9389409472813548
[1.0, 1.0, 1.0, 0.0, 0.0, 1.0, 1.0, 1.0, 1.0, 0.0, 0.0, 1.0, 1.0, 1.0, 0.0, 1.0, 0.0, 0.0, 1.0, 0.0, 1.0, 0.0, 0.0, 0.0, 0.0, 1.0, 0.0, 1.0, 0.0, 0.0, 0.0, 3092.398] 0.8743055102085239
[1, 1.0, 0.0, 0, 1, 1.0, 0.0, 1.0, 0, 0.0, 0.0, 1, 1, 1, 1, 0.0, 0.0, 1, 0, 0.0, 0.0, 1, 0.0, 0.0, 0, 0.0, 0, 1.0, 0.0, 1.0, 0.0, 1443.912] 0.5775648
[1.0, 0.0, 0.0, 0.0, 1.0, 0.0, 0.0, 0.0, 1.0, 1.0, 0.0, 0.0, 1.0, 1.0, 1.0, 0.0, 1.0, 0.0, 0.0, 0.0, 1.0, 0.0, 0.0, 0.0, 0.0, 0.0, 0.0, 0.0, 0.0, 0.0, 0.0, 12.324] 0
[1.0, 1, 1, 1.0, 0.0, 1.0, 0.0, 1, 0, 0.0, 1, 1.0, 1.0, 0.0, 1.0, 1.0, 0.0, 0.0, 1, 0, 0, 1.0, 0.0, 0, 0, 0, 0, 1.0, 0.0, 1.0, 0.0, 3044.18] 0.8710256954420792
[1.0, 1.0, 1.0, 0.0, 0.0, 0.0, 0.0, 1.0, 1.0, 0.0, 1.0, 1.0, 1.0, 0.0, 1.0, 0.0, 0.0, 0.0, 0.0, 0.0, 1.0, 0.0, 0.0, 1.0, 0.0, 0.0, 0.0, 0.0, 0.0, 0.0, 0.0, 3670.28] 0.9136133603238867
[1.0, 0.0, 1, 0.0, 0.0, 0.0, 0.0, 1.0, 0.0, 0.0, 1, 1.0, 1.0, 1.0, 0, 0.0, 0.0, 0.0, 0.0, 0.0, 1.0, 0.0, 0, 1.0, 0.0, 1.0, 0.0, 1.0, 0, 0.0, 0.0, 4648.942] 0.9801824855252275
[1, 0, 1, 0.0, 1, 0, 0, 0, 0.0, 0, 0, 1, 1, 0, 0, 0, 0.0, 0, 0, 0, 0.0, 0, 1, 1, 0.0, 0, 0.0, 1, 0, 0, 0, 4018.112] 0.9372730834530495
[1, 0.0, 1.0, 1.0, 0.0, 1.0, 0.0, 1.0, 0, 0, 0.0, 1.0, 1, 0.0, 0.0, 0.0, 0.0, 1.0, 1.0, 0.0, 1.0, 0.0, 0.0, 0.0, 1.0, 1, 0, 0.0, 0.0, 0.0, 0.0, 1006.068] 0.40242720000000004
[1.0, 0.0, 1.0, 0, 0, 1, 1.0, 0.0, 0, 0.0, 0.0, 1.0, 1.0, 0.0, 0, 0, 0.0, 0.0, 0.0, 0.0, 1, 0.0, 0, 0.0, 0.0, 0.0, 0.0, 0.0, 0, 0.0, 0.0, 2013.986] 0.8009513353793914
[1, 1, 1, 0.0, 0, 0.0, 0, 1, 0.0, 0, 0.0, 1.0, 1, 1, 0.0, 0.0, 0.0, 0, 0.0, 0.0, 1.0, 0.0, 0.0, 1.0, 0, 1.0, 0.0, 1.0, 0, 0.0, 0.0, 4660.808] 0.9809896173436072
[1.0, 1.0, 0.0, 0.0, 0.0, 1.0, 0.0, 0.0, 1.0, 0.0, 0.0, 1.0, 1.0, 1.0, 1.0, 1.0, 0.0, 1.0, 0.0, 0.0, 0.0, 1.0, 0.0, 0.0, 0.0, 0.0, 0.0, 1.0, 1.0, 0.0, 0.0, 486.26] 0.017291675978485157
[1.0, 0.0, 1.0, 0.0, 1.0, 0.0, 0.0, 1.0, 1.0, 0.0, 0.0, 1.0, 1.0, 1.0, 0.0, 0.0, 0.0, 0.0, 0.0, 0.0, 0.0, 0.0, 1.0, 1.0, 0.0, 1.0, 0.0, 0.0, 0.0, 0.0, 0.0, 3266.118] 0.8861220397457664
[1.0, 1, 0, 0.0, 0, 0.0, 0.0, 1.0, 1.0, 0, 1.0, 1.0, 1.0, 1.0, 0, 0.0, 0.0, 0.0, 0.0, 0.0, 1.0, 0.0, 0.0, 1.0, 0.0, 0.0, 0.0, 1.0, 0.0, 0.0, 0.0, 3247.77] 0.8848739987375387
