[1, 0.0, 0.0, 0, 0.0, 0.0, 0, 0, 0, 0, 0, 1.0, 1, 0.0, 1.0, 0.0, 0.0, 0.0, 0.0, 0.0, 1.0, 0.0, 0.0, 1, 0, 0.0, 0, 0.0, 0.0, 0, 0.0, 2728.81] 0.8495740553306343
[1.0, 1.0, 1.0, 0, 0.0, 0.0, 0.0, 1.0, 0.0, 0.0, 1.0, 1.0, 1.0, 0, 1, 0, 0.0, 0.0, 0, 0.0, 1.0, 0.0, 0.0, 1.0, 0.0, 0.0, 0, 1, 0.0, 0.0, 0, 4685.064] 0.9826395237473337
[1.0, 1.0, 0.0, 0, 0.0, 1, 0, 1.0, 1.0, 0, 0, 1.0, 1, 1, 1.0, 1, 0.0, 0, 0, 0.0, 0.0, 1.0, 0.0, 0.0, 0.0, 0.0, 0, 1.0, 0.0, 0.0, 1.0, 698.912] 0.17570583590339503
[1, 1, 0.0, 0.0, 1.0, 1.0, 1.0, 1.0, 1.0, 0.0, 0, 1.0, 1.0, 1, 1.0, 1.0, 0, 0.0, 0.0, 0.0, 1.0, 0.0, 0.0, 0.0, 0.0, 0.0, 0.0, 0, 0.0, 0.0, 0.0, 1214.666] 0.48586640000000003
[1, 0.0, 1.0, 0.0, 0.0, 0.0, 0.0, 1.0, 1.0, 0, 0, 1.0, 1.0, 1.0, 1.0, 0.0, 0.0, 0.0, 0.0, 0.0, 1.0, 0.0, 0, 1.0, 0.0, 0.0, 0.0, 1.0, 0.0, 0.0, 0.0, 4659.682] 0.9809130262069566
[1, 1.0, 1.0, 0.0, 0.0, 0.0, 0, 1.0, 0, 0.0, 1, 1.0, 1.0, 0.0, 0, 0.0, 0, 0, 0.0, 0.0, 0.0, 0.0, 1.0, 1.0, 0, 1.0, 0.0, 1, 0, 0.0, 0.0, 4037.708] 0.9386060141047408
[1.0, 1.0, 1.0, 1.0, 0.0, 1.0, 0.0, 0.0, 1, 0, 1, 1.0, 1.0, 1, 1.0, 1.0, 0.0, 0.0, 1.0, 0.0, 0, 1.0, 0.0, 0, 0.0, 0.0, 1.0, 0.0, 0.0, 0.0, 0, 1327.704] 0.5310816
[1.0, 1.0, 0.0, 0, 1, 0.0, 0.0, 1.0, 0, 0.0, 0, 1.0, 1.0, 1.0, 1.0, 0.0, 0.0, 0.0, 0.0, 0, 0.0, 1.0, 0, 1.0, 0.0, 0, 0.0, 1, 0.0, 0.0, 0.0, 3516.602] 0.903160098602586
[1, 0.0, 0, 0.0, 1, 0.0, 0.0, 1.0, 1, 0, 0.0, 1.0, 1.0, 1, 1.0, 0, 0.0, 0.0, 0.0, 0.0, 0.0, 0.0, 1, 1.0, 0.0, 0, 0.0, 1.0, 0.0, 0.0, 0.0, 2899.016] 0.8611515606634452
[1.0, 1.0, 1.0, 1.0, 0.0, 1.0, 1.0, 1.0, 1.0, 0.0, 1.0, 1.0, 1.0, 1.0, 0.0, 1.0, 0.0, 0.0, 0.0, 0.0, 0.0, 0.0, 1.0, 0.0, 0.0, 0.0, 0.0, 1.0, 0.0, 0.0, 0.0, 2664.836] 0.845222508815463
[1, 0.0, 1.0, 0.0, 0.0, 0.0, 0.0, 1.0, 0.0, 0.0, 1.0, 1, 1.0, 1.0, 1.0, 0.0, 0.0, 0.0, 0.0, 0.0, 0.0, 0, 1.0, 1.0, 0.0, 0.0, 0.0, 1, 0.0, 0.0, 0.0, 3983.916] 0.9349470528057116
[1, 1.0, 1, 0.0, 0, 0.0, 0.0, 1.0, 0, 0.0, 0, 1.0, 1.0, 1.0, 0.0, 0, 0.0, 0.0, 0.0, 0.0, 1, 0, 0.0, 1.0, 0.0, 1, 0, 1, 0.0, 0, 0.0, 4660.808] 0.9809896173436072
[1.0, 1.0, 1.0, 1, 0.0, 0, 0.0, 1, 1, 0.0, 0, 1.0, 1.0, 0.0, 0.0, 0.0, 0, 1.0, 1, 0.0, 0, 1.0, 0.0, 1, 0.0, 0.0, 0.0, 0.0, 0.0, 0.0, 0.0, 4114.328] 0.9438177484654565
[1.0, 0.0, 0.0, 1.0, 1.0, 1, 0.0, 1, 0.0, 0.0, 1.0, 1.0, 1, 0, 0.0, 0.0, 0, 1.0, 1.0, 0.0, 0.0, 1.0, 0.0, 0, 1.0, 0, 0, 0.0, 0.0, 0.0, 0.0, 610.484] 0.10983179129605568
[1.0, 1.0, 0.0, 0.0, 0.0, 0.0, 0.0, 1.0, 0.0, 0.0, 0.0, 1.0, 1.0, 1.0, 1.0, 0.0, 0.0, 1.0, 0.0, 0.0, 0.0, 1.0, 0.0, 1.0, 0.0, 0.0, 0.0, 1.0, 0.0, 0.0, 0.0, 3468.242] 0.8998706249183754
[1.0, 1.0, 1.0, 1.0, 0.0, 0.0, 0.0, 1.0, 0.0, 0.0, 1.0, 1.0, 1.0, 0.0, 0, 0.0, 0.0, 1.0, 1.0, 0.0, 0.0, 1.0, 0.0, 1.0, 0.0, 0.0, 0.0, 0.0, 0.0, 0.0, 0.0, 4217.906] 0.9508631807496408
[1, 0.0, 1, 0, 0, 0.0, 1.0, 0.0, 0.0, 0.0, 0, 1.0, 1, 1, 0.0, 0.0, 0.0, 0, 0, 0.0, 0.0, 1, 0.0, 0.0, 0, 0, 0.0, 0, 0, 0.0, 0, 2126.714] 0.8086191556745462
[1, 0.0, 1, 0.0, 0.0, 0.0, 0, 0, 1, 0, 0, 1.0, 1, 0.0, 1, 0.0, 0.0, 0.0, 0.0, 0.0, 1.0, 0.0, 0, 0.0, 0, 0, 0, 0, 0.0, 1, 0.0, 1321.962] 0.5287848
[1.0, 1, 1, 0, 1, 0, 0.0, 1, 0, 0.0, 0.0, 1, 1, 1.0, 0, 0.0, 0.0, 0.0, 0, 0, 1.0, 0.0, 0, 1, 0, 0, 0, 1, 0.0, 0, 0.0, 4727.22] 0.9855069979539419
[1.0, 0.0, 0, 0.0, 1, 0, 1, 0, 0.0, 0.0, 0.0, 1.0, 1.0, 1, 1, 0, 0.0, 0.0, 0.0, 0.0, 0.0, 1.0, 0, 0.0, 0.0, 0.0, 0.0, 0.0, 0.0, 0.0, 0.0, 1484.698] 0.5938792
[1.0, 0.0, 1, 0, 0.0, 0.0, 0.0, 0.0, 0.0, 0, 0, 1.0, 1.0, 0.0, 0, 0.0, 0.0, 0.0, 0.0, 0, 0.0, 1.0, 0.0, 0.0, 0.0, 0.0, 0.0, 0, 0.0, 1, 0.0, 1436.668] 0.5746671999999999
[1, 0, 0.0, 0.0, 0, 0, 1, 0, 0, 0, 0, 1, 1.0, 0.0, 0.0, 0.0, 0.0, 0.0, 0.0, 0, 1, 0, 0, 0, 0.0, 0.0, 0.0, 1, 0.0, 0.0, 0.0, 1540.062] 0.6160248
[1, 0.0, 1.0, 0, 1.0, 0.0, 0.0, 1.0, 0.0, 0.0, 0, 1.0, 1.0, 0.0, 1.0, 0.0, 0.0, 0, 0.0, 0, 1.0, 0.0, 0.0, 1.0, 0.0, 1.0, 0.0, 1.0, 0.0, 0, 0.0, 4653.1] 0.9804653149623439
[1, 1, 1.0, 0.0, 1.0, 0, 0, 1.0, 0.0, 0, 0.0, 1.0, 1.0, 0, 1.0, 0.0, 0, 0.0, 0.0, 0.0, 0.0, 0.0, 1.0, 1.0, 0.0, 0.0, 0.0, 1, 0.0, 0.0, 0.0, 4080.452] 0.9415134843933656
[1.0, 0.0, 0.0, 0.0, 1, 0, 0.0, 1.0, 0, 0.0, 0, 1.0, 1.0, 1.0, 0.0, 0.0, 0.0, 1.0, 1.0, 0.0, 0.0, 0.0, 1.0, 0.0, 0.0, 0.0, 0, 0.0, 0.0, 1, 0, 512.216] 0.03662748253102622
[1.0, 1.0, 1.0, 1, 1.0, 1.0, 0, 1.0, 1, 0.0, 0.0, 1.0, 1, 1, 1.0, 1.0, 0.0, 0.0, 0.0, 0.0, 1.0, 0, 0.0, 0, 0.0, 0.0, 0.0, 0, 0.0, 1, 0, 1389.066] 0.5556264000000001
[1, 1, 1, 0.0, 0.0, 0.0, 0.0, 1.0, 1, 0.0, 0, 1, 1.0, 1.0, 0, 0.0, 0, 0, 0.0, 0.0, 1, 0, 0.0, 1.0, 0, 0, 0, 1.0, 0.0, 0, 0.0, 4728.254] 0.985577331200209
[1.0, 1.0, 0.0, 0.0, 1.0, 1, 0.0, 1.0, 1.0, 0.0, 0.0, 1, 1.0, 1.0, 1.0, 0, 0.0, 1.0, 0.0, 0, 1.0, 0.0, 0, 0.0, 0, 0.0, 0.0, 0.0, 0.0, 1.0, 0.0, 515.994] 0.03944188679807432
[1, 1.0, 1.0, 1.0, 0.0, 0.0, 0.0, 1, 0, 0.0, 0.0, 1.0, 1.0, 1.0, 0.0, 0.0, 0.0, 1.0, 1, 0.0, 0.0, 1.0, 0.0, 1.0, 0, 0.0, 0.0, 0.0, 0.0, 0.0, 0.0, 4318.426] 0.9577006061991207
[1.0, 1.0, 1.0, 0.0, 1.0, 1.0, 0.0, 1.0, 0.0, 0.0, 0.0, 1.0, 1.0, 1.0, 0.0, 1.0, 0.0, 1.0, 1.0, 0.0, 1.0, 0.0, 0.0, 0.0, 0.0, 0.0, 0.0, 1.0, 0.0, 1.0, 0.0, 2418.772] 0.8284851007792434
