[1, 0, 0.0, 0.0, 0, 0.0, 3, 0.0, 2, 8, 8.0, 64, 19541.8] 1.0
[1, 1.0, 0, 0.0, 0.0, 0, 4.0, 0.0, 3.0, 10.0, 8, 0, 14279.8] 0.5279799999999999
[1.0, 0.0, 0.0, 0, 0.0, 0, 3, 0, 2.0, 8.0, 8.0, 0.0, 19692.2] 1.0
[1.0, 0.0, 0, 0.0, 0, 0, 3, 0.0, 2.0, 8, 10.0, 128, 18761.2] 0.9761200000000001
[1.0, 0, 1.0, 1.0, 1, 1.0, 3.0, 0.0, 2.0, 8.0, 8.0, 0, 16305.0] 0.7305
[1, 0, 0, 0.0, 0, 0.0, 3, 0.0, 2.0, 8.0, 10.0, 0.0, 18819.2] 0.9819200000000001
[1.0, 1.0, 0.0, 0, 0.0, 0, 3, 0.0, 1, 8, 8.0, 0, 16061.2] 0.7061200000000001
[1.0, 0.0, 0, 0, 0.0, 0, 3, 0.0, 1, 8, 8, 0.0, 19673.8] 1.0
[1, 0, 0, 0.0, 0.0, 1, 4.0, 0.0, 1, 8, 8.0, 0.0, 17575.4] 0.8575400000000002
[1.0, 0, 1.0, 1.0, 1, 0, 3.0, 0, 1.0, 8, 10.0, 0, 15572.8] 0.6572799999999999
[1.0, 1.0, 0.0, 0.0, 0.0, 0.0, 4, 0.0, 1.0, 10.0, 8, 64, 14213.6] 0.52136
[1.0, 0, 0.0, 0, 0.0, 0, 3.0, 0.0, 1.0, 8, 8, 0, 19673.8] 1.0
[1, 0, 1, 0, 0, 0, 2, 0.0, 2, 8.0, 8, 0, 16868.0] 0.7867999999999999
[1.0, 0.0, 1.0, 1.0, 1.0, 0.0, 2, 0.0, 2.0, 10.0, 8.0, 0, 14628.6] 0.56286
[1.0, 0, 1.0, 1.0, 1.0, 1, 3.0, 0.0, 2.0, 8.0, 8, 0.0, 16305.0] 0.7305
[1.0, 0.0, 0.0, 0.0, 0.0, 1, 3.0, 0.0, 2.0, 8.0, 8, 64, 18670.4] 0.9670400000000001
[1.0, 0.0, 0.0, 0.0, 0.0, 0, 3, 0.0, 1.0, 8.0, 10.0, 128.0, 18822.0] 0.9822
[1, 0, 0, 0, 0, 0, 3, 0.0, 2.0, 8.0, 8.0, 0, 19692.2] 1.0
[1, 0, 0, 0.0, 0, 0.0, 4, 0.0, 1.0, 8.0, 8, 16, 18102.8] 0.91028
[1, 0.0, 0.0, 0.0, 0.0, 0.0, 4, 0.0, 1.0, 10.0, 8, 0, 17556.0] 0.8556
[1.0, 0, 0.0, 0.0, 0, 0.0, 3, 0, 1.0, 8.0, 8, 0.0, 19673.8] 1.0
[1, 0.0, 1.0, 1.0, 1.0, 1.0, 4.0, 0.0, 2.0, 8.0, 8, 128.0, 15895.6] 0.6895600000000001
[1.0, 0, 0, 0, 0.0, 0.0, 1, 0.0, 1, 8, 10.0, 0, 16104.4] 0.71044
[1, 0.0, 0, 0, 0.0, 0, 4.0, 0, 2, 8, 8.0, 32, 18805.0] 0.9804999999999999
[1.0, 0, 0.0, 0.0, 0.0, 0, 4, 0.0, 2, 8.0, 8, 0, 19707.8] 1.0
[1, 0, 0, 0.0, 0.0, 0, 4, 0.0, 2.0, 10, 8.0, 128.0, 17769.8] 0.8769799999999999
[1.0, 0.0, 0.0, 0, 0, 0, 3.0, 0, 2.0, 8.0, 10.0, 128.0, 18761.2] 0.9761200000000001
[1, 0.0, 1.0, 0.0, 0.0, 0.0, 2, 0.0, 2.0, 8.0, 8.0, 0.0, 16868.0] 0.7867999999999999
[1.0, 0.0, 0, 0.0, 0.0, 0, 4.0, 0.0, 2.0, 10.0, 8.0, 64.0, 17750.6] 0.8750599999999998
[1.0, 0, 0.0, 0.0, 0, 0.0, 4, 0.0, 2.0, 8.0, 8.0, 64, 19505.4] 1.0
