[0, 1, 0.0, 1.0, 1.0, 1, 1.0, 0, 0, 0.0, 1.0, 0, 170.2039185] 0.9919687227311322
[0.0, 1.0, 0.0, 1.0, 1, 1.0, 1, 1.0, 0, 1, 1, 0, 170.5539949] 0.9939233002290581
[0.0, 1.0, 0, 1.0, 1.0, 1, 1, 1, 0.0, 1, 1.0, 0.0, 170.5539949] 0.9939233002290581
[0, 1.0, 1, 1, 1, 1, 1.0, 1.0, 1.0, 0, 1, 1.0, 170.6282685] 0.9943379911572381
[0, 1.0, 1, 1, 1, 1, 1.0, 0.0, 0.0, 0.0, 0.0, 1.0, 171.5690527] 0.9995906606537368
[0.0, 1.0, 0.0, 1.0, 1, 1, 1.0, 0.0, 1.0, 1.0, 1, 0.0, 170.3049545] 0.9925328358563829
[0.0, 1, 1, 1.0, 1.0, 1.0, 1.0, 1.0, 1, 0.0, 1.0, 1.0, 170.6282685] 0.9943379911572381
[0.0, 1.0, 0.0, 1.0, 1, 1.0, 1.0, 1.0, 1.0, 0.0, 0, 0, 170.6651847] 0.9945441049479105
[0.0, 1.0, 0.0, 1.0, 1, 1.0, 1.0, 1.0, 1.0, 0.0, 0.0, 0.0, 170.6651847] 0.9945441049479105
[1, 1.0, 1.0, 1.0, 1.0, 1.0, 1.0, 0.0, 0.0, 1.0, 1, 1.0, 170.6573937] 0.9945006055481043
[0, 1.0, 1.0, 1.0, 1, 1.0, 1.0, 0.0, 0, 1.0, 0.0, 1.0, 170.6936717] 0.9947031560841294
[0, 1.0, 1.0, 1.0, 1, 1.0, 1.0, 1.0, 0.0, 1, 1.0, 0, 170.2567158] 0.9922635052829731
[0, 1.0, 1.0, 1.0, 1.0, 1.0, 1, 1.0, 1.0, 0, 1, 1.0, 170.6282685] 0.9943379911572381
[0, 1, 1.0, 1.0, 0.0, 1.0, 1, 1, 0.0, 0, 0.0, 0, 124.9785213] 0.7394622878447075
[0.0, 1.0, 1.0, 1, 1.0, 1.0, 1.0, 0, 0, 0.0, 0, 1.0, 171.5690527] 0.9995906606537368
[0.0, 1.0, 0, 1.0, 1.0, 1, 1.0, 1.0, 1.0, 0.0, 1, 1, 170.4742329] 0.9934779659809068
[0.0, 1.0, 0.0, 1, 1, 1.0, 1.0, 1.0, 0, 0.0, 1.0, 0.0, 170.735281] 0.9949354728055205
[1.0, 1.0, 1.0, 1.0, 1.0, 1.0, 1, 1.0, 0, 1, 0.0, 0.0, 170.0739989] 0.9912433441374896
[0, 1.0, 1.0, 1.0, 1, 1.0, 1, 0, 0, 1, 0, 1.0, 170.6936717] 0.9947031560841294
[0.0, 1.0, 1.0, 1.0, 1.0, 1, 1, 0.0, 0.0, 0.0, 0, 1.0, 171.5690527] 0.9995906606537368
[0.0, 1.0, 1, 1.0, 1, 1.0, 1, 0.0, 0, 0, 1, 0, 171.6423678] 1.0
[0.0, 1.0, 1.0, 1.0, 1.0, 1.0, 1.0, 0.0, 0.0, 0.0, 0, 1.0, 171.5690527] 0.9995906606537368
[0, 1.0, 1, 1.0, 1.0, 1, 0.0, 1.0, 1.0, 1, 1, 1, 125.6215169] 0.7430523177096892
[0, 1.0, 0, 1.0, 1.0, 1.0, 1.0, 1.0, 0, 0.0, 1, 0.0, 170.735281] 0.9949354728055205
[0, 1.0, 1.0, 1, 1, 1.0, 1.0, 1, 1.0, 0.0, 0.0, 1, 170.5469792] 0.9938841295527366
[0.0, 1.0, 0.0, 1.0, 1.0, 1.0, 1, 0.0, 1.0, 1, 1, 0, 170.3049545] 0.9925328358563829
[1.0, 1.0, 0.0, 1.0, 1, 1.0, 1.0, 0.0, 0.0, 1, 1.0, 0, 170.7705431] 0.9951323512788756
[1.0, 1.0, 0.0, 1.0, 1.0, 1.0, 1.0, 0.0, 0, 1, 1.0, 0.0, 170.7705431] 0.9951323512788756
[0, 1.0, 0.0, 1, 1.0, 1, 1.0, 1, 1, 0.0, 1, 1, 170.4742329] 0.9934779659809068
[1.0, 1.0, 0.0, 1.0, 1.0, 1.0, 1, 0, 0.0, 1.0, 1, 0.0, 170.7705431] 0.9951323512788756
