[0, 0, 0, 1, 0, 1, 1, 1, 0, 1, 0, 1] 0.8982373273500002
[0.0, 1.0, 0.0, 1.0, 0.0, 1.0, 1.0, 0.0, 1.0, 1.0, 1.0, 1.0] 0.9345745967932679
[1.0, 1.0, 0.0, 1.0, 0.0, 1.0, 1.0, 0.0, 0.0, 1.0, 1.0, 1.0] 0.933581678465965
[0, 1, 0, 1, 1, 0, 1, 1, 0, 0, 1, 1] 0.9234942895061601
[1.0, 1.0, 0.0, 1.0, 1.0, 0.0, 1.0, 1.0, 0.0, 1.0, 0.0, 1.0] 0.922172745105725
[1.0, 1.0, 1.0, 1.0, 1.0, 1.0, 1.0, 1.0, 0.0, 1.0, 1.0, 1.0] 0.9971573274829703
[1, 1, 1, 1, 0, 1, 1, 0, 1, 0, 1, 0] 0.9335144442280703
[0.0, 0.0, 0.0, 1.0, 1.0, 1.0, 1.0, 1.0, 1.0, 0.0, 0.0, 1.0] 0.9083938011607707
[0, 0, 1, 1, 0, 1, 1, 1, 1, 1, 0, 1] 0.8950910032500001
[1, 1, 0, 1, 1, 1, 1, 1, 1, 0, 0, 1] 0.9209499055669124
[1, 1, 1, 1, 1, 0, 1, 0, 1, 0, 0, 1] 0.9208774774749977
[0, 0, 0, 1, 0, 1, 1, 1, 1, 1, 0, 1] 0.8857562077500001
[1, 1, 0, 1, 0, 1, 1, 1, 0, 1, 0, 1] 0.9330102046124724
[0.0, 1.0, 0.0, 1.0, 0.0, 1.0, 1.0, 1.0, 1.0, 0.0, 0.0, 0.0] 0.9345860068014111
[0, 0, 0, 1, 1, 1, 1, 1, 1, 1, 0, 1] 0.9082887785291764
[1.0, 1.0, 0.0, 1.0, 0.0, 1.0, 0.0, 0.0, 1.0, 0.0, 1.0, 0.0] 0.5801611375500001
[1, 1, 0, 0, 1, 1, 0, 0, 0, 1, 1, 1] 0.31832890034999994
[0, 1, 0, 1, 1, 0, 1, 0, 1, 1, 0, 1] 0.9220922685640215
[0, 1, 0, 1, 0, 1, 1, 0, 1, 1, 0, 1] 0.9339709492404578
[0, 1, 0, 1, 1, 1, 0, 0, 0, 1, 0, 0] 0.9328343487552906
[0, 1, 0, 1, 1, 0, 0, 0, 0, 0, 1, 1] 0.9010088982569893
[0, 1, 1, 1, 1, 0, 1, 0, 1, 0, 0, 1] 0.9236935507874156
[1, 0, 0, 1, 1, 1, 1, 0, 0, 1, 0, 1] 0.905265936645941
[1.0, 1.0, 1.0, 1.0, 1.0, 0.0, 0.0, 1.0, 1.0, 0.0, 1.0, 0.0] 0.9015877326991417
[0.0, 1.0, 0.0, 1.0, 1.0, 1.0, 1.0, 0.0, 0.0, 0.0, 0.0, 1.0] 0.9996946117127078
[0.0, 1.0, 1.0, 1.0, 1.0, 1.0, 0.0, 1.0, 1.0, 0.0, 0.0, 1.0] 0.9346371576792022
[0, 0, 0, 1, 0, 1, 1, 1, 1, 1, 0, 1] 0.8857562077500001
[1, 0, 1, 1, 0, 1, 1, 1, 1, 1, 1, 0] 0.8889755202
[0.0, 0.0, 0.0, 1.0, 1.0, 1.0, 1.0, 0.0, 1.0, 0.0, 1.0, 0.0] 0.9074555254998147
[1, 1, 1, 1, 1, 0, 1, 1, 1, 1, 1, 0] 0.9219715436317558
