[0, 1, 0, 1, 1, 0, 1, 0, 0, 0, 0, 256, 5, 4] 0.43764800000000004
[0, 1, 0, 1, 1, 0, 0, 0, 0, 1, 0, 4096, 5, 6] 0.5290173333333333
[0, 1, 0, 1, 0, 0, 0, 1, 1, 0, 0, 1024, 4, 2] 0.8661336237985192
[0, 1, 0, 1, 0, 0, 0, 1, 0, 1, 0, 4096, 3, 4] 0.8959906972636413
[0, 1, 0, 1, 0, 0, 0, 1, 0, 1, 0, 1024, 5, 2] 0.8895700428338019
[0, 1, 0, 1, 0, 1, 0, 0, 0, 1, 0, 4096, 6, 4] 0.5367186666666667
[0, 1, 0, 1, 0, 0, 0, 1, 1, 0, 0, 4096, 4, 4] 0.9138690257150007
[0, 1, 0, 1, 1, 0, 1, 0, 0, 0, 0, 4096, 6, 4] 0.5029253333333334
[0, 1, 0, 1, 0, 0, 0, 1, 1, 0, 0, 4096, 4, 6] 0.9547792808042745
[0, 1, 0, 1, 0, 0, 0, 1, 0, 1, 0, 64, 5, 5] 0.9459222514977111
[0, 1, 0, 1, 0, 1, 0, 0, 0, 1, 0, 4096, 6, 5] 0.5695393333333334
[0, 1, 0, 1, 0, 1, 0, 0, 0, 1, 0, 1024, 5, 6] 0.5521666666666667
[0, 1, 0, 1, 0, 0, 0, 1, 1, 0, 0, 4096, 4, 6] 0.9547792808042745
[0, 1, 0, 1, 0, 0, 0, 1, 0, 1, 0, 4096, 0, 6] 0.8759120950292183
[0, 1, 0, 1, 0, 0, 1, 1, 0, 0, 0, 256, 5, 1] 0.865915774909107
[0, 1, 0, 1, 0, 0, 0, 1, 1, 0, 0, 4096, 2, 3] 0.8515041877033134
[0, 1, 0, 1, 0, 0, 0, 1, 0, 1, 0, 64, 5, 3] 0.9062796414325036
[0, 1, 0, 1, 0, 1, 0, 0, 0, 1, 0, 4096, 6, 5] 0.5695393333333334
[0, 1, 0, 1, 1, 0, 0, 0, 0, 1, 0, 4096, 6, 1] 0.41072333333333333
[0, 1, 0, 1, 0, 0, 1, 1, 0, 0, 0, 1024, 1, 6] 0.8929991021093071
[0, 1, 0, 1, 0, 0, 1, 1, 0, 0, 0, 1024, 3, 4] 0.8928318883671637
[0, 1, 0, 1, 0, 1, 0, 0, 0, 1, 0, 1024, 3, 5] 0.4618186666666667
[0, 1, 0, 1, 0, 0, 0, 1, 0, 1, 0, 1024, 1, 1] 0.6713006666666668
[0, 1, 0, 1, 0, 0, 0, 1, 1, 0, 0, 4096, 2, 4] 0.872404727909681
[0, 1, 0, 1, 0, 0, 1, 1, 0, 0, 0, 256, 1, 1] 0.6483220000000001
[0, 1, 0, 1, 0, 1, 0, 0, 0, 1, 0, 4096, 5, 2] 0.4437986666666667
[0, 1, 0, 1, 0, 1, 0, 0, 0, 1, 0, 4096, 5, 3] 0.47358933333333336
[0, 1, 0, 1, 0, 0, 0, 1, 0, 1, 0, 256, 2, 6] 0.9131218629023948
[0, 1, 0, 1, 0, 0, 0, 1, 0, 1, 0, 4096, 4, 4] 0.9168718077041965
[0, 1, 0, 1, 0, 0, 0, 1, 0, 1, 0, 64, 5, 5] 0.9459222514977111
