[1.0, 0.0, 0.0, 0.0, 0.0, 0, 4, 0, 1.0, 8, 8, 64, 19121.2] 0.8116857142857145
[1.0, 0.0, 0, 0.0, 0.0, 0.0, 3, 0.0, 2, 8.0, 10.0, 0, 18819.2] 0.7469714285714287
[1, 0.0, 0.0, 0, 0.0, 0.0, 4, 0, 2, 8.0, 8, 0, 19707.8] 0.9373857142857142
[1, 0.0, 0, 0, 0.0, 0, 4, 0.0, 2, 8.0, 8.0, 0, 19707.8] 0.9373857142857142
[1.0, 0.0, 0.0, 0.0, 0.0, 0.0, 4, 0.0, 2, 10, 8.0, 0, 17862.4] 0.5419428571428575
[1.0, 0, 0, 0.0, 0, 0.0, 3, 0.0, 2, 8.0, 8.0, 0, 19692.2] 0.9340428571428573
[1, 0.0, 0.0, 0.0, 0.0, 0.0, 3, 0.0, 1.0, 8, 8.0, 0.0, 19673.8] 0.9300999999999998
[1.0, 0.0, 0, 0, 0.0, 0, 4, 0, 2.0, 8, 8.0, 32.0, 18805.0] 0.7439285714285715
[1, 0, 0, 0, 0, 0, 3, 0.0, 1.0, 8.0, 8.0, 0, 19673.8] 0.9300999999999998
[1.0, 0.0, 1, 1.0, 1.0, 1, 3, 0, 2.0, 8.0, 8.0, 0, 16305.0] 0.35125000000000006
[1.0, 0.0, 0.0, 0.0, 0.0, 0, 4, 0.0, 2.0, 8.0, 8.0, 128, 19600.2] 0.9143285714285716
[1.0, 0, 0.0, 0, 0, 0, 2.0, 0.0, 2, 8, 10, 20.0, 15098.4] 0.049599999999999915
[1, 0.0, 0, 0.0, 0.0, 0, 3.0, 0.0, 2, 8.0, 10, 0, 18819.2] 0.7469714285714287
[1, 0.0, 0, 0, 0.0, 0.0, 4.0, 0.0, 1, 8, 8, 0, 19332.8] 0.8570285714285713
[1.0, 0, 0.0, 0.0, 0, 0, 3.0, 0.0, 2.0, 8, 8.0, 128, 19576.0] 0.9091428571428571
[1, 0.0, 1.0, 0.0, 0, 0.0, 1.0, 0.0, 2.0, 10, 8.0, 0, 15579.6] 0.1699000000000001
[1.0, 0, 1.0, 1.0, 1.0, 0.0, 3, 0, 1, 8.0, 10.0, 0.0, 15572.8] 0.16819999999999982
[1.0, 0, 1.0, 1, 1.0, 0, 3, 0, 1.0, 8, 8, 64, 15643.6] 0.1859000000000001
[1.0, 0, 0.0, 0, 0, 0, 3, 0.0, 2, 8, 8.0, 0, 19692.2] 0.9340428571428573
[1.0, 0.0, 0, 0.0, 0.0, 0, 4, 0.0, 1.0, 10, 10, 32.0, 16897.0] 0.4
[1.0, 0.0, 0.0, 0.0, 0.0, 0, 1, 0, 1, 8, 8.0, 0.0, 16846.2] 0.4
[1, 0, 1.0, 1, 1.0, 1.0, 3, 0.0, 2, 8, 8.0, 0, 16305.0] 0.35125000000000006
[1.0, 0.0, 1.0, 1.0, 1.0, 0, 2, 0, 1.0, 10.0, 8.0, 0.0, 15190.4] 0.07259999999999991
[1.0, 0, 0.0, 0.0, 0.0, 0, 4, 0.0, 2.0, 8, 8.0, 0.0, 19707.8] 0.9373857142857142
[1.0, 0.0, 0, 0.0, 0.0, 0, 2.0, 0, 1.0, 8.0, 10, 16.0, 15397.0] 0.12425
[1, 0.0, 1, 1.0, 1.0, 0.0, 3, 0.0, 2.0, 8, 8.0, 10.0, 15542.8] 0.16069999999999984
[1.0, 0.0, 0, 0, 0.0, 0.0, 4, 0.0, 2.0, 8, 8.0, 64, 19505.4] 0.894014285714286
[1.0, 0.0, 1.0, 0.0, 0.0, 0.0, 2.0, 0.0, 1.0, 8.0, 10.0, 128.0, 15540.0] 0.16000000000000003
[1, 0, 0.0, 0, 0, 0, 4, 0.0, 2, 8, 8, 0, 19707.8] 0.9373857142857142
[1.0, 0.0, 0.0, 0.0, 0, 0, 4.0, 0.0, 2, 8.0, 8.0, 0.0, 19707.8] 0.9373857142857142
