[1.0, 0, 0.0, 0, 0.0, 0.0, 3, 0, 1, 8, 8, 128, 19583.4] 0.9107285714285718
[1.0, 0.0, 0.0, 0.0, 0.0, 0, 4, 0.0, 2, 8.0, 8, 0.0, 19707.8] 0.9373857142857142
[1, 0, 0, 0, 0.0, 0, 4, 0, 2, 8.0, 8.0, 0, 19707.8] 0.9373857142857142
[1.0, 0, 0.0, 0.0, 0.0, 0, 4, 0, 2, 8.0, 8.0, 0.0, 19707.8] 0.9373857142857142
[1, 0.0, 0.0, 0, 0.0, 0, 4, 0.0, 2, 8, 8.0, 0, 19707.8] 0.9373857142857142
[1, 0, 0, 0, 0.0, 0, 4, 0.0, 2, 8.0, 8.0, 0, 19707.8] 0.9373857142857142
[1, 0, 1.0, 1.0, 1.0, 0, 1, 0.0, 2.0, 8.0, 8.0, 0, 16509.6] 0.4
[1, 0, 0, 0.0, 0.0, 0, 4, 0, 2, 8.0, 8, 0, 19707.8] 0.9373857142857142
[1, 0, 0, 0, 0.0, 0.0, 4, 0.0, 1, 8, 8.0, 0, 19332.8] 0.8570285714285713
[1.0, 0.0, 0.0, 0.0, 0.0, 0, 4, 0, 2.0, 8.0, 8.0, 0, 19707.8] 0.9373857142857142
[1.0, 0.0, 0, 0.0, 0.0, 0, 4, 0.0, 2, 8, 8, 0, 19707.8] 0.9373857142857142
[1.0, 0.0, 0.0, 0.0, 0.0, 0, 4, 0.0, 2.0, 8.0, 8.0, 0.0, 19707.8] 0.9373857142857142
[1.0, 0, 0, 0.0, 0.0, 0, 3, 0, 1, 8.0, 8, 0, 19673.8] 0.9300999999999998
[1, 0, 0, 0, 0.0, 0, 4, 0, 2, 8.0, 8.0, 0, 19707.8] 0.9373857142857142
[1.0, 0, 0, 0.0, 0, 0.0, 3, 0.0, 2.0, 8.0, 8, 0, 19692.2] 0.9340428571428573
[1, 0.0, 0, 0.0, 0.0, 0.0, 4, 0, 2, 8.0, 8, 0, 19707.8] 0.9373857142857142
[1.0, 0.0, 0.0, 0.0, 0.0, 0.0, 4.0, 0.0, 2.0, 8.0, 8, 0.0, 19707.8] 0.9373857142857142
[1, 0.0, 0, 0, 0, 0, 4, 0, 2, 8.0, 8, 0, 19707.8] 0.9373857142857142
[1, 0.0, 1.0, 1.0, 1.0, 0.0, 1.0, 0.0, 1.0, 8.0, 8.0, 0, 16523.4] 0.4
[1, 0, 0, 0.0, 0.0, 0, 4.0, 0.0, 2, 8, 8, 0, 19707.8] 0.9373857142857142
[1, 0.0, 0, 0, 0.0, 0.0, 4, 0, 2, 8, 8.0, 0.0, 19707.8] 0.9373857142857142
[1.0, 0, 0.0, 0.0, 0, 0, 4, 0, 2, 8.0, 8, 0, 19707.8] 0.9373857142857142
[1, 0.0, 0, 0.0, 0, 0, 4, 0.0, 2, 8, 8, 32, 18805.0] 0.7439285714285715
[1.0, 0.0, 0.0, 0, 0, 0, 4.0, 0, 2.0, 8, 8, 0.0, 19707.8] 0.9373857142857142
[1.0, 0, 0.0, 0, 0.0, 0.0, 4.0, 0.0, 2, 8.0, 8.0, 0.0, 19707.8] 0.9373857142857142
[1.0, 0, 0, 0, 0.0, 0, 4, 0.0, 2.0, 8, 8.0, 0.0, 19707.8] 0.9373857142857142
[1, 0.0, 0, 0, 0, 0, 4, 0.0, 2, 8, 8, 0.0, 19707.8] 0.9373857142857142
[1, 0, 1.0, 1, 1.0, 1, 3, 0.0, 2, 8.0, 8, 0, 16305.0] 0.35125000000000006
[1.0, 0, 0, 0.0, 0, 0, 4, 0, 2, 8.0, 8.0, 0, 19707.8] 0.9373857142857142
[1.0, 0.0, 0.0, 0, 0.0, 0.0, 4.0, 0, 2, 8.0, 8, 0.0, 19707.8] 0.9373857142857142
