[1, 1.0, 1.0, 1.0, 1.0, 1.0, 1.0, 0, 1.0, 0.0, 1.0, 1.0, 169.8158512] 0.9949010155412535
[1.0, 1.0, 1, 1.0, 1.0, 1.0, 1, 0.0, 1.0, 0.0, 0.0, 1.0, 169.9796426] 0.9953582628518317
[0.0, 1.0, 1.0, 1.0, 1.0, 1.0, 1.0, 0.0, 0.0, 0.0, 1.0, 1.0, 170.6176486] 0.99713934859646
[0.0, 1, 0, 1, 1.0, 1.0, 1.0, 1.0, 1.0, 0.0, 0.0, 1, 169.8426681] 0.9949758787843972
[1.0, 1.0, 0.0, 1.0, 1.0, 1.0, 1, 0.0, 1.0, 0.0, 1.0, 1.0, 170.3253386] 0.9963233230825741
[0, 1.0, 1.0, 1, 1.0, 1.0, 1.0, 0.0, 0.0, 0.0, 1.0, 0.0, 171.6423678] 1.0
[1.0, 1.0, 0.0, 1.0, 0, 1.0, 1, 1.0, 0.0, 1.0, 1.0, 1.0, 124.4139562] 0.8681550790396965
[1.0, 1.0, 0.0, 1.0, 1.0, 1.0, 1, 0.0, 1.0, 0.0, 0.0, 1.0, 170.3206944] 0.9963103581286157
[0.0, 1.0, 1.0, 1.0, 1.0, 1.0, 1, 0.0, 1.0, 1, 1.0, 1.0, 169.6930311] 0.9945581455223763
[0, 1, 1.0, 1.0, 1.0, 1.0, 1.0, 1, 0.0, 1.0, 1.0, 0.0, 170.2567158] 0.9961317526414866
[0.0, 1.0, 1.0, 1.0, 1.0, 1.0, 1.0, 0.0, 0, 0.0, 1.0, 0.0, 171.6423678] 1.0
[0.0, 1.0, 0, 1.0, 1.0, 1.0, 0.0, 1.0, 1.0, 0.0, 0.0, 0.0, 124.825187] 0.8693030891142601
[1.0, 1.0, 1.0, 1.0, 1.0, 1.0, 1.0, 1.0, 0.0, 1.0, 0.0, 0.0, 170.0739989] 0.9956216720687447
[1.0, 1.0, 0, 1.0, 1, 1.0, 1.0, 0.0, 0.0, 1.0, 0.0, 1.0, 170.3418882] 0.9963695236773009
[0.0, 1.0, 0, 1.0, 1.0, 1.0, 1, 0.0, 0, 0.0, 1.0, 0.0, 170.2039185] 0.9959843613655661
[0.0, 1.0, 1.0, 1.0, 1.0, 1.0, 1.0, 1.0, 1, 1.0, 0.0, 1.0, 170.2653241] 0.9961557839521882
[1.0, 1.0, 1.0, 1, 1.0, 1, 0.0, 0.0, 0.0, 0.0, 1.0, 1.0, 123.4025784] 0.8653316720779851
[1.0, 1, 0.0, 1.0, 1, 1, 0.0, 1.0, 1.0, 0, 1.0, 1, 123.5006385] 0.8656054209866582
[0.0, 1.0, 0.0, 1.0, 1.0, 1.0, 0.0, 0.0, 1.0, 0.0, 1.0, 1.0, 124.574384] 0.8686029363758689
[0, 1.0, 0.0, 1.0, 0.0, 1, 1, 1.0, 1, 1.0, 0.0, 1.0, 124.1549833] 0.8674321188474176
[1, 1.0, 0.0, 1.0, 1.0, 1.0, 1.0, 1.0, 0.0, 1.0, 0, 0.0, 170.4227512] 0.9965952644016325
[0, 1.0, 1, 1.0, 1, 1.0, 1.0, 0.0, 0.0, 1, 1, 1.0, 169.7748573] 0.994786575158394
[0, 1.0, 0.0, 1.0, 1.0, 1.0, 1, 1.0, 1.0, 1.0, 0.0, 1.0, 170.3034718] 0.9962622787573474
[0.0, 0.0, 0.0, 1, 1.0, 1.0, 1.0, 1.0, 1.0, 1.0, 1.0, 1, 105.0349133] 0.8140556864732771
[0.0, 1.0, 0.0, 1.0, 1.0, 1.0, 1.0, 0.0, 0.0, 0.0, 0.0, 1.0, 171.4235804] 0.9993892234254156
[1.0, 1.0, 0.0, 1.0, 0.0, 1.0, 1.0, 1, 0, 0.0, 0, 1.0, 124.3452616] 0.8679633081585559
[1.0, 1.0, 1.0, 1.0, 1.0, 1, 1.0, 0.0, 0.0, 1, 0.0, 1.0, 169.3840685] 0.9936956318744117
[1.0, 1, 1.0, 1, 1.0, 1, 1.0, 1.0, 0, 1, 1.0, 1, 169.6058099] 0.9943146549659405
[0.0, 1, 1.0, 1, 1.0, 1.0, 1, 1, 0, 0.0, 0.0, 1.0, 169.8334525] 0.9949501521081776
[1, 1, 0.0, 1.0, 1.0, 1.0, 1, 0.0, 1.0, 0.0, 1.0, 1, 170.3253386] 0.9963233230825741
