[1, 1.0, 0.0, 1.0, 1.0, 1.0, 1.0, 1.0, 0.0, 1.0, 0.0, 0, 170.4227512] 0.9965952644016325
[1.0, 1.0, 1, 1.0, 1.0, 1.0, 1, 0.0, 1.0, 0.0, 0.0, 1.0, 169.9796426] 0.9953582628518317
[0.0, 1, 0.0, 1.0, 1.0, 1.0, 1.0, 1, 0, 0.0, 1.0, 0.0, 170.735281] 0.9974677364027602
[0.0, 1, 0, 1, 1.0, 1.0, 1.0, 1.0, 1.0, 0.0, 0.0, 0, 170.6651847] 0.9972720524739552
[1.0, 1.0, 0.0, 1.0, 1.0, 1.0, 1, 0.0, 1.0, 0.0, 1.0, 1.0, 170.3253386] 0.9963233230825741
[0, 1.0, 1.0, 1, 1.0, 1.0, 1.0, 0.0, 0.0, 0.0, 1.0, 0.0, 171.6423678] 1.0
[1.0, 1.0, 0, 1, 1.0, 1, 1, 0.0, 0, 1.0, 1, 0, 170.7705431] 0.9975661756394378
[0, 1.0, 0.0, 1.0, 1.0, 1.0, 1, 0.0, 0.0, 0.0, 0, 1.0, 171.4235804] 0.9993892234254156
[0.0, 1.0, 1.0, 1, 1, 1.0, 1, 0.0, 1.0, 0, 1, 1.0, 169.8946455] 0.9951209811912443
[0, 1, 1.0, 1, 1.0, 1, 1.0, 0, 0.0, 0, 1.0, 0, 171.6423678] 1.0
[0.0, 1.0, 1.0, 1.0, 1.0, 1.0, 1.0, 0.0, 0, 0.0, 1.0, 0.0, 171.6423678] 1.0
[0.0, 1.0, 0, 1.0, 1.0, 1.0, 1, 1.0, 1.0, 0.0, 0.0, 0.0, 170.6651847] 0.9972720524739552
[1.0, 1.0, 1.0, 1.0, 1.0, 1.0, 1.0, 1.0, 0.0, 1.0, 0.0, 0.0, 170.0739989] 0.9956216720687447
[1.0, 1.0, 0, 1.0, 1, 1.0, 1.0, 0.0, 0.0, 1.0, 1, 0.0, 170.7705431] 0.9975661756394378
[0.0, 1.0, 1, 1, 1.0, 1.0, 1, 0.0, 0, 0.0, 1.0, 0, 171.6423678] 1.0
[0.0, 1.0, 1.0, 1.0, 1.0, 1.0, 1.0, 1.0, 1, 0, 0.0, 1.0, 170.5469792] 0.9969420647763683
[0, 1.0, 1, 1, 1.0, 1.0, 0.0, 1, 1.0, 0.0, 1, 1.0, 125.5577307] 0.8713480904800581
[1.0, 1.0, 0.0, 1, 1, 1.0, 1, 0.0, 1.0, 0, 1.0, 1.0, 170.3253386] 0.9963233230825741
[0.0, 1.0, 1, 1.0, 1.0, 1.0, 0.0, 1.0, 0.0, 1, 1.0, 1, 125.9674156] 0.8724917849518647
[0, 1.0, 0.0, 1.0, 0.0, 1, 1, 1.0, 1, 1.0, 1, 1.0, 124.2262843] 0.8676311658699812
[1, 1.0, 0.0, 1.0, 1.0, 1.0, 1.0, 1.0, 0.0, 1.0, 0, 0.0, 170.4227512] 0.9965952644016325
[1, 1.0, 1, 1.0, 1, 1.0, 1.0, 0, 0.0, 1, 1, 1.0, 170.6573937] 0.9972503027740521
[0, 1.0, 0.0, 1.0, 1, 1, 1, 0, 1.0, 1.0, 0, 1.0, 171.1972303] 0.9987573344832972
[0.0, 1.0, 1.0, 1, 1.0, 1.0, 1.0, 1.0, 1.0, 1.0, 1.0, 0.0, 170.2764871] 0.9961869470763081
[0.0, 1.0, 1, 1, 1, 1.0, 1.0, 0, 0.0, 0.0, 0.0, 1.0, 171.5690527] 0.9997953303268684
[1, 1.0, 0.0, 1.0, 1, 1.0, 1.0, 0, 0.0, 0.0, 0, 1.0, 170.1596611] 0.9958608104518847
[1.0, 1.0, 1.0, 1.0, 1.0, 1.0, 1.0, 0.0, 0.0, 1, 1.0, 1.0, 170.6573937] 0.9972503027740521
[0, 1.0, 1.0, 1, 1.0, 1.0, 1.0, 0, 0, 0, 1.0, 0.0, 171.6423678] 1.0
[0.0, 1, 1.0, 1, 1.0, 1.0, 1, 1, 0, 0.0, 0.0, 1.0, 169.8334525] 0.9949501521081776
[0, 1, 0.0, 1.0, 1.0, 1.0, 1, 0.0, 1, 0, 0.0, 1, 170.4570768] 0.9966910892635238
