[1, 0, 1, 0, 0, 0, 3, 0, 2, 64, 128, 64] 0.08264549010311723
[1, 0, 1, 0, 0, 0, 4, 0, 4, 32, 128, 10] 0.06503733554581013
[1, 0, 0, 0, 0, 1, 4, 0, 2, 64, 128, 64] 0.07798980680336613
[1, 0, 0, 0, 0, 0, 1, 0, 2, 64, 32, 128] 0.08459879103946899
[1, 1, 1, 1, 1, 1, 2, 0, 4, 10, 16, 128] 0.1503757259689463
[1, 0, 0, 0, 0, 1, 2, 0, 3, 32, 128, 20] 0.03887637785942871
[1, 0, 0, 0, 0, 0, 2, 0, 1, 64, 0, 128] 0.18428351309707244
[1, 1, 0, 0, 0, 1, 2, 0, 1, 128, 0, 128] 0.12788431907075973
[1, 0, 1, 1, 1, 1, 2, 0, 1, 10, 64, 32] 0.10403697996918336
[1, 0, 0, 0, 0, 1, 3, 0, 3, 20, 20, 128] 0.0962617043972976
[1, 1, 1, 1, 1, 0, 2, 0, 1, 8, 128, 64] 0.08693137371103475
[1, 0, 0, 0, 0, 0, 4, 0, 2, 16, 128, 128] 0.181524238473391
[1, 0, 1, 1, 1, 0, 4, 0, 4, 32, 8, 0] 0.1652530520327131
[1, 0, 0, 0, 0, 0, 3, 1, 0, 0, 0, 0] 0.17986488088183
[1, 1, 0, 0, 0, 0, 3, 1, 0, 0, 0, 0] 0.16817352139386044
[1, 0, 0, 0, 0, 1, 2, 0, 1, 20, 64, 128] 0.12818774445893086
[1, 0, 1, 0, 0, 1, 3, 0, 1, 32, 10, 20] 0.15465212753348348
[1, 0, 1, 1, 1, 0, 4, 0, 1, 64, 64, 64] 0.09262059973924383
[1, 0, 0, 0, 0, 1, 3, 0, 1, 64, 128, 32] 0.1517411402157165
[1, 1, 1, 0, 0, 0, 4, 1, 0, 0, 0, 0] 0.16569870807158943
[1, 0, 1, 1, 1, 0, 3, 1, 0, 0, 0, 0] 0.18048121370155268
[1, 0, 1, 0, 0, 0, 2, 0, 3, 20, 128, 128] 0.08872347990992058
[1, 1, 1, 0, 0, 1, 3, 1, 0, 0, 0, 0] 0.1669787839279365
[1, 0, 1, 1, 1, 0, 2, 1, 0, 0, 0, 0] 0.17873651771956858
[1, 1, 0, 0, 0, 1, 2, 0, 1, 8, 10, 8] 0.3588479317292877
[1, 0, 0, 0, 0, 1, 2, 0, 1, 20, 10, 64] 0.24519615977243095
[1, 1, 1, 1, 1, 0, 3, 1, 0, 0, 0, 0] 0.16778475761526612
[1, 0, 0, 0, 0, 0, 3, 0, 4, 32, 8, 16] 0.14044802654972144
[1, 0, 1, 1, 1, 0, 1, 1, 0, 0, 0, 0] 0.1820647149460709
[1, 1, 0, 0, 0, 1, 3, 0, 2, 8, 128, 64] 0.08357473035439139
