[6.41497884e-01 4.64936978e-01 9.45746474e-01 6.89039104e-02
 1.97294739e-01 5.58949591e-02 3.24286920e+00 3.08988015e-01
 1.46607220e+00 1.27573800e+02 3.31551986e+00 7.51153174e+01] 0.16296787957804906
[  1.   0.   1.   1.   1.   0.   3.   0.   2.  16.  16. 128.] 0.18010193196633872
[ 1.  0.  0.  0.  0.  0.  3.  0.  2.  8. 32. 64.] 0.30735095413061514
[ 1.  0.  0.  0.  0.  1.  3.  0.  1. 10. 16. 16.] 0.27162261467346216
[8.97351325e-01 8.92312957e-01 7.24702939e-01 9.46967560e-01
 7.92322312e-01 3.19772627e-01 1.79520774e+00 4.32644950e-03
 3.51939011e+00 2.88205032e+01 6.81360817e+00 2.04287770e+00] 0.11672395401208963
[5.88300206e-01 6.86485648e-01 8.91714811e-01 3.99390992e-02
 1.59389392e-01 6.62629766e-02 3.16980379e+00 1.52560577e-01
 3.70738749e+00 1.76036787e+01 7.42384481e+00 4.85676880e+01] 0.20671802773497694
[ 1.  1.  1.  1.  1.  0.  4.  0.  3.  8. 10.  0.] 0.397060566552092
[ 1.  1.  0.  0.  0.  1.  2.  0.  4. 10. 16.  0.] 0.219917032120422
[ 0.8255327   0.52701557  0.88478631  0.2736513   0.14180005  0.71005698
  3.70397414  0.24829982  1.45875801  6.91949298  8.83328122 45.47884556] 0.44941
[  1.   0.   0.   0.   0.   0.   2.   0.   2. 128.   0.  32.] 0.2156216664691241
[9.82672632e-01 8.75775599e-01 1.67362109e-01 1.37225282e-01
 2.13689876e-01 2.90174377e-02 1.63122232e+00 1.16040252e-01
 9.59387481e-01 6.23013937e+00 9.91476440e+00 5.57719307e+01] 0.36711627355695153
[ 1.  0.  0.  0.  0.  0.  2.  0.  1. 16. 20.  0.] 0.2469408557544151
[ 1.  1.  0.  0.  0.  0.  2.  0.  4.  8. 10. 10.] 0.35301647505037337
[ 0.98966298  0.48355382  0.93098112  0.0981368   0.30193773  0.36722323
  3.22586966  0.05379837  3.95130467 12.37755929  5.52259414  5.00509154] 0.331454308403461
[ 1.  0.  0.  0.  0.  0.  3.  0.  3. 10.  8.  0.] 0.43411
[ 1.  0.  1.  1.  1.  0.  4.  0.  1. 16.  8. 16.] 0.2488277823871044
[ 1.  1.  0.  0.  0.  0.  4.  0.  2. 10. 16.  0.] 0.23761052506815217
[ 1.  0.  0.  0.  0.  1.  4.  0.  1.  8.  8. 32.] 0.8733299999999999
[ 1.  1.  1.  1.  1.  0.  1.  0.  2. 10.  8. 64.] 0.331293113665995
[ 1.  0.  1.  1.  1.  0.  3.  0.  2. 16.  8. 20.] 0.2699822211686619
[1. 0. 0. 0. 0. 0. 3. 0. 4. 8. 8. 8.] 0.6319300000000001
[ 1.  0.  0.  0.  0.  1.  2.  0.  1. 10.  8. 20.] 0.42921999999999993
[ 1.  0.  1.  1.  1.  0.  3.  0.  3. 16. 10.  0.] 0.24365058670143422
[ 1.  1.  0.  0.  0.  0.  3.  0.  4.  8. 20. 32.] 0.2245916795069338
[ 1.  0.  0.  0.  0.  0.  1.  0.  2. 16.  8. 10.] 0.2798435462842243
[3.74029815e-01 9.78616869e-01 9.61892430e-01 9.04713036e-01
 7.17794438e-01 9.47254506e-01 2.23634065e+00 2.99977139e-02
 9.00278211e-01 5.49963951e+00 6.16248290e+00 1.08407700e+02] 0.42445
[ 1.  0.  0.  0.  0.  0.  3.  0.  4. 20. 10. 16.] 0.19277942396586467
[  1.   1.   0.   0.   0.   0.   4.   0.   1.  10.  16. 128.] 0.230394690055707
[  1.   1.   1.   1.   1.   1.   2.   0.   2.  16.   8. 128.] 0.21134526490458694
[  1.   1.   1.   0.   0.   1.   3.   0.   2.   8.  10. 128.] 0.3604978072774683

