[1.0, 1.0, 0, 1.0, 0, 0.0, 0.0, 0.0, 1.0, 0.0, 0.0, 1.0, 0.0, 1.0, 1024.0, 0.0, 168.6404] 0.07131491712707119
[1.0, 1.0, 0.0, 1.0, 1.0, 0.0, 1.0, 1.0, 0.0, 0.0, 0.0, 1.0, 0.0, 1.0, 1024.0, 1.0, 168.7896] 0.08780110497237588
[1.0, 1.0, 0.0, 1.0, 1, 0.0, 1.0, 1.0, 0.0, 0.0, 1.0, 1.0, 1.0, 0.0, 2048.0, 1.0, 168.1454] 0.016618784530385674
[1.0, 1.0, 0.0, 1.0, 1.0, 0.0, 1.0, 1.0, 0.0, 0.0, 0.0, 1.0, 0.0, 1.0, 2048.0, 1.0, 168.3594] 0.0402651933701645
[1.0, 1.0, 1.0, 0.0, 0.0, 0.0, 0.0, 0.0, 1.0, 0.0, 1.0, 1.0, 0.0, 1.0, 1024.0, 0.0, 168.7456] 0.08293922651933598
[1.0, 1, 1.0, 0.0, 0, 0.0, 0.0, 0.0, 1.0, 0.0, 0.0, 1.0, 0.0, 1.0, 512.0, 0.0, 168.4422] 0.04941436464088495
[1.0, 1.0, 1.0, 0.0, 0.0, 0.0, 0.0, 0.0, 1.0, 0.0, 0.0, 1.0, 0.0, 1.0, 1024.0, 0.0, 168.651] 0.07248618784530443
[1.0, 1.0, 1.0, 0.0, 0.0, 0.0, 1.0, 0.0, 1.0, 0.0, 0.0, 1.0, 0.0, 1.0, 512.0, 0.0, 168.3766] 0.042165745856352625
[1.0, 1.0, 0.0, 1.0, 0.0, 0.0, 0, 1.0, 0.0, 0.0, 1.0, 1, 0.0, 1.0, 4096.0, 5.0, 168.5666] 0.0631602209944739
[1.0, 1.0, 0.0, 1.0, 0.0, 1.0, 1.0, 1.0, 0.0, 0.0, 0.0, 1.0, 0.0, 1.0, 4096.0, 9.0, 168.595] 0.06629834254143575
[1.0, 1.0, 1.0, 0.0, 0.0, 0.0, 1.0, 0.0, 1.0, 0.0, 0.0, 1.0, 0, 1.0, 1024.0, 0.0, 168.3896] 0.043602209944750996
[1.0, 1.0, 0.0, 1.0, 0.0, 0.0, 0.0, 1.0, 0, 0.0, 0.0, 1.0, 0.0, 1.0, 2048.0, 5.0, 168.282] 0.03171270718232108
[1.0, 1.0, 0.0, 1.0, 1.0, 0.0, 1.0, 0.0, 1.0, 0.0, 1.0, 1.0, 0.0, 1.0, 1024.0, 0.0, 168.908] 0.10319999999999255
[1.0, 1, 0.0, 1, 0.0, 0.0, 1.0, 1.0, 0.0, 0.0, 0.0, 1.0, 0.0, 1.0, 4096.0, 9.0, 168.316] 0.035469613259668235
[1.0, 1.0, 0.0, 1.0, 0.0, 0.0, 1.0, 0.0, 1.0, 0.0, 0.0, 1.0, 0.0, 1.0, 2048.0, 0.0, 168.5208] 0.05809944751381251
[1.0, 1.0, 0.0, 1.0, 0.0, 0.0, 1.0, 1.0, 0.0, 0.0, 0.0, 1.0, 0.0, 1.0, 2048.0, 9.0, 168.5728] 0.06384530386740282
[1.0, 1, 0.0, 1.0, 0.0, 0.0, 1.0, 1.0, 0.0, 0.0, 1.0, 1.0, 0.0, 1.0, 1024.0, 9.0, 168.6846] 0.0761988950276225
[1, 1.0, 1.0, 0.0, 0.0, 0.0, 0.0, 1.0, 0.0, 0.0, 1, 1.0, 0.0, 1.0, 512.0, 9.0, 168.5682] 0.06333701657458399
[1.0, 1.0, 0.0, 1.0, 1.0, 0.0, 1, 1.0, 0.0, 0.0, 1.0, 1.0, 0.0, 1.0, 2048.0, 9.0, 168.3182] 0.03571270718231882
[1.0, 1.0, 0.0, 1.0, 0.0, 1.0, 0.0, 1.0, 0.0, 0.0, 0.0, 1.0, 0.0, 1.0, 512.0, 1.0, 168.2682] 0.030187845303867672
[1.0, 1.0, 1.0, 0.0, 0.0, 0.0, 1.0, 1.0, 0.0, 0.0, 0.0, 1.0, 0, 1.0, 1024.0, 1.0, 168.6052] 0.0674254143646399
[1.0, 1.0, 1.0, 0.0, 0.0, 0.0, 0.0, 1.0, 0.0, 0.0, 1.0, 1.0, 0.0, 1.0, 1024.0, 1.0, 168.5302] 0.05913812154696161
[1.0, 1.0, 0.0, 1.0, 0.0, 1.0, 1.0, 1.0, 0.0, 0.0, 1.0, 1, 0.0, 1.0, 2048, 9.0, 168.678] 0.07546961325966761
[1.0, 1.0, 0.0, 1.0, 0.0, 0.0, 1.0, 1.0, 0.0, 0.0, 0.0, 1.0, 1.0, 0.0, 4096.0, 9.0, 168.581] 0.0647513812154678
[1.0, 1.0, 0.0, 1.0, 0.0, 0.0, 0.0, 1.0, 0.0, 0.0, 1.0, 1.0, 0.0, 1.0, 2048.0, 9.0, 168.8536] 0.09487292817679498
[1.0, 1.0, 0.0, 1.0, 0.0, 1.0, 1.0, 1.0, 0.0, 0.0, 0.0, 1.0, 0.0, 1.0, 1024, 1.0, 168.4534] 0.05065193370165555
[1.0, 1.0, 0.0, 1, 1.0, 0.0, 0.0, 1.0, 0.0, 0.0, 1.0, 1.0, 0.0, 1.0, 1024.0, 5.0, 168.8562] 0.09516022099447465
[1.0, 1.0, 0.0, 1.0, 0.0, 0.0, 0.0, 1.0, 0.0, 0.0, 1, 1.0, 0.0, 1.0, 1024.0, 9.0, 168.8482] 0.09427624309392109
[1.0, 1.0, 0.0, 1.0, 0.0, 1.0, 0.0, 0.0, 1.0, 0.0, 1.0, 1.0, 0.0, 1.0, 512.0, 0.0, 168.1368] 0.015668508287291615
[1.0, 1.0, 1.0, 0.0, 0.0, 0.0, 0.0, 1.0, 0.0, 0.0, 1.0, 1.0, 1.0, 0, 2048.0, 5.0, 168.3726] 0.041723756906077415
