[0.0, 1, 1, 1, 1, 1, 1, 0, 0.0, 0, 1, 0.0, 171.6423678] 1.0
[0, 1.0, 1, 1.0, 1.0, 1.0, 1, 0.0, 0, 0, 1, 0, 171.6423678] 1.0
[0.0, 1.0, 1, 1.0, 1.0, 1, 1.0, 0, 0.0, 0.0, 1, 0, 171.6423678] 1.0
[0, 1.0, 1, 1.0, 1.0, 1.0, 1.0, 0.0, 0, 0.0, 0.0, 1.0, 171.5690527] 0.977173482232452
[0, 1.0, 1, 1, 1, 1.0, 1, 0.0, 0, 0, 0.0, 1.0, 171.5690527] 0.977173482232452
[1, 1.0, 0.0, 1, 1, 1.0, 1.0, 0.0, 0.0, 1.0, 1, 0, 170.7705431] 0.6164344799999981
[1.0, 0.0, 0.0, 0.0, 0.0, 0.0, 1.0, 1.0, 1.0, 0.0, 0.0, 1.0, 14.48276925] 0
[0.0, 1.0, 0, 1.0, 1.0, 1.0, 1, 1.0, 0, 0, 1, 0, 170.735281] 0.5882247999999891
[0, 1.0, 1.0, 1.0, 1.0, 1.0, 1.0, 0.0, 0.0, 1.0, 0, 1.0, 170.6936717] 0.5549373600000082
[0.0, 1.0, 1.0, 1.0, 1.0, 1.0, 1.0, 0.0, 0.0, 0.0, 0.0, 1, 171.5690527] 0.977173482232452
[0.0, 1.0, 1.0, 1, 1.0, 1.0, 1.0, 1.0, 1, 0, 1.0, 1.0, 170.6282685] 0.5026147999999921
[0.0, 0.0, 1.0, 0.0, 1.0, 1.0, 0.0, 0.0, 1.0, 1.0, 1.0, 1.0, 30.01685548] 0
[0, 1.0, 1.0, 1.0, 1.0, 1.0, 1.0, 1.0, 1.0, 0.0, 1.0, 1.0, 170.6282685] 0.5026147999999921
[0, 1.0, 1.0, 1.0, 1.0, 1.0, 1.0, 1.0, 1.0, 0.0, 1.0, 1.0, 170.6282685] 0.5026147999999921
[0, 1.0, 1, 1, 1, 1.0, 1.0, 0.0, 0, 0, 0, 1.0, 171.5690527] 0.977173482232452
[0.0, 0.0, 0.0, 1.0, 0.0, 1.0, 0.0, 1.0, 0.0, 0.0, 1.0, 0.0, 53.28419185] 0
[0.0, 1.0, 0.0, 1.0, 1.0, 1.0, 1.0, 1, 0.0, 0.0, 1.0, 0, 170.735281] 0.5882247999999891
[1, 1.0, 0, 1, 1.0, 1.0, 1.0, 0, 0.0, 1.0, 1, 0, 170.7705431] 0.6164344799999981
[0, 1.0, 1, 1.0, 1, 1, 1.0, 0, 0.0, 0, 1, 0, 171.6423678] 1.0
[0.0, 1, 1, 1.0, 1, 1.0, 1, 0.0, 0.0, 0.0, 1, 0, 171.6423678] 1.0
[1.0, 0.0, 0.0, 0.0, 1.0, 0.0, 1.0, 0.0, 1.0, 0.0, 0.0, 1.0, 15.75333762] 0
[1.0, 0.0, 1.0, 1.0, 1.0, 0.0, 0.0, 0.0, 1.0, 0.0, 0.0, 1.0, 37.15987706] 0
[0.0, 1.0, 1.0, 1, 1.0, 1, 1.0, 0.0, 0.0, 0.0, 1.0, 0.0, 171.6423678] 1.0
[0.0, 1.0, 0.0, 0.0, 0.0, 1.0, 0.0, 1.0, 1.0, 0.0, 0.0, 0.0, 46.64127231] 0
[0, 1, 0.0, 1, 1.0, 1.0, 1.0, 0.0, 1, 1.0, 0.0, 1.0, 171.1972303] 0.8614072810000766
[0.0, 0.0, 1.0, 0.0, 0.0, 1.0, 1.0, 1.0, 1.0, 1.0, 0.0, 0.0, 34.18806648] 0
[0.0, 1.0, 1.0, 1.0, 1.0, 1.0, 1.0, 0.0, 0.0, 0.0, 1.0, 1, 170.6176486] 0.4941188799999964
[0.0, 0.0, 1.0, 1.0, 0.0, 1.0, 0.0, 0.0, 0.0, 1.0, 0.0, 0.0, 52.94990849] 0
[0, 1.0, 0.0, 1.0, 1.0, 1.0, 1, 0.0, 0, 0.0, 0, 1.0, 171.4235804] 0.9318809566731083
[0, 1.0, 0, 1.0, 1.0, 1.0, 1.0, 1, 0, 0, 1, 0.0, 170.735281] 0.5882247999999891
