[0.0, 1.0, 0.0, 1.0, 0.0, 0.0, 1.0, 1.0, 0.0, 0.0, 0.0, 4096.0, 6.0, 6.0, 4396.85] 1.0
[0.0, 1.0, 0.0, 1.0, 0.0, 0.0, 1.0, 1.0, 0.0, 0.0, 0.0, 4096.0, 6.0, 6.0, 4396.85] 1.0
[0.0, 1.0, 0.0, 1.0, 0.0, 0.0, 1.0, 1.0, 0.0, 0.0, 0.0, 4096.0, 5.0, 6.0, 4052.69] 0.5053800000000002
[0.0, 1.0, 0.0, 1.0, 1.0, 0.0, 1.0, 0.0, 0.0, 0.0, 0.0, 4096.0, 6.0, 6.0, 636.657] 0
[0.0, 1.0, 0.0, 1.0, 0.0, 0.0, 1.0, 1.0, 0.0, 0.0, 0.0, 4096.0, 6.0, 6.0, 4396.85] 1.0
[0.0, 1.0, 0.0, 1.0, 0.0, 0.0, 1.0, 1.0, 0.0, 0.0, 0.0, 1024.0, 0.0, 3.0, 1179.13] 0
[0.0, 1.0, 0.0, 1.0, 0.0, 0.0, 1.0, 1.0, 0.0, 0.0, 0.0, 4096.0, 6.0, 6.0, 4396.85] 1.0
[1.0, 1.0, 0.0, 1.0, 0.0, 0.0, 1.0, 0.0, 0.0, 0.0, 0.0, 256.0, 2.0, 0.0, 133.363] 0
[0.0, 1.0, 0.0, 1.0, 0.0, 0.0, 0.0, 1.0, 0.0, 1.0, 0.0, 1024.0, 6.0, 6.0, 4236.85] 0.8374396748793501
[0.0, 1.0, 0.0, 1.0, 0.0, 0.0, 0.0, 1.0, 0.0, 1.0, 0.0, 4096.0, 6.0, 6.0, 4392.68] 0.995763271526543
[0.0, 1.0, 0.0, 1.0, 0.0, 0.0, 0.0, 1.0, 0.0, 1.0, 0.0, 4096.0, 6.0, 6.0, 4392.68] 0.995763271526543
[0.0, 1.0, 0.0, 1.0, 0.0, 0.0, 0.0, 1.0, 0.0, 1.0, 0.0, 4096.0, 5.0, 6.0, 4044.75] 0.48950000000000005
[0.0, 1.0, 0.0, 1.0, 0.0, 0.0, 1.0, 1.0, 0.0, 0.0, 0.0, 4096.0, 6.0, 6.0, 4396.85] 1.0
[0.0, 1.0, 1.0, 1.0, 0.0, 0.0, 0.0, 0.0, 1.0, 0.0, 0.0, 64.0, 0.0, 1.0, 100.315] 0
[0.0, 1.0, 0.0, 1.0, 0.0, 0.0, 0.0, 1.0, 0.0, 1.0, 0.0, 256.0, 5.0, 6.0, 3974.93] 0.3495059101952439
[0.0, 1.0, 0.0, 1.0, 0.0, 0.0, 1.0, 1.0, 0.0, 0.0, 0.0, 1024.0, 6.0, 5.0, 3974.95] 0.3495461926761412
[0.0, 1.0, 0.0, 1.0, 0.0, 0.0, 1.0, 1.0, 0.0, 0.0, 0.0, 4096.0, 6.0, 6.0, 4396.85] 1.0
[0.0, 1.0, 0.0, 1.0, 0.0, 0.0, 0.0, 0.0, 1.0, 0.0, 1.0, 256.0, 3.0, 2.0, 214.181] 0
[0.0, 1.0, 0.0, 1.0, 0.0, 0.0, 1.0, 1.0, 0.0, 0.0, 0.0, 4096.0, 4.0, 1.0, 1948.43] 0
[0.0, 1.0, 0.0, 1.0, 0.0, 0.0, 0.0, 1.0, 1.0, 0.0, 0.0, 4096.0, 6.0, 6.0, 4341.18] 0.9434391668783337
[0.0, 1.0, 0.0, 1.0, 0.0, 0.0, 0.0, 1.0, 1.0, 0.0, 0.0, 256.0, 6.0, 5.0, 3921.21] 0.24130716650511747
[0.0, 1.0, 0.0, 1.0, 0.0, 0.0, 1.0, 1.0, 0.0, 0.0, 0.0, 4096.0, 6.0, 6.0, 4396.85] 1.0
[0.0, 1.0, 0.0, 1.0, 0.0, 0.0, 0.0, 1.0, 0.0, 1.0, 0.0, 4096.0, 6.0, 6.0, 4392.68] 0.995763271526543
[0.0, 1.0, 0.0, 1.0, 0.0, 0.0, 1.0, 1.0, 0.0, 0.0, 0.0, 4096.0, 6.0, 5.0, 4047.76] 0.49552000000000046
[0.0, 1.0, 0.0, 1.0, 0.0, 0.0, 0.0, 1.0, 1.0, 0.0, 0.0, 64.0, 5.0, 6.0, 3802.53] 0.0022709248605858735
[1.0, 1.0, 0.0, 1.0, 0.0, 0.0, 0.0, 0.0, 0.0, 1.0, 0.0, 256.0, 2.0, 2.0, 196.06] 0
[0.0, 1.0, 0.0, 1.0, 0.0, 0.0, 1.0, 1.0, 0.0, 0.0, 0.0, 4096.0, 6.0, 6.0, 4396.85] 1.0
[0.0, 1.0, 0.0, 1.0, 0.0, 0.0, 0.0, 1.0, 1.0, 0.0, 0.0, 1024.0, 6.0, 5.0, 3832.09] 0.061808431626783636
[0.0, 1.0, 0.0, 1.0, 0.0, 0.0, 0.0, 1.0, 1.0, 0.0, 0.0, 4096.0, 5.0, 6.0, 3991.87] 0.38362517151525055
[0.0, 1.0, 0.0, 1.0, 0.0, 0.0, 1.0, 1.0, 0.0, 0.0, 0.0, 4096.0, 5.0, 6.0, 4052.69] 0.5053800000000002
