[1.0, 0.0, 0, 1.0, 1.0, 0, 0.0, 0, 1.0, 0.0, 0.0, 0.0, 1024.0, 10, 421959.2] 0.8391840000000002
[1.0, 1.0, 1, 1.0, 1, 0, 0.0, 0.0, 0.0, 1, 0.0, 60.0, 1024.0, 10.0, 302905.4] 0.3253118461538462
[1.0, 1.0, 0.0, 1.0, 1, 0, 0.0, 0, 1, 0.0, 0.0, 0, 16, 10, 421525.0] 0.8305
[1.0, 1.0, 1, 1, 1, 0.0, 0.0, 0.0, 1.0, 0.0, 0, 80, 1.0, 10.0, 420028.0] 0.8005599999999999
[1.0, 1.0, 1, 1.0, 1.0, 0.0, 1.0, 0.0, 0.0, 0, 1.0, 10.0, 1.0, 8.0, 125727.0] 0.17404909090909093
[1, 1, 1.0, 1.0, 1, 0.0, 0.0, 0.0, 1, 0.0, 0.0, 70, 512, 10.0, 415770.0] 0.7154
[1.0, 0, 1.0, 0.0, 1, 0.0, 0.0, 0.0, 0.0, 1.0, 0.0, 100.0, 128.0, 10.0, 302522.4] 0.32501723076923084
[1, 0.0, 1.0, 1.0, 1.0, 0, 0, 0.0, 1.0, 0.0, 0.0, 40, 1, 10.0, 419926.6] 0.7985319999999996
[1, 0, 1, 1.0, 1.0, 0.0, 0, 0.0, 1, 0, 0, 50, 2, 10.0, 418131.8] 0.7626359999999998
[1.0, 0.0, 1.0, 1, 1.0, 0.0, 0.0, 0.0, 1.0, 0.0, 0.0, 70, 16, 10.0, 417454.8] 0.7490959999999998
[1.0, 1, 0.0, 1.0, 1.0, 0, 0.0, 0.0, 1, 0, 1, 0, 2, 10.0, 421628.6] 0.8325719999999995
[1.0, 0, 1, 1.0, 1.0, 0.0, 1.0, 0, 0.0, 0.0, 0.0, 0, 512, 8.0, 132003.4] 0.18546072727272728
[1.0, 1, 1.0, 1.0, 1.0, 0.0, 1.0, 0.0, 0.0, 0.0, 1, 0, 1024.0, 10.0, 131680.2] 0.18487309090909093
[1, 1, 1, 1, 1.0, 0, 1.0, 0.0, 0.0, 0.0, 1.0, 10, 1.0, 8, 125727.0] 0.17404909090909093
[1.0, 1, 1.0, 1, 1, 0.0, 0.0, 0, 1, 0, 0.0, 50, 128, 10, 416137.2] 0.7227440000000003
[1, 0.0, 1.0, 1.0, 1, 0.0, 0.0, 0.0, 1, 0, 1, 60, 8.0, 10.0, 417715.4] 0.7543080000000004
[1.0, 0, 1, 1.0, 1, 0, 0.0, 0.0, 1, 0.0, 0.0, 50.0, 512, 10, 416239.0] 0.72478
[1, 1, 1, 1.0, 1.0, 0.0, 0.0, 0.0, 1.0, 0.0, 1.0, 10, 4096.0, 10.0, 416379.4] 0.7275880000000006
[1.0, 0.0, 1.0, 0.0, 1, 0, 0.0, 0.0, 0.0, 1.0, 0, 0, 64, 10.0, 302027.4] 0.3246364615384616
[1.0, 1, 1.0, 1.0, 1.0, 0.0, 0.0, 0.0, 1.0, 0.0, 0.0, 90.0, 1, 10, 420064.8] 0.8012959999999998
[1.0, 0.0, 1.0, 0.0, 1.0, 0, 0.0, 0.0, 0, 1, 1.0, 40.0, 1024.0, 10.0, 303744.6] 0.3259573846153846
[1.0, 1, 0.0, 0, 1, 0, 0.0, 0.0, 0.0, 1.0, 0, 60.0, 256.0, 10, 303476.4] 0.3257510769230769
[1, 0, 0, 1.0, 1.0, 0.0, 0.0, 0.0, 1.0, 0, 0, 80, 128, 10.0, 416856.0] 0.73712
[1, 0.0, 0.0, 0, 1, 0, 0, 0, 0.0, 1.0, 1.0, 40, 512, 10.0, 303522.4] 0.3257864615384616
[1.0, 1.0, 1, 1.0, 1.0, 0.0, 0.0, 0.0, 1.0, 0.0, 0, 10, 1.0, 10, 420823.8] 0.8164759999999998
[1.0, 1, 0, 1, 1.0, 0.0, 0, 0.0, 1.0, 0.0, 0, 0, 8, 10.0, 421809.2] 0.8361840000000003
[1, 1.0, 1, 1, 1.0, 0.0, 0.0, 0.0, 1, 0.0, 0.0, 0, 8, 10.0, 421580.4] 0.8316080000000006
[1.0, 1, 1.0, 1.0, 1.0, 0, 0.0, 0, 0, 1.0, 1.0, 50, 64, 10, 303666.6] 0.32589738461538464
[1, 0.0, 1.0, 0.0, 1.0, 0.0, 0.0, 0.0, 0.0, 1.0, 0.0, 20.0, 16, 10.0, 301848.6] 0.3244989230769231
[1.0, 1.0, 0, 1.0, 1.0, 0, 0.0, 0.0, 0.0, 1, 0.0, 60, 128, 10, 304211.0] 0.32631615384615387
