[1.0, 0.0, 1, 1.0, 1.0, 0, 1, 0, 0.0, 0.0, 0.0, 0, 4, 8.0, 132074.2] 0.18558945454545459
[1, 1.0, 1.0, 1.0, 1.0, 0, 0.0, 0.0, 1.0, 0.0, 1, 50.0, 16, 10.0, 416673.8] 0.7334759999999998
[1, 0, 1.0, 1.0, 1, 0.0, 0.0, 0.0, 1, 0, 1, 0, 1024.0, 10, 422519.2] 0.8503840000000003
[1.0, 1.0, 0, 1.0, 1, 0.0, 0, 0.0, 1.0, 0.0, 1, 40, 1, 10.0, 421557.6] 0.8311519999999996
[1.0, 1.0, 1.0, 1.0, 1, 0.0, 0.0, 0.0, 1.0, 0.0, 0, 0, 2, 10.0, 421697.4] 0.8339480000000006
[1.0, 0.0, 0, 1.0, 1, 0.0, 0.0, 0.0, 1.0, 0.0, 0, 0, 1024, 10.0, 421959.2] 0.8391840000000002
[1.0, 0.0, 1.0, 1.0, 1.0, 0.0, 0, 0.0, 1, 0.0, 0.0, 60, 4.0, 10.0, 417534.2] 0.7506840000000002
[1, 1.0, 0.0, 1.0, 1, 0, 0, 0, 1, 0.0, 0, 50, 2, 10, 417250.8] 0.7450159999999997
[1, 0.0, 1, 0.0, 1.0, 0, 0.0, 0, 0, 1.0, 1, 50, 4096.0, 10, 302798.6] 0.3252296923076923
[1.0, 0, 0.0, 1.0, 1.0, 0.0, 0, 0, 1, 0, 0, 30, 1024.0, 10.0, 416600.4] 0.7320080000000004
[1.0, 0.0, 1, 0.0, 1, 0.0, 0.0, 0.0, 0.0, 1, 0.0, 80.0, 16.0, 10.0, 301979.4] 0.3245995384615385
[1.0, 1, 1.0, 1.0, 1.0, 0.0, 0.0, 0.0, 0.0, 1.0, 0.0, 100.0, 512.0, 10.0, 303810.0] 0.32600769230769233
[1.0, 1.0, 1.0, 1.0, 1.0, 0, 0.0, 0.0, 1, 0.0, 0, 20, 2, 10.0, 419684.4] 0.7936880000000004
[1, 0, 0.0, 1.0, 1, 1.0, 0.0, 0, 0.0, 0.0, 1.0, 40, 1.0, 10, 125510.2] 0.17365490909090908
[1, 0.0, 1.0, 1.0, 1, 0.0, 0, 0.0, 1, 0.0, 1, 0, 512.0, 10.0, 421243.0] 0.8248599999999999
[1.0, 1, 1.0, 1.0, 1.0, 0, 0.0, 0.0, 1, 0.0, 1.0, 50, 1024, 10.0, 416717.2] 0.7343440000000003
[1.0, 0.0, 1, 1, 1.0, 0.0, 0.0, 0.0, 1.0, 0, 1.0, 0, 1024.0, 10, 422519.2] 0.8503840000000003
[1.0, 0.0, 1, 0, 1.0, 0, 0.0, 0, 0, 1.0, 0.0, 80.0, 8.0, 10.0, 303067.0] 0.3254361538461539
[1.0, 0, 1.0, 0.0, 1.0, 0.0, 0.0, 0.0, 0.0, 1.0, 1.0, 40.0, 1024, 10.0, 303744.6] 0.3259573846153846
[1.0, 0, 1.0, 0.0, 1.0, 0.0, 0.0, 0.0, 0.0, 1.0, 1.0, 100.0, 4096, 10.0, 303869.6] 0.32605353846153845
[1.0, 1.0, 0.0, 1.0, 1, 0.0, 0.0, 0.0, 1.0, 0.0, 1.0, 80.0, 16.0, 8, 125607.8] 0.17383236363636367
[1, 1.0, 0.0, 1.0, 1, 1.0, 0.0, 0, 0, 0.0, 1, 20, 2, 10.0, 118097.8] 0.1601778181818182
[1.0, 1, 0.0, 1.0, 1, 0, 0, 0.0, 1, 0, 0.0, 90, 2048.0, 10.0, 418820.0] 0.7764
[1.0, 0, 1, 1.0, 1, 0.0, 1, 0, 0.0, 0, 1, 0, 1.0, 10.0, 131540.8] 0.18461963636363635
[1.0, 1, 0, 1.0, 1, 0.0, 0, 0.0, 1.0, 0.0, 1.0, 40, 1, 10.0, 421557.6] 0.8311519999999996
[1, 0.0, 1, 1, 1, 0.0, 0, 0.0, 1, 0, 0, 0, 2048, 10.0, 422252.6] 0.8450519999999996
[1, 0.0, 0.0, 1.0, 1.0, 0.0, 0.0, 0.0, 1.0, 0.0, 0.0, 0, 1, 10.0, 420952.4] 0.8190480000000004
[1, 0, 0, 0.0, 1, 0.0, 0.0, 0.0, 0.0, 1.0, 1.0, 60, 512, 10.0, 303272.4] 0.32559415384615387
[1.0, 1.0, 0.0, 1.0, 1, 0, 0, 0.0, 1, 0.0, 1.0, 0, 2.0, 10.0, 421628.6] 0.8325719999999995
[1.0, 1.0, 0.0, 1.0, 1.0, 0.0, 0, 0.0, 1.0, 0.0, 0, 0, 1.0, 10.0, 421349.8] 0.8269959999999998
