[0.0, 1.0, 0.0, 1.0, 0.0, 0.0, 0.0, 1.0, 0.0, 1.0, 0.0, 4096.0, 6.0, 6.0, 4392.68] 0.9998560505376529
[0.0, 1.0, 0.0, 1.0, 0.0, 0.0, 1.0, 1.0, 0.0, 0.0, 0.0, 4096.0, 6.0, 6.0, 4396.85] 1.0
[0.0, 1.0, 0.0, 1.0, 0.0, 0.0, 0.0, 1.0, 0.0, 1.0, 0.0, 4096.0, 6.0, 6.0, 4392.68] 0.9998560505376529
[0.0, 1.0, 0.0, 1.0, 0.0, 0.0, 0.0, 1.0, 1.0, 0.0, 0.0, 1024.0, 6.0, 6.0, 4175.8] 0.9923692976854169
[0.0, 1.0, 0.0, 1.0, 0.0, 0.0, 0.0, 1.0, 0.0, 1.0, 0.0, 4096.0, 6.0, 6.0, 4392.68] 0.9998560505376529
[0.0, 1.0, 0.0, 1.0, 0.0, 0.0, 1.0, 1.0, 0.0, 0.0, 0.0, 4096.0, 6.0, 6.0, 4396.85] 1.0
[0.0, 1.0, 0.0, 1.0, 0.0, 0.0, 1.0, 0.0, 0.0, 0.0, 1.0, 4096.0, 6.0, 6.0, 488.199] 0
[0.0, 1.0, 0.0, 1.0, 0.0, 0.0, 0.0, 1.0, 0.0, 1.0, 0.0, 4096.0, 6.0, 6.0, 4392.68] 0.9998560505376529
[0.0, 1.0, 0.0, 1.0, 0.0, 0.0, 1.0, 1.0, 0.0, 0.0, 0.0, 4096.0, 5.0, 5.0, 3697.89] 0.9758717227333138
[0.0, 1.0, 0.0, 1.0, 0.0, 0.0, 1.0, 1.0, 0.0, 0.0, 0.0, 4096.0, 6.0, 6.0, 4396.85] 1.0
[0.0, 1.0, 0.0, 1.0, 0.0, 1.0, 0.0, 0.0, 0.0, 1.0, 0.0, 4096.0, 4.0, 6.0, 611.526] 0.1564456198990767
[0.0, 1.0, 0.0, 1.0, 0.0, 0.0, 1.0, 1.0, 0.0, 0.0, 0.0, 4096.0, 6.0, 6.0, 4396.85] 1.0
[0.0, 1.0, 0.0, 1.0, 0.0, 0.0, 1.0, 1.0, 0.0, 0.0, 0.0, 4096.0, 6.0, 6.0, 4396.85] 1.0
[0.0, 1.0, 0.0, 1.0, 0.0, 0.0, 1.0, 1.0, 0.0, 0.0, 0.0, 4096.0, 6.0, 6.0, 4396.85] 1.0
[0.0, 1.0, 0.0, 1.0, 0.0, 0.0, 1.0, 1.0, 0.0, 0.0, 0.0, 4096.0, 6.0, 6.0, 4396.85] 1.0
[0.0, 1.0, 0.0, 1.0, 0.0, 0.0, 1.0, 1.0, 0.0, 0.0, 0.0, 4096.0, 6.0, 6.0, 4396.85] 1.0
[0.0, 1.0, 0.0, 1.0, 0.0, 0.0, 1.0, 1.0, 0.0, 0.0, 0.0, 4096.0, 6.0, 6.0, 4396.85] 1.0
[0.0, 1.0, 0.0, 1.0, 0.0, 0.0, 1.0, 1.0, 0.0, 0.0, 0.0, 4096.0, 6.0, 5.0, 4047.76] 0.9879493242660131
[0.0, 1.0, 0.0, 1.0, 0.0, 0.0, 1.0, 1.0, 0.0, 0.0, 0.0, 4096.0, 6.0, 6.0, 4396.85] 1.0
[0.0, 1.0, 0.0, 1.0, 0.0, 0.0, 1.0, 1.0, 0.0, 0.0, 0.0, 4096.0, 6.0, 6.0, 4396.85] 1.0
[0.0, 1.0, 0.0, 1.0, 0.0, 0.0, 1.0, 1.0, 0.0, 0.0, 0.0, 4096.0, 6.0, 6.0, 4396.85] 1.0
[0.0, 1.0, 0.0, 1.0, 0.0, 0.0, 0.0, 1.0, 0.0, 1.0, 0.0, 4096.0, 6.0, 6.0, 4392.68] 0.9998560505376529
[0.0, 1.0, 0.0, 1.0, 0.0, 0.0, 0.0, 1.0, 0.0, 1.0, 0.0, 4096.0, 6.0, 6.0, 4392.68] 0.9998560505376529
[0.0, 1.0, 0.0, 1.0, 0.0, 0.0, 1.0, 1.0, 0.0, 0.0, 0.0, 4096.0, 6.0, 6.0, 4396.85] 1.0
[0.0, 1.0, 0.0, 1.0, 0.0, 0.0, 0.0, 1.0, 0.0, 1.0, 0.0, 4096.0, 6.0, 6.0, 4392.68] 0.9998560505376529
[0.0, 1.0, 0.0, 1.0, 0.0, 0.0, 0.0, 1.0, 0.0, 1.0, 0.0, 4096.0, 6.0, 6.0, 4392.68] 0.9998560505376529
[0.0, 1.0, 0.0, 1.0, 0.0, 0.0, 0.0, 1.0, 0.0, 1.0, 0.0, 4096.0, 6.0, 6.0, 4392.68] 0.9998560505376529
[0.0, 1.0, 0.0, 1.0, 0.0, 0.0, 1.0, 1.0, 0.0, 0.0, 0.0, 4096.0, 6.0, 6.0, 4396.85] 1.0
[0.0, 1.0, 0.0, 1.0, 0.0, 0.0, 1.0, 1.0, 0.0, 0.0, 0.0, 4096.0, 6.0, 6.0, 4396.85] 1.0
[0.0, 1.0, 0.0, 1.0, 0.0, 0.0, 1.0, 1.0, 0.0, 0.0, 0.0, 4096.0, 6.0, 6.0, 4396.85] 1.0
