[1.0, 1, 1, 1, 1, 0, 0.0, 0, 1.0, 0.0, 0, 0, 128, 10.0, 422401.4] 0.9896056000000001
[1.0, 1, 1.0, 1, 1, 0, 0, 0.0, 1.0, 0, 0.0, 0, 64, 10.0, 421857.4] 0.9874296
[1, 0.0, 1, 1.0, 1.0, 0, 0, 0, 1.0, 0, 1.0, 0, 1, 10.0, 424574.6] 0.9982983999999999
[1, 1.0, 0, 0, 1.0, 0.0, 0.0, 0.0, 0, 1.0, 0, 40, 512, 10.0, 305319.4] 0.5212776000000001
[1, 0.0, 1, 1, 1.0, 0, 0.0, 0, 1, 0, 1, 0, 1, 10.0, 424574.6] 0.9982983999999999
[1.0, 0.0, 1, 0, 1.0, 0, 0, 0, 0, 1, 1.0, 40, 1024, 10, 303744.6] 0.5149784
[1.0, 0, 0.0, 1, 1.0, 0.0, 0, 0.0, 1.0, 0, 0.0, 0, 8, 10.0, 422061.6] 0.9882464
[1.0, 0.0, 1, 0.0, 1.0, 0, 0.0, 0.0, 0, 1.0, 0, 60, 256, 10.0, 304798.6] 0.5191944
[1.0, 1.0, 0, 1.0, 1.0, 1.0, 0.0, 0.0, 0.0, 0.0, 0.0, 0, 1, 8.0, 131978.6] 0.21796659672681495
[1, 1, 1, 1, 1, 0.0, 0, 0.0, 1, 0, 0, 0, 128, 10.0, 422401.4] 0.9896056000000001
[1, 0.0, 1, 1, 1, 0, 0.0, 0.0, 1.0, 0.0, 1, 0, 1, 10.0, 424574.6] 0.9982983999999999
[1.0, 1, 0.0, 1.0, 1.0, 0.0, 0.0, 0.0, 1, 0.0, 1.0, 90, 2, 10.0, 421820.2] 0.9872808000000001
[1, 1, 0.0, 1.0, 1.0, 0, 0.0, 0.0, 1, 0.0, 1, 0.0, 256, 10, 422061.4] 0.9882456000000002
[1, 1, 1, 1.0, 1.0, 0.0, 0.0, 0.0, 1.0, 0.0, 0.0, 10, 1.0, 10.0, 420823.8] 0.9832951999999999
[1, 1, 0, 1, 1.0, 0.0, 0, 0.0, 1, 0, 0, 0, 1, 10.0, 421349.8] 0.9853992
[1, 1, 1, 1, 1, 0, 0, 0, 1, 0, 0, 10, 1, 10, 420823.8] 0.9832951999999999
[1, 0, 1, 1, 1, 0, 1, 0, 0.0, 0.0, 0, 0, 4, 8.0, 132074.2] 0.21812706672261858
[1, 0, 0.0, 1.0, 1, 0, 0, 0.0, 0.0, 1, 1, 100, 128, 10, 303803.8] 0.5152152
[1, 1, 0, 0, 1, 0.0, 0.0, 0.0, 0, 1.0, 0, 40, 512, 10.0, 305319.4] 0.5212776000000001
[1, 0, 1, 1, 1, 0, 0, 0.0, 1, 0.0, 1, 0, 1, 10.0, 424574.6] 0.9982983999999999
[1, 1, 1.0, 1.0, 1, 0.0, 0.0, 0.0, 1, 0.0, 0, 0.0, 128.0, 10.0, 422401.4] 0.9896056000000001
[1.0, 1.0, 0, 1, 1.0, 1.0, 0.0, 0.0, 0.0, 0, 0.0, 0, 1.0, 8.0, 131978.6] 0.21796659672681495
[1, 1, 1, 1, 1, 0, 0, 0.0, 1, 0, 0, 0, 128, 10.0, 422401.4] 0.9896056000000001
[1, 0, 0, 1.0, 1, 0.0, 0.0, 0.0, 1.0, 0, 1, 0, 16, 10.0, 421936.6] 0.9877463999999999
[1, 1, 1.0, 1, 1, 0, 0.0, 0, 1, 0.0, 0, 0, 64, 10, 421857.4] 0.9874296
[1, 0, 0, 1, 1.0, 0, 0, 0, 1, 0, 0, 0, 8, 10, 422061.6] 0.9882464
[1, 1, 0, 1.0, 1, 0.0, 0.0, 0, 1, 0, 1, 40.0, 1, 10, 421557.6] 0.9862304
[1.0, 1.0, 1.0, 0.0, 1.0, 0.0, 0.0, 0.0, 0, 1.0, 0, 30.0, 64, 10, 303385.0] 0.51354
[1, 0, 1, 1.0, 1.0, 0.0, 0, 0.0, 1.0, 0.0, 0.0, 0, 2048, 10, 422252.6] 0.9890104
[1, 1, 1.0, 1.0, 1, 0, 0.0, 0.0, 1, 0.0, 0.0, 0, 128, 10.0, 422401.4] 0.9896056000000001
