[1.0, 1.0, 1, 1.0, 1, 0.0, 0, 0.0, 1.0, 0.0, 0, 0, 512, 10, 421840.6] 0.9873623999999999
[1, 1.0, 1, 1.0, 1, 0, 0, 0, 1.0, 0, 0, 0.0, 128, 10, 422401.4] 0.9896056000000001
[1, 1.0, 1, 1, 1, 0, 0.0, 0.0, 1.0, 0, 0, 0.0, 128, 10.0, 422401.4] 0.9896056000000001
[1, 1, 1, 1.0, 1, 0.0, 0, 0.0, 1, 0.0, 0, 0, 64, 10.0, 421857.4] 0.9874296
[1, 0, 0, 1, 1, 0.0, 0, 0.0, 1, 0.0, 0, 0, 8.0, 10.0, 422061.6] 0.9882464
[1.0, 0, 1.0, 1.0, 1.0, 0.0, 0, 0.0, 1, 0.0, 0.0, 0.0, 2048, 10.0, 422252.6] 0.9890104
[1, 0.0, 1.0, 1, 1, 0, 0, 0.0, 1, 0.0, 1, 0, 1.0, 10.0, 424574.6] 0.9982983999999999
[1.0, 1, 1, 1.0, 1, 0, 0, 0.0, 1, 0.0, 0.0, 0, 128, 10.0, 422401.4] 0.9896056000000001
[1.0, 0.0, 0, 0, 1.0, 0, 0, 0.0, 0.0, 1, 1.0, 40, 512.0, 10.0, 303522.4] 0.5140896000000001
[1, 1, 0, 1.0, 1.0, 0.0, 0.0, 0.0, 1, 0.0, 1, 0, 256, 10, 422061.4] 0.9882456000000002
[1.0, 1, 0.0, 0, 1.0, 0.0, 0.0, 0.0, 0, 1.0, 1, 80, 16, 10, 302888.2] 0.5115528
[1, 0, 1.0, 1.0, 1.0, 0.0, 0, 0.0, 1.0, 0, 1.0, 0, 1, 10.0, 424574.6] 0.9982983999999999
[1.0, 1.0, 0, 1, 1, 0.0, 0, 0.0, 1.0, 0, 1.0, 0, 2, 10.0, 421628.6] 0.9865143999999999
[1, 0, 1.0, 1.0, 1.0, 0, 0.0, 0.0, 1, 0.0, 0, 0.0, 2048.0, 10.0, 422252.6] 0.9890104
[1, 1.0, 0, 1, 1, 0.0, 0.0, 0.0, 1, 0, 1.0, 0.0, 256.0, 10.0, 422061.4] 0.9882456000000002
[1, 1, 0, 1, 1, 0, 0.0, 0, 1, 0.0, 1, 0, 32, 10, 422006.6] 0.9880263999999999
[1.0, 1, 0, 1, 1.0, 1, 0, 0.0, 0.0, 0.0, 0, 0, 1.0, 8.0, 131978.6] 0.21796659672681495
[1, 0, 1, 1, 1, 0, 0, 0.0, 1, 0.0, 1.0, 0, 1, 10, 424574.6] 0.9982983999999999
[1.0, 1, 1, 1.0, 1.0, 0, 0, 0.0, 1.0, 0.0, 0, 0, 128, 10.0, 422401.4] 0.9896056000000001
[1, 1, 1, 1, 1, 0, 0, 0.0, 1.0, 0.0, 0, 0.0, 128, 10.0, 422401.4] 0.9896056000000001
[1.0, 1.0, 0, 0, 1, 0.0, 0.0, 0.0, 0.0, 1.0, 1, 80.0, 16.0, 10, 302888.2] 0.5115528
[1.0, 1, 1, 1.0, 1, 0.0, 0.0, 0.0, 0.0, 1.0, 1.0, 40, 4096, 10.0, 303945.8] 0.5157832
[1, 0, 1.0, 1.0, 1, 0.0, 0.0, 0.0, 1, 0, 1, 0.0, 1024, 10.0, 422519.2] 0.9900768
[1, 1.0, 0.0, 1, 1, 0.0, 0.0, 0.0, 1.0, 0, 1, 0, 256, 10.0, 422061.4] 0.9882456000000002
[1.0, 1, 0, 1, 1.0, 0, 0, 0.0, 1, 0, 1, 0, 2, 10.0, 421628.6] 0.9865143999999999
[1, 1, 0, 1.0, 1, 0.0, 0, 0, 1, 0, 1, 0, 4096, 10, 420663.8] 0.9826552
[1, 0, 1, 0, 1, 0.0, 0, 0.0, 0.0, 1.0, 0, 60, 256, 10.0, 304798.6] 0.5191944
[1, 1, 1, 1.0, 1, 0.0, 0, 0.0, 1, 0, 1, 100, 1, 10, 421113.8] 0.9844552
[1.0, 1, 1, 1, 1, 0, 0.0, 0, 1.0, 0.0, 0.0, 0, 128, 10.0, 422401.4] 0.9896056000000001
[1, 0, 0, 1, 1, 0, 0.0, 0, 0.0, 1.0, 0, 100, 2048, 10, 304237.6] 0.5169503999999999
