[] 0
[] 0
[] 0
[] 0
[] 0
[0, 1, 1, 1, 1, 1, 1, 0, 1, 0, 1, 0] 0.2884349255001532
[0, 1, 1, 1, 1, 1, 1, 0, 0, 0, 0, 1] 0.988586741116226
[] 0
[] 0
[] 0
[1, 1, 0, 1, 1, 1, 1, 0, 1, 1, 0, 1] 0.007633418411857341
[] 0
[] 0
[] 0
[1, 1, 0, 1, 1, 1, 1, 0, 1, 0, 0, 1] 0.31773805714285436
[] 0
[] 0
[0, 1, 1, 1, 1, 1, 1, 0, 0, 1, 0, 1] 0.6374328857142901
[] 0
[] 0
[] 0
[0, 1, 1, 1, 1, 1, 1, 0, 0, 1, 0, 0] 0.19658366072939737
[] 0
[] 0
[] 0
[] 0
[1, 1, 1, 1, 1, 1, 1, 0, 0, 1, 1, 1] 0.6063374571428525
[] 0
[] 0
[] 0
