[1.0, 0, 1, 0.0, 0.0, 1, 2.0, 0.0, 1.0, 10.0, 8.0, 128.0, 15374.0] 0.8705
[1.0, 0, 0.0, 0.0, 0, 1.0, 3.0, 0.0, 3.0, 10.0, 32.0, 0.0, 9815.0] 0.44956250000000003
[1.0, 1.0, 1.0, 0, 0.0, 0.0, 4.0, 0, 4, 8.0, 8.0, 64.0, 14372.6] 0.8347357142857144
[1.0, 0.0, 1.0, 1.0, 1.0, 1, 2.0, 0.0, 1.0, 8.0, 10.0, 0.0, 15191.0] 0.8639642857142857
[1, 0.0, 0, 0.0, 0.0, 0, 4.0, 0.0, 1.0, 8, 10.0, 128, 18754.8] 0.9912428571428571
[1.0, 0, 1.0, 0.0, 0.0, 0.0, 2.0, 0.0, 4.0, 10.0, 10.0, 16, 12197.2] 0.7570428571428571
[1.0, 0, 0.0, 0.0, 0.0, 0.0, 3.0, 0, 1, 8.0, 16.0, 0.0, 14700.0] 0.8464285714285714
[1.0, 0.0, 1.0, 1.0, 1.0, 0.0, 3, 0, 2.0, 8.0, 10.0, 32.0, 14562.4] 0.8415142857142857
[1, 0.0, 0, 0.0, 0.0, 0, 4.0, 0, 2.0, 8, 8.0, 0, 19707.8] 1.0
[1.0, 0.0, 0.0, 0.0, 0.0, 0.0, 4, 0.0, 1.0, 8.0, 20.0, 64, 13615.6] 0.8077
[1, 0.0, 0.0, 0.0, 0.0, 0.0, 3.0, 0.0, 2.0, 8.0, 10.0, 16, 17811.0] 0.9575357142857143
[1, 0, 1.0, 1.0, 1, 1, 3.0, 0, 2, 8.0, 10.0, 128, 14860.6] 0.8521642857142857
[1.0, 0.0, 0.0, 0.0, 0, 0.0, 2.0, 0.0, 1.0, 10, 10, 0.0, 14794.6] 0.8498071428571429
[1.0, 0.0, 1.0, 0, 0.0, 0, 1.0, 0.0, 2.0, 8.0, 8, 0.0, 16772.6] 0.92045
[1, 1.0, 0, 0.0, 0.0, 0.0, 3.0, 0, 2, 8.0, 10, 0.0, 14900.6] 0.8535928571428572
[1, 0, 0, 0.0, 0.0, 0.0, 4.0, 0, 2.0, 8, 8.0, 128, 19600.2] 1.0
[1.0, 0.0, 0.0, 0.0, 0, 0, 4, 0.0, 3.0, 8.0, 10.0, 64.0, 14885.6] 0.8530571428571428
[1.0, 1.0, 0.0, 0.0, 0.0, 0.0, 4.0, 0.0, 3.0, 8.0, 8, 32.0, 15336.8] 0.8691714285714285
[1.0, 0, 1.0, 1.0, 1.0, 0.0, 3, 0.0, 2.0, 8.0, 8.0, 0, 16134.4] 0.8976571428571428
[1.0, 0.0, 0.0, 0.0, 0.0, 0.0, 4.0, 0.0, 2, 8.0, 10.0, 0.0, 18759.8] 0.9914214285714286
[1.0, 0.0, 0.0, 0.0, 0.0, 1.0, 3.0, 0.0, 2.0, 10, 8.0, 128.0, 15032.2] 0.8582928571428572
[1, 0, 0.0, 0.0, 0.0, 0, 3.0, 0.0, 4.0, 8.0, 10.0, 10.0, 14486.6] 0.8388071428571429
[1.0, 0.0, 0.0, 0.0, 0.0, 0, 4, 0.0, 2.0, 16.0, 8.0, 10.0, 12182.2] 0.7565071428571429
[1.0, 0, 0, 0, 0.0, 1, 2.0, 0.0, 2.0, 8, 8.0, 0.0, 17067.0] 0.9309642857142857
[1, 0, 1, 0.0, 0.0, 0.0, 2.0, 0.0, 2.0, 10.0, 10.0, 0, 14865.2] 0.8523285714285714
[1.0, 0.0, 0, 0.0, 0, 0.0, 4.0, 0.0, 2.0, 8.0, 8.0, 32, 18805.0] 0.9930357142857142
[1.0, 0.0, 1.0, 1, 1.0, 0.0, 1, 0.0, 1.0, 8.0, 8.0, 0.0, 16523.4] 0.9115500000000001
[1.0, 0.0, 1.0, 0.0, 0.0, 1.0, 2.0, 0.0, 2.0, 10.0, 10.0, 16.0, 13570.6] 0.8060928571428572
[1.0, 0.0, 0.0, 0.0, 0.0, 0.0, 2.0, 0.0, 1, 10.0, 8, 64, 14803.2] 0.8501142857142857
[1.0, 0.0, 0, 0.0, 0, 0.0, 3, 0.0, 1.0, 8.0, 8.0, 128, 19583.4] 1.0
