[1.0, 0, 1.0, 0.0, 0.0, 0.0, 2.0, 0, 4.0, 10, 8.0, 0.0, 14126.0] 0.8259285714285715
[1.0, 1.0, 0.0, 0.0, 0, 1, 3.0, 0.0, 3.0, 10.0, 32.0, 0.0, 9408.8] 0.3937099999999999
[1.0, 1.0, 1.0, 0, 0.0, 0.0, 4.0, 0, 4, 8.0, 8.0, 64.0, 14372.6] 0.8347357142857144
[1.0, 0.0, 1.0, 1.0, 1.0, 1, 2.0, 0.0, 1.0, 8.0, 10.0, 0.0, 15191.0] 0.8639642857142857
[1.0, 0.0, 0, 0.0, 0.0, 0, 4.0, 0.0, 1.0, 8, 10.0, 10.0, 18025.0] 0.9651785714285714
[1.0, 1.0, 1.0, 0.0, 0.0, 0.0, 2.0, 0.0, 4.0, 10.0, 10.0, 8.0, 11360.0] 0.662
[1, 0, 0.0, 0.0, 0.0, 0.0, 3.0, 0.0, 2.0, 8.0, 16.0, 0.0, 14611.2] 0.8432571428571429
[1.0, 0.0, 1.0, 1.0, 1.0, 1.0, 3, 0, 2.0, 8.0, 10.0, 32.0, 14538.6] 0.8406642857142858
[1.0, 0.0, 0, 0.0, 0.0, 1, 4.0, 0.0, 2.0, 10.0, 8, 10, 15668.4] 0.8810142857142857
[1.0, 0.0, 0.0, 0.0, 0.0, 0.0, 2.0, 0.0, 2.0, 8.0, 20.0, 128.0, 11049.6] 0.6193200000000001
[1, 0.0, 0.0, 0.0, 0.0, 0.0, 3.0, 0.0, 2.0, 8.0, 10.0, 16, 17811.0] 0.9575357142857143
[1, 0, 1.0, 1.0, 1, 1, 3.0, 0, 2, 8.0, 10.0, 128, 14860.6] 0.8521642857142857
[1.0, 0.0, 0.0, 0.0, 0, 0.0, 2.0, 0.0, 1.0, 10, 10, 0.0, 14794.6] 0.8498071428571429
[1.0, 0.0, 1.0, 0, 0.0, 0.0, 1.0, 0.0, 2.0, 8.0, 8.0, 64.0, 16577.6] 0.9134857142857142
[1, 1.0, 0, 0.0, 0.0, 0.0, 3.0, 0.0, 4, 8.0, 10, 0.0, 14817.2] 0.8506142857142858
[1.0, 0.0, 0, 0.0, 0.0, 0.0, 4.0, 0.0, 3.0, 8, 8.0, 16, 15244.4] 0.8658714285714285
[1.0, 0.0, 1.0, 1.0, 1.0, 0.0, 4, 0.0, 3.0, 8.0, 10.0, 64.0, 13569.8] 0.8060642857142857
[1.0, 1.0, 1.0, 1.0, 1.0, 0.0, 4.0, 0.0, 3.0, 8.0, 8, 32.0, 14301.6] 0.8322
[1.0, 0, 1.0, 1.0, 1.0, 0.0, 3, 0.0, 2.0, 8.0, 8.0, 0, 16134.4] 0.8976571428571428
[1.0, 0.0, 0.0, 0.0, 0.0, 0.0, 4.0, 0.0, 2, 8.0, 10.0, 0.0, 18759.8] 0.9914214285714286
[1.0, 0.0, 0.0, 0.0, 0.0, 1.0, 3.0, 0, 2.0, 10, 8, 32.0, 14789.6] 0.8496285714285714
[1, 1.0, 0.0, 0.0, 0.0, 1.0, 3.0, 0.0, 3.0, 8.0, 10.0, 128.0, 14286.2] 0.83165
[1.0, 0.0, 0.0, 0.0, 0.0, 0.0, 1.0, 0.0, 2.0, 16.0, 8.0, 10.0, 11465.6] 0.67652
[1, 0, 0.0, 0.0, 0.0, 1.0, 2.0, 0.0, 2.0, 20.0, 8.0, 0.0, 11836.6] 0.7275325000000001
[1.0, 0.0, 1, 0.0, 0.0, 0, 2, 0.0, 2.0, 10.0, 10.0, 64.0, 14613.8] 0.8433499999999999
[1, 0.0, 1.0, 0.0, 0.0, 1.0, 4.0, 0, 2.0, 8.0, 8.0, 32.0, 15386.4] 0.8709428571428571
[1.0, 0.0, 1.0, 1, 1.0, 0.0, 1, 0.0, 1.0, 8.0, 8.0, 0.0, 16523.4] 0.9115500000000001
[1.0, 0, 1.0, 1.0, 1.0, 1.0, 4, 0.0, 2.0, 10.0, 8, 16.0, 13515.4] 0.8041214285714285
[1.0, 0.0, 0.0, 0.0, 0.0, 0.0, 2.0, 0.0, 1, 10.0, 8, 20, 14522.8] 0.8401
[1.0, 0.0, 0, 0.0, 0, 0.0, 3, 0.0, 1.0, 8.0, 8.0, 128, 19583.4] 1.0
