[1. 0. 0. 0. 0. 0. 0. 1. 0. 0. 1. 0. 0. 1. 0. 0. 1. 0. 1. 0. 0. 0. 0. 1.
 1. 1. 0. 1. 1. 0. 0. 1. 1. 0. 1. 0. 1. 0. 0.] [0.]
[1. 0. 1. 0. 1. 0. 0. 1. 0. 0. 1. 0. 0. 1. 0. 0. 0. 0. 1. 0. 0. 1. 0. 1.
 1. 1. 0. 1. 1. 0. 0. 1. 1. 0. 1. 1. 0. 0. 0.] [0.64956031]
[1. 0. 0. 0. 0. 0. 0. 1. 0. 0. 1. 0. 0. 1. 0. 0. 0. 0. 0. 1. 0. 0. 0. 1.
 1. 0. 1. 1. 0. 0. 1. 1. 1. 0. 1. 0. 0. 0. 1.] [0.]
[1. 0. 0. 0. 0. 0. 0. 1. 0. 0. 1. 0. 0. 1. 1. 0. 0. 0. 1. 0. 0. 0. 1. 1.
 1. 1. 0. 1. 1. 0. 0. 1. 1. 0. 1. 1. 0. 0. 0.] [0.]
[1. 0. 1. 0. 1. 0. 0. 1. 0. 0. 1. 0. 0. 1. 0. 0. 0. 0. 0. 0. 0. 0. 0. 1.
 1. 0. 1. 1. 0. 0. 1. 1. 1. 0. 1. 0. 0. 0. 1.] [0.]
[1. 0. 1. 0. 0. 0. 1. 1. 0. 0. 1. 0. 0. 1. 0. 0. 1. 0. 0. 0. 0. 1. 0. 1.
 1. 1. 0. 1. 1. 0. 0. 1. 1. 0. 1. 1. 0. 0. 0.] [0.57711954]
[1. 1. 0. 0. 0. 0. 0. 1. 0. 1. 1. 0. 1. 1. 0. 0. 0. 0. 0. 0. 0. 0. 0. 1.
 1. 1. 0. 1. 1. 0. 0. 1. 1. 0. 1. 1. 0. 0. 0.] [0.]
[1. 0. 0. 0. 0. 0. 0. 1. 0. 1. 1. 0. 0. 1. 0. 0. 0. 1. 1. 0. 0. 0. 0. 1.
 1. 0. 1. 1. 1. 0. 0. 1. 1. 0. 1. 1. 0. 0. 0.] [0.71745964]
[1. 0. 1. 1. 0. 0. 0. 1. 0. 0. 1. 0. 0. 1. 1. 0. 0. 0. 0. 0. 0. 1. 0. 1.
 1. 1. 0. 1. 1. 0. 0. 1. 1. 0. 1. 1. 0. 0. 0.] [0.]
[1. 0. 1. 0. 0. 0. 1. 1. 1. 0. 1. 0. 0. 1. 1. 0. 0. 0. 0. 0. 0. 0. 0. 1.
 1. 0. 1. 1. 1. 0. 0. 1. 1. 0. 1. 1. 0. 0. 0.] [0.]
[1. 0. 0. 0. 0. 0. 0. 1. 0. 0. 1. 0. 0. 1. 0. 0. 0. 0. 0. 0. 1. 1. 0. 1.
 1. 0. 1. 1. 0. 0. 1. 1. 1. 0. 1. 1. 0. 0. 0.] [0.]
[1. 1. 1. 0. 1. 0. 0. 1. 0. 0. 1. 0. 0. 1. 0. 0. 0. 0. 1. 0. 0. 0. 0. 1.
 1. 1. 0. 1. 1. 0. 0. 1. 1. 0. 1. 1. 0. 0. 0.] [0.50060129]
[1. 0. 1. 1. 0. 0. 0. 1. 0. 0. 1. 0. 0. 1. 1. 0. 0. 0. 0. 0. 0. 0. 0. 1.
 1. 1. 0. 1. 1. 0. 0. 1. 1. 0. 1. 0. 0. 0. 1.] [0.]
[1. 0. 1. 0. 0. 1. 0. 1. 0. 0. 1. 0. 0. 1. 0. 0. 1. 0. 0. 0. 0. 0. 0. 1.
 1. 1. 0. 1. 0. 0. 1. 1. 1. 0. 1. 1. 0. 0. 0.] [0.]
[1. 0. 1. 0. 1. 0. 0. 1. 1. 0. 1. 0. 0. 1. 0. 0. 0. 0. 0. 0. 0. 0. 1. 1.
 1. 1. 0. 1. 1. 0. 0. 1. 1. 0. 1. 1. 0. 0. 0.] [0.6513908]
[1. 0. 0. 0. 0. 0. 0. 1. 0. 0. 1. 0. 0. 1. 0. 0. 0. 0. 0. 0. 1. 0. 0. 1.
 1. 0. 1. 1. 0. 0. 1. 1. 0. 1. 1. 1. 0. 0. 0.] [0.]
[1. 0. 1. 0. 0. 1. 0. 1. 0. 1. 1. 0. 0. 1. 0. 1. 0. 0. 0. 0. 0. 0. 0. 1.
 1. 1. 0. 1. 1. 0. 0. 1. 1. 0. 1. 1. 0. 0. 0.] [0.2065722]
[1. 0. 0. 0. 0. 0. 0. 1. 0. 0. 1. 1. 0. 1. 0. 0. 0. 0. 0. 1. 0. 0. 1. 1.
 1. 1. 0. 1. 1. 0. 0. 1. 1. 0. 1. 1. 0. 0. 0.] [0.]
[1. 0. 0. 0. 0. 0. 0. 1. 0. 1. 1. 0. 0. 1. 0. 1. 0. 0. 0. 1. 0. 0. 0. 1.
 1. 0. 1. 1. 1. 0. 0. 1. 1. 0. 1. 1. 0. 0. 0.] [0.]
[1. 0. 0. 0. 0. 0. 0. 1. 0. 0. 1. 0. 0. 1. 0. 0. 1. 0. 0. 0. 1. 0. 0. 1.
 1. 1. 0. 1. 1. 0. 0. 1. 1. 0. 1. 0. 0. 1. 0.] [0.]
[1. 0. 1. 0. 0. 0. 1. 1. 0. 0. 1. 0. 0. 1. 0. 0. 1. 0. 0. 0. 1. 0. 0. 1.
 1. 1. 0. 1. 1. 0. 0. 1. 1. 0. 1. 1. 0. 0. 0.] [0.6734837]
[1. 0. 0. 0. 0. 0. 0. 1. 0. 0. 1. 0. 0. 1. 0. 0. 0. 0. 0. 1. 0. 0. 0. 1.
 1. 0. 1. 1. 1. 0. 0. 1. 1. 0. 1. 1. 0. 0. 0.] [0.]
[1. 0. 1. 0. 1. 0. 0. 1. 0. 0. 1. 0. 0. 1. 0. 0. 0. 0. 1. 0. 0. 0. 0. 1.
 1. 1. 0. 1. 1. 0. 0. 1. 1. 0. 1. 0. 0. 1. 0.] [0.53856759]
[1. 0. 0. 0. 0. 0. 0. 1. 0. 0. 1. 0. 0. 1. 0. 0. 1. 0. 0. 0. 0. 1. 0. 1.
 1. 1. 0. 1. 1. 0. 0. 1. 1. 0. 1. 0. 0. 0. 1.] [0.]
[1. 1. 1. 0. 1. 0. 0. 1. 0. 0. 1. 0. 0. 1. 0. 0. 0. 0. 0. 0. 0. 0. 0. 1.
 1. 0. 1. 1. 1. 0. 0. 1. 1. 0. 1. 0. 1. 0. 0.] [0.]
[1. 0. 1. 0. 0. 0. 1. 1. 0. 0. 1. 1. 0. 1. 0. 0. 0. 0. 0. 0. 0. 0. 0. 1.
 1. 1. 0. 1. 1. 0. 0. 1. 1. 0. 1. 0. 0. 0. 1.] [0.73757668]
[1. 0. 0. 0. 0. 0. 0. 1. 0. 1. 1. 0. 0. 1. 0. 0. 1. 0. 0. 0. 0. 1. 0. 1.
 1. 0. 1. 1. 1. 0. 0. 1. 1. 0. 1. 1. 0. 0. 0.] [0.7936129]
[1. 0. 1. 0. 0. 0. 1. 1. 0. 0. 1. 0. 1. 1. 0. 0. 0. 0. 0. 0. 0. 1. 0. 1.
 1. 0. 1. 1. 1. 0. 0. 1. 1. 0. 1. 1. 0. 0. 0.] [0.]
[1. 1. 1. 0. 0. 1. 0. 1. 1. 1. 1. 1. 0. 1. 1. 1. 1. 1. 1. 1. 1. 1. 1. 1.
 1. 1. 0. 1. 0. 0. 1. 1. 1. 0. 1. 0. 0. 1. 0.] [0.]
[1. 0. 0. 0. 0. 0. 0. 1. 0. 1. 1. 0. 0. 1. 0. 0. 0. 0. 0. 1. 0. 0. 0. 1.
 1. 0. 1. 1. 1. 0. 0. 1. 1. 0. 1. 0. 1. 0. 0.] [0.]
