[1, 0, 0, 0.0, 0, 0, 3, 0, 2, 8.0, 8, 0, 19692.2] 0.98461
[1, 0, 0, 0, 0, 0.0, 2, 0.0, 1.0, 8.0, 8.0, 0.0, 17050.2] 0.85251
[1, 0.0, 0, 0.0, 0.0, 0, 4, 0.0, 2, 8.0, 8, 128.0, 19600.2] 0.98001
[1, 0.0, 1.0, 1, 1, 0, 1, 0.0, 1, 8.0, 8, 0, 16523.4] 0.7785100000000003
[1, 0, 0.0, 0, 0, 0.0, 4, 0, 1.0, 8, 8, 0, 19332.8] 0.9666399999999999
[1.0, 0, 0, 0.0, 0.0, 0, 3, 0.0, 1.0, 8.0, 8, 0, 19673.8] 0.98369
[1.0, 0, 0, 0, 0.0, 0, 3, 0, 1, 8.0, 8.0, 0.0, 19673.8] 0.98369
[1.0, 0.0, 0.0, 0.0, 0.0, 0.0, 4.0, 0, 2, 8.0, 8, 0.0, 19707.8] 0.98539
[1, 0, 1.0, 1.0, 1.0, 0, 2.0, 0.0, 1, 8, 8.0, 128, 15938.4] 0.6907599999999999
[1.0, 0.0, 1.0, 1, 1.0, 0.0, 3, 0.0, 1.0, 8.0, 8, 0, 16281.4] 0.7422099999999999
[1, 0, 0, 0, 0.0, 0, 3, 0, 1.0, 8, 8.0, 128, 19583.4] 0.9791700000000001
[1.0, 0.0, 1.0, 0.0, 0, 0, 2.0, 0.0, 2, 8, 8, 0, 16868.0] 0.8301999999999999
[1, 0, 0, 0.0, 0.0, 1, 3, 0, 2.0, 10.0, 8.0, 64.0, 15667.6] 0.65014
[1.0, 0.0, 1, 1.0, 1.0, 0.0, 2.0, 0.0, 1, 8.0, 10.0, 0.0, 15333.8] 0.6000699999999999
[1, 0, 0, 0.0, 0, 0.0, 4, 0, 2.0, 8.0, 8, 0.0, 19707.8] 0.98539
[1, 0.0, 0, 0.0, 0, 0.0, 4, 0.0, 2, 8.0, 8, 128.0, 19600.2] 0.98001
[1, 0, 0, 0.0, 0.0, 0, 3, 0.0, 2, 8.0, 8.0, 32, 18826.2] 0.94131
[1.0, 0, 1.0, 0.0, 0, 0.0, 2, 0.0, 2.0, 8, 8.0, 0, 16868.0] 0.8301999999999999
[1, 0, 1.0, 1, 1.0, 0.0, 1, 0.0, 1, 8, 8.0, 0, 16523.4] 0.7785100000000003
[1, 0.0, 0, 0.0, 0.0, 0.0, 3, 0.0, 1.0, 8, 8.0, 10, 18828.6] 0.9414299999999999
[1, 0.0, 1, 1.0, 1.0, 1, 3, 0.0, 2, 8, 8, 0.0, 16305.0] 0.7457499999999999
[1.0, 0, 0, 0, 0.0, 1, 3, 0.0, 1, 8.0, 8, 0, 18647.2] 0.9323600000000001
[1.0, 0.0, 0.0, 0, 0.0, 0, 3, 0, 1.0, 8, 8, 0.0, 19673.8] 0.98369
[1.0, 0.0, 0.0, 0.0, 0.0, 0.0, 4, 0.0, 2.0, 8, 8.0, 0.0, 19707.8] 0.98539
[1, 0, 0.0, 0, 0.0, 1, 3.0, 0, 2, 128.0, 0.0, 8, 10606.4] 0.23910868792224724
[1.0, 0, 0, 0, 0.0, 0, 4, 0, 2, 8.0, 8.0, 0.0, 19707.8] 0.98539
[1, 0, 0, 0.0, 0.0, 0, 3, 0.0, 1, 8.0, 8, 0.0, 19673.8] 0.98369
[1.0, 0.0, 0, 0.0, 0.0, 0.0, 3, 0, 2.0, 8.0, 8.0, 64.0, 19541.8] 0.97709
[1.0, 0, 0.0, 0, 0.0, 0.0, 4.0, 0, 2, 8, 10, 0, 18759.8] 0.93799
[1.0, 0, 0.0, 0.0, 0.0, 0, 3, 0, 2.0, 8.0, 8.0, 32.0, 18826.2] 0.94131
