[1, 0.0, 0.0, 0.0, 0.0, 0, 4, 0.0, 2.0, 10.0, 8, 20.0, 16592.0] 0.7888
[1.0, 0.0, 0.0, 0.0, 0.0, 0.0, 3.0, 0, 1.0, 8, 8.0, 20.0, 18336.8] 0.91684
[1.0, 0.0, 0.0, 0, 0.0, 0.0, 3, 0.0, 1.0, 8.0, 8, 128, 19583.4] 0.9791700000000001
[1, 0.0, 1, 0, 0, 1.0, 2.0, 0, 1.0, 10, 8.0, 128.0, 15374.0] 0.6061
[1.0, 0.0, 1.0, 0.0, 0, 0.0, 2.0, 0.0, 1.0, 10, 10.0, 128.0, 14754.8] 0.5132199999999999
[1.0, 0, 0.0, 0.0, 0, 0.0, 3.0, 0.0, 2, 8.0, 8.0, 32.0, 18826.2] 0.94131
[1, 0.0, 0.0, 0.0, 0, 0.0, 4, 0.0, 1.0, 8.0, 8, 32, 18472.0] 0.9236
[1.0, 0, 0.0, 0.0, 0.0, 1.0, 3.0, 0.0, 1.0, 8.0, 10.0, 20, 16838.8] 0.8258199999999999
[1.0, 0, 0, 0.0, 0.0, 0, 4.0, 0.0, 1, 8, 8.0, 128.0, 19149.2] 0.95746
[1.0, 0.0, 1.0, 1.0, 1, 0.0, 1, 0, 2, 8.0, 16, 0, 11901.2] 0.30049543676662327
[1, 0.0, 1.0, 0, 0, 1, 2.0, 0.0, 2, 8.0, 10, 20.0, 14454.4] 0.46815999999999997
[1.0, 1.0, 1.0, 0.0, 0, 1.0, 3.0, 0, 2, 8.0, 8.0, 128.0, 14663.2] 0.49948000000000015
[1, 1, 0, 0.0, 0.0, 1, 3.0, 0, 4, 8, 8, 64, 15316.4] 0.5974599999999999
[1, 0.0, 0, 0, 0.0, 0.0, 4.0, 0.0, 2.0, 8.0, 8.0, 0, 19707.8] 0.98539
[1.0, 0.0, 1, 1, 1, 0, 2, 0.0, 1.0, 10.0, 8, 128.0, 14871.0] 0.5306500000000001
[1.0, 0.0, 0.0, 0.0, 0, 0, 4.0, 0.0, 1.0, 8.0, 10.0, 0, 18857.4] 0.9428700000000001
[1, 0.0, 0.0, 0.0, 0.0, 0.0, 3, 0.0, 1, 8, 10.0, 0, 18899.0] 0.94495
[1.0, 0.0, 0.0, 0.0, 0.0, 0.0, 4, 0.0, 2.0, 8, 8.0, 128.0, 19600.2] 0.98001
[1.0, 0.0, 0.0, 0.0, 0.0, 0, 4, 0.0, 1.0, 8.0, 10.0, 128.0, 18754.8] 0.9377399999999999
[1, 0, 0, 0, 0.0, 0.0, 3.0, 0, 2, 8.0, 8, 0.0, 19692.2] 0.98461
[1.0, 0, 0.0, 0, 0.0, 1.0, 4, 0.0, 2, 8, 8.0, 64.0, 18162.6] 0.9081299999999999
[1, 0, 0.0, 0.0, 0.0, 0.0, 4.0, 0, 1.0, 16, 10, 0.0, 13265.0] 0.3651534905772194
[1.0, 0, 0.0, 0, 0.0, 0, 4.0, 0.0, 1.0, 10.0, 8.0, 64.0, 17355.2] 0.86776
[1.0, 0.0, 1.0, 1.0, 1.0, 1, 3.0, 0.0, 2, 8, 10.0, 0, 15239.6] 0.5859400000000001
[1, 0.0, 1, 0.0, 0.0, 0.0, 1, 0.0, 2.0, 8, 8, 0.0, 16772.6] 0.8158899999999998
[1, 0.0, 1.0, 0.0, 0, 1.0, 2.0, 0, 1, 10.0, 8.0, 0, 15438.2] 0.6157300000000001
[1.0, 0.0, 1.0, 1.0, 1.0, 1.0, 2.0, 0.0, 2.0, 10.0, 8.0, 10.0, 13600.8] 0.38107384141282447
[1.0, 0.0, 0, 0.0, 0.0, 0, 3, 0, 2, 8, 10.0, 16, 17811.0] 0.89055
[1.0, 1.0, 0.0, 0.0, 0.0, 0, 3.0, 0.0, 1.0, 8.0, 8, 0.0, 16061.2] 0.7091800000000001
[1.0, 0.0, 0.0, 0.0, 0.0, 0, 3, 0.0, 1.0, 8.0, 8.0, 64, 19555.0] 0.97775
