[1. 1. 1. 1. 1. 1. 0. 1. 0. 0. 1. 0.] 0
[1. 1. 0. 1. 1. 1. 1. 0. 0. 1. 1. 1.] 0
[0. 0. 0. 1. 1. 1. 1. 1. 1. 1. 0. 0.] 0
[0. 1. 0. 1. 1. 1. 1. 1. 0. 0. 1. 1.] 0
[1. 0. 0. 1. 1. 1. 1. 0. 0. 1. 0. 0.] 0
[0. 1. 1. 1. 1. 0. 1. 0. 0. 1. 0. 1.] 0
[0. 1. 0. 1. 0. 1. 0. 1. 0. 0. 0. 0.] 0
[1. 0. 1. 1. 1. 1. 1. 0. 0. 1. 1. 1.] 0
[1. 1. 0. 1. 0. 1. 1. 1. 1. 0. 1. 0.] 0
[1. 1. 0. 1. 1. 0. 0. 0. 1. 0. 0. 1.] 0
[0.05140265 0.57000729 0.83877077 0.65142823 0.9297606  0.99402914
 0.34256156 0.72296135 0.03038504 0.96361205 0.37116368 0.68127059] 0
[1. 1. 0. 1. 0. 1. 1. 0. 0. 0. 0. 1.] 0
[0.83021117 0.96707005 0.98553905 0.97937759 0.65088879 0.72133503
 0.58028827 0.80751471 0.02116102 0.25616426 0.8939975  0.0303236 ] 0
[0. 1. 0. 1. 0. 1. 1. 1. 1. 1. 0. 0.] 0
[0. 1. 1. 1. 1. 0. 1. 1. 0. 1. 0. 1.] 0
[0.71834195 0.76030004 0.91969906 0.83136447 0.90623997 0.71861687
 0.33284641 0.07386542 0.82165982 0.10333737 0.74784663 0.99794561] 0
[1. 0. 0. 1. 1. 1. 1. 1. 0. 0. 1. 0.] 0
[0. 1. 0. 1. 1. 1. 0. 0. 0. 1. 0. 1.] 0
[1. 1. 1. 1. 0. 1. 1. 0. 0. 0. 0. 0.] 0
[0. 1. 1. 1. 1. 1. 1. 0. 1. 0. 1. 1.] 0
[1. 1. 1. 1. 1. 1. 1. 1. 0. 0. 1. 1.] 0
[0. 1. 0. 1. 0. 1. 1. 1. 1. 0. 1. 0.] 0
[1. 1. 1. 1. 0. 1. 1. 1. 1. 1. 0. 1.] 0
[1. 1. 1. 1. 0. 1. 1. 0. 0. 1. 1. 1.] 0
[0. 0. 0. 1. 1. 1. 1. 1. 1. 0. 0. 1.] 0
[1. 1. 1. 1. 1. 1. 0. 1. 0. 0. 1. 1.] 0
[0. 1. 1. 1. 1. 1. 0. 0. 0. 0. 1. 0.] 0
[0. 1. 0. 1. 1. 1. 0. 0. 0. 0. 1. 1.] 0
[1. 1. 0. 1. 0. 1. 0. 1. 0. 1. 0. 0.] 0
[1. 1. 1. 1. 1. 1. 0. 0. 1. 0. 0. 1.] 0

