[0.000e+00 1.000e+00 0.000e+00 1.000e+00 0.000e+00 0.000e+00 0.000e+00
 1.000e+00 0.000e+00 1.000e+00 0.000e+00 4.096e+03 5.000e+00 6.000e+00] 0.987845418299187
[ 0.  1.  0.  1.  0.  0.  1.  1.  0.  0.  0. 64.  5.  4.] 0.9602696031896716
[ 0.  1.  0.  1.  0.  1.  0.  0.  1.  0.  0. 64.  2.  6.] 0
[ 0.  1.  0.  1.  0.  1.  0.  0.  0.  1.  0. 64.  5.  4.] 0
[0.000e+00 1.000e+00 0.000e+00 1.000e+00 0.000e+00 0.000e+00 0.000e+00
 1.000e+00 1.000e+00 0.000e+00 0.000e+00 4.096e+03 6.000e+00 0.000e+00] 0.9245149041199924
[  0.   1.   0.   1.   0.   0.   0.   1.   1.   0.   0. 256.   6.   3.] 0.9592888827519547
[0.000e+00 1.000e+00 0.000e+00 1.000e+00 0.000e+00 0.000e+00 0.000e+00
 1.000e+00 1.000e+00 0.000e+00 0.000e+00 1.024e+03 1.000e+00 3.000e+00] 0.8602725
[0.000e+00 1.000e+00 0.000e+00 1.000e+00 0.000e+00 0.000e+00 0.000e+00
 1.000e+00 1.000e+00 0.000e+00 0.000e+00 1.024e+03 3.000e+00 5.000e+00] 0.9452867770164144
[  0.   1.   0.   1.   0.   0.   0.   1.   0.   1.   0. 256.   5.   4.] 0.9609641507154323
[ 0.  1.  0.  1.  1.  0.  0.  0.  0.  1.  0. 64.  5.  5.] 0
[ 0.  1.  0.  1.  0.  0.  0.  1.  1.  0.  0. 64.  5.  3.] 0.9443081277939831
[0.000e+00 1.000e+00 0.000e+00 1.000e+00 0.000e+00 1.000e+00 1.000e+00
 0.000e+00 0.000e+00 0.000e+00 0.000e+00 4.096e+03 3.000e+00 4.000e+00] 0
[ 0.  1.  0.  1.  0.  0.  0.  1.  1.  0.  0. 64.  4.  5.] 0.9560439788045636
[ 0.  1.  0.  1.  0.  0.  0.  1.  0.  1.  0. 64.  1.  5.] 0.9218730690232494
[0.000e+00 1.000e+00 0.000e+00 1.000e+00 0.000e+00 1.000e+00 0.000e+00
 0.000e+00 0.000e+00 1.000e+00 0.000e+00 4.096e+03 2.000e+00 5.000e+00] 0
[  0.   1.   0.   1.   0.   0.   1.   1.   0.   0.   0. 256.   3.   5.] 0.9449194815057735
[  0.   1.   0.   1.   0.   0.   1.   1.   0.   0.   0. 256.   2.   5.] 0.9332098658888103
[0.000e+00 1.000e+00 0.000e+00 1.000e+00 0.000e+00 1.000e+00 0.000e+00
 0.000e+00 1.000e+00 0.000e+00 0.000e+00 4.096e+03 6.000e+00 3.000e+00] 0
[ 0.  1.  0.  1.  0.  1.  0.  0.  0.  1.  0. 64.  4.  5.] 0
[  0.   1.   0.   1.   0.   0.   0.   1.   0.   1.   0. 256.   6.   6.] 0.9971320572345824
[  0.   1.   0.   1.   0.   1.   0.   0.   0.   1.   0. 256.   1.   5.] 0
[  0.   1.   0.   1.   0.   0.   0.   1.   0.   1.   0. 256.   5.   6.] 0.9854352141118802
[ 0.  1.  0.  1.  0.  0.  1.  1.  0.  0.  0. 64.  6.  2.] 0.9477919119043099
[ 0.  1.  0.  1.  0.  0.  0.  1.  0.  1.  0. 64.  4.  4.] 0.9450223518649568
[ 0.  1.  0.  1.  0.  0.  0.  1.  0.  1.  0. 64.  2.  4.] 0.9218233598563957
[ 0.  1.  0.  1.  0.  0.  1.  1.  0.  0.  0. 64.  1.  2.] 0.6305625
[  0.   1.   0.   1.   1.   0.   1.   0.   0.   0.   0. 256.   5.   4.] 0
[ 0.  1.  0.  1.  0.  0.  0.  1.  0.  1.  0. 64.  1.  1.] 0.35347874999999995
[0.000e+00 1.000e+00 0.000e+00 1.000e+00 0.000e+00 0.000e+00 1.000e+00
 1.000e+00 0.000e+00 0.000e+00 0.000e+00 4.096e+03 5.000e+00 4.000e+00] 0.9635414329357751
[  0.   1.   0.   1.   0.   0.   0.   1.   1.   0.   0. 256.   3.   3.] 0.9233885082071905

