[0.0, 1.0, 0.0, 1.0, 1.0, 1.0, 1, 1.0, 1.0, 1.0, 0.0, 1.0, 170.3034718] 0.9962622787573474
[0.0, 0.0, 1.0, 1.0, 1, 1.0, 1.0, 0.0, 0.0, 1.0, 1.0, 1.0, 104.6075695] 0.8128626946358409
[1.0, 1.0, 0.0, 1.0, 1.0, 1, 1, 0.0, 1.0, 1.0, 1.0, 1.0, 170.2500155] 0.9961130477879041
[1.0, 1.0, 1.0, 1.0, 1, 1.0, 1, 0.0, 0.0, 0.0, 1, 1.0, 169.5683143] 0.9942099805919592
[0.0, 1.0, 0.0, 1.0, 1.0, 1, 1.0, 0.0, 1, 1.0, 0.0, 1.0, 171.1972303] 0.9987573344832972
[0.0, 1.0, 0.0, 1.0, 1.0, 1.0, 0.0, 1.0, 1.0, 1.0, 0.0, 0.0, 124.3369207] 0.8679400233335114
[1.0, 1.0, 1.0, 1.0, 1.0, 1.0, 1.0, 0, 0.0, 1.0, 1.0, 0.0, 169.9866829] 0.9953779168644397
[0.0, 1.0, 1.0, 1.0, 1.0, 1.0, 0, 1, 1.0, 0, 1.0, 1.0, 125.5577307] 0.8713480904800581
[0.0, 1.0, 0.0, 1.0, 1.0, 1.0, 1, 0.0, 0.0, 1.0, 0.0, 1.0, 170.313175] 0.9962893666392751
[0.0, 1.0, 1.0, 1.0, 1.0, 0, 1.0, 1.0, 0.0, 1.0, 1.0, 0.0, 117.0463312] 0.847587291496527
[0.0, 1.0, 1.0, 1.0, 1.0, 1, 1.0, 0.0, 1.0, 0, 0.0, 0.0, 146.3050506] 0.9292672255871476
[1, 1.0, 0.0, 1.0, 0, 1.0, 1, 1, 0.0, 1.0, 1, 0, 123.4390137] 0.8654333864716293
[0.0, 1.0, 0.0, 1.0, 1.0, 1.0, 1, 1.0, 0.0, 1.0, 1, 0.0, 170.5539949] 0.9969616501145291
[1.0, 1.0, 1.0, 1.0, 1, 1.0, 1.0, 1.0, 0, 0.0, 1.0, 1.0, 170.0389183] 0.9955237395154882
[0.0, 1.0, 0.0, 1.0, 1.0, 1.0, 1.0, 0.0, 1.0, 0.0, 0.0, 1.0, 170.4570768] 0.9966910892635238
[0.0, 1.0, 1.0, 1.0, 1.0, 1.0, 1.0, 0.0, 0.0, 0.0, 1.0, 1, 170.6176486] 0.99713934859646
[1.0, 1.0, 1.0, 1.0, 1.0, 1.0, 1.0, 0.0, 0.0, 1.0, 1.0, 1.0, 170.6573937] 0.9972503027740521
[0.0, 1, 0.0, 1.0, 1, 1.0, 1.0, 1.0, 0.0, 0.0, 1.0, 0.0, 170.735281] 0.9974677364027602
[0.0, 1, 1, 1.0, 1.0, 1.0, 1.0, 0.0, 0.0, 0.0, 1, 1.0, 170.6176486] 0.99713934859646
[1.0, 1.0, 0.0, 1.0, 1, 1.0, 1.0, 0.0, 1.0, 0.0, 1.0, 1.0, 170.3253386] 0.9963233230825741
[1.0, 1.0, 0.0, 1.0, 1.0, 1.0, 1.0, 1.0, 1.0, 0.0, 0.0, 0.0, 169.744452] 0.9947016943792302
[1.0, 1.0, 0.0, 1.0, 0.0, 1.0, 1.0, 1.0, 0.0, 0.0, 0.0, 0.0, 124.0737309] 0.8672052910568375
[1, 1.0, 0.0, 1, 1.0, 1.0, 1.0, 0.0, 1.0, 1, 0.0, 1.0, 170.0900283] 0.9956664204501627
[0.0, 1.0, 1.0, 1.0, 1.0, 1.0, 0, 0.0, 1.0, 1.0, 0.0, 1.0, 125.2666435] 0.8705354785886907
[0.0, 1.0, 1, 1, 1.0, 1.0, 1.0, 1, 1.0, 1.0, 1.0, 0.0, 170.2764871] 0.9961869470763081
[0.0, 1.0, 0.0, 1.0, 1.0, 0.0, 1, 0.0, 0, 1.0, 0, 0.0, 117.2540631] 0.8481672050487421
[0.0, 1.0, 0, 1.0, 1.0, 1, 1.0, 1.0, 0.0, 0.0, 1.0, 1.0, 169.2854667] 0.9934203707320797
[0.0, 1.0, 1.0, 1.0, 1.0, 1.0, 0.0, 1.0, 1.0, 1.0, 0.0, 0.0, 125.0409369] 0.8699053860696101
[0, 1.0, 1.0, 1.0, 1, 1.0, 0, 1.0, 0.0, 1.0, 1.0, 1.0, 125.9674156] 0.8724917849518647
[0.0, 1.0, 0.0, 1, 1.0, 1.0, 1.0, 1.0, 1.0, 0.0, 0.0, 0.0, 170.6651847] 0.9972720524739552
