[1.0, 0.0, 1.0, 0.0, 0.0, 0, 4.0, 0.0, 2.0, 32.0, 10.0, 8.0, 9600.0] 0.42000000000000004
[1.0, 0.0, 0.0, 0.0, 0.0, 1.0, 4.0, 0.0, 2.0, 8.0, 64.0, 16.0, 9874.0] 0.45767500000000005
[1.0, 1.0, 0.0, 0, 0.0, 0, 4.0, 0.0, 1.0, 8.0, 8.0, 64.0, 15824.6] 0.8865928571428572
[1.0, 0.0, 1.0, 1.0, 1.0, 1, 3.0, 0.0, 3.0, 8.0, 8.0, 0.0, 15287.0] 0.8673928571428572
[1.0, 1.0, 0.0, 0.0, 0.0, 1.0, 2.0, 0.0, 1.0, 8.0, 16.0, 8.0, 10050.8] 0.48198499999999994
[1.0, 0.0, 1.0, 0.0, 0.0, 0.0, 4.0, 0.0, 1.0, 20.0, 10.0, 32.0, 10318.6] 0.5188075000000001
[1.0, 0.0, 0.0, 0.0, 0.0, 0.0, 1.0, 0.0, 3.0, 10.0, 16.0, 64.0, 9861.0] 0.45588750000000006
[1.0, 0.0, 1, 0.0, 0.0, 1.0, 4.0, 0.0, 4.0, 8.0, 8.0, 32.0, 14283.6] 0.8315571428571429
[1, 0.0, 0.0, 0.0, 0.0, 1.0, 4, 0.0, 2, 10, 8.0, 64.0, 16594.6] 0.914092857142857
[1.0, 0.0, 1, 0.0, 0.0, 1.0, 2.0, 0.0, 1.0, 10.0, 10.0, 64.0, 14268.4] 0.8310142857142857
[1.0, 0.0, 1.0, 0.0, 0.0, 0.0, 2.0, 0.0, 1.0, 8.0, 8.0, 8.0, 15856.6] 0.8877357142857143
[1, 0, 1, 0.0, 0.0, 0.0, 4.0, 0.0, 1.0, 16.0, 16.0, 0.0, 10159.0] 0.4968625
[1.0, 0.0, 1.0, 0.0, 0.0, 1.0, 2.0, 0.0, 1.0, 32.0, 8.0, 128.0, 9720.4] 0.436555
[1.0, 0.0, 0.0, 0.0, 0.0, 0.0, 3, 0.0, 4.0, 8.0, 8.0, 128.0, 16271.8] 0.9025642857142857
[1.0, 1.0, 0.0, 0.0, 0.0, 0.0, 3.0, 0.0, 2.0, 8.0, 10.0, 32.0, 14499.8] 0.8392785714285714
[1.0, 0.0, 0.0, 0.0, 0.0, 0.0, 1, 0.0, 3, 16.0, 16.0, 0.0, 9591.0] 0.41876250000000004
[1.0, 1.0, 0.0, 0.0, 0.0, 0, 3.0, 0.0, 1.0, 16.0, 8, 32.0, 9962.0] 0.46977500000000005
[1.0, 0.0, 0.0, 0.0, 0.0, 1, 3.0, 0.0, 1.0, 20.0, 10, 64.0, 11302.0] 0.6540250000000001
[1.0, 0.0, 0.0, 0, 0.0, 1.0, 2.0, 0, 2.0, 10.0, 8.0, 10.0, 14331.8] 0.8332785714285714
[1.0, 0.0, 1.0, 0.0, 0.0, 1.0, 2.0, 0.0, 3.0, 8.0, 8, 128.0, 14801.0] 0.8500357142857142
[1, 0.0, 0.0, 0.0, 0.0, 1, 4.0, 0.0, 2, 10.0, 8.0, 32.0, 15938.6] 0.8906642857142857
[1.0, 0.0, 1.0, 1.0, 1.0, 1.0, 4.0, 0.0, 1.0, 16.0, 10.0, 64.0, 10726.4] 0.57488
[1.0, 0.0, 0.0, 0.0, 0.0, 0.0, 3.0, 0.0, 1.0, 8.0, 8.0, 64.0, 19555.0] 1.0
[1.0, 0.0, 1.0, 1.0, 1.0, 0, 1.0, 0.0, 1.0, 16.0, 10.0, 32.0, 10233.0] 0.5070375
[1, 0.0, 0.0, 0.0, 0.0, 0, 3.0, 0.0, 2.0, 10, 8.0, 20.0, 14802.2] 0.8500785714285715
[1.0, 0, 1.0, 0.0, 0, 0, 4.0, 0, 2.0, 8.0, 8.0, 128.0, 15571.0] 0.8775357142857143
[1.0, 0.0, 0.0, 0.0, 0.0, 1.0, 3.0, 0.0, 2.0, 20.0, 8.0, 8.0, 10942.2] 0.6045525
[1.0, 0.0, 1, 0, 0.0, 1.0, 3.0, 0.0, 3.0, 8.0, 10.0, 16.0, 13148.0] 0.791
[1.0, 0.0, 1.0, 1, 1.0, 0.0, 4.0, 0.0, 1.0, 8.0, 16.0, 0.0, 12748.2] 0.7767214285714286
[1.0, 0.0, 0.0, 0.0, 0.0, 0.0, 3, 0.0, 2.0, 8.0, 8.0, 32.0, 18826.2] 0.9937928571428571
