[1, 0, 1, 0, 0, 1, 3, 0, 1, 32, 10, 20] 0.06880165289256199
[1, 0, 0, 0, 0, 1, 3, 0, 3, 20, 20, 128] 0.017909090909090895
[1, 1, 0, 0, 0, 0, 3, 1, 0, 0, 0, 0] 0.08058677685950416
[1, 0, 0, 0, 0, 0, 1, 0, 2, 64, 32, 128] 0.007743801652892547
[1.0, 1.0, 1.0, 0.0, 0.0, 0.0, 3.0, 0.0, 3.0, 20.0, 8.0, 128.0] 0.08988429752066118
[1, 0, 1, 1, 1, 0, 2, 1, 0, 0, 0, 0] 0.08979338842975207
[1, 0, 1, 1, 1, 0, 4, 0, 1, 64, 64, 64] 0.01473553719008266
[1.0, 0.0, 1.0, 0.0, 0.0, 1.0, 4.0, 0.0, 4.0, 128.0, 0.0, 0.0] 0.060363636363636335
[1, 1, 1, 0, 0, 1, 3, 1, 0, 0, 0, 0] 0.07954545454545454
[1, 1, 0, 0, 0, 1, 2, 0, 1, 8, 10, 8] 0.5113000000000001
[1, 0, 0, 0, 0, 0, 4, 0, 2, 16, 128, 128] 0.09222314049586774
[1, 1, 1, 0, 0, 0, 4, 1, 0, 0, 0, 0] 0.0784297520661157
[1, 0, 0, 0, 0, 1, 4, 0, 2, 64, 128, 64] 0.0019834710743801653
[1.0, 0.0, 1.0, 0.0, 0.0, 0.0, 4.0, 0.0, 4.0, 8.0, 128.0, 0.0] 0.07830578512396695
[1, 0, 1, 1, 1, 0, 3, 1, 0, 0, 0, 0] 0.09131404958677683
[1, 0, 1, 1, 1, 0, 4, 0, 4, 32, 8, 0] 0.0780413223140496
[1, 0, 0, 0, 0, 1, 3, 0, 1, 64, 128, 32] 0.06626446280991737
[1, 0, 1, 0, 0, 0, 3, 0, 2, 64, 128, 64] 0.00604132231404958
[1, 0, 0, 0, 0, 0, 2, 0, 1, 64, 0, 128] 0.09462809917355372
[1, 0, 0, 0, 0, 0, 3, 1, 0, 0, 0, 0] 0.09077685950413221
[1, 1, 1, 1, 1, 0, 3, 1, 0, 0, 0, 0] 0.08024793388429752
[1, 0, 1, 0, 0, 0, 2, 0, 3, 20, 128, 128] 0.011338842975206598
[1, 0, 0, 0, 0, 0, 3, 0, 4, 32, 8, 16] 0.05642148760330578
[1.0, 1.0, 1.0, 1.0, 1.0, 1.0, 2.0, 0.0, 2.0, 128.0, 0.0, 128.0] 0.034256198347107435
[1, 0, 1, 0, 0, 0, 4, 0, 4, 32, 128, 10] 0
[1, 0, 0, 0, 0, 1, 2, 0, 1, 20, 10, 64] 0.1477190082644628
[1.0, 0.0, 1.0, 0.0, 0.0, 1.0, 4.0, 0.0, 4.0, 8.0, 128.0, 128.0] 0.07123140495867766
[1.0, 1.0, 1.0, 1.0, 1.0, 0.0, 4.0, 0.0, 4.0, 8.0, 128.0, 0.0] 0.0666859504132231
[1, 0, 1, 1, 1, 0, 1, 1, 0, 0, 0, 0] 0.09269421487603309
[1.0, 1.0, 1.0, 0.0, 0.0, 1.0, 4.0, 1.0, 0.0, 0.0, 0.0, 0.0] 0.0787603305785124
