[1, 0, 0, 0.0, 0.0, 0.0, 3, 0.0, 1, 8.0, 10.0, 0.0, 18899.0] 0.7640714285714285
[1, 0, 0, 0.0, 0.0, 0, 3, 0.0, 2.0, 8, 8, 0.0, 19692.2] 0.9340428571428573
[1.0, 0, 0, 0.0, 0.0, 1, 4.0, 0.0, 1, 8.0, 8.0, 20.0, 17158.4] 0.3936000000000002
[1.0, 0, 0.0, 0.0, 0, 0.0, 4, 0.0, 2.0, 8, 8, 0.0, 19707.8] 0.9373857142857142
[1, 0.0, 0.0, 0.0, 0.0, 0, 4.0, 0.0, 2.0, 10.0, 8.0, 0, 17862.4] 0.5419428571428575
[1.0, 0, 0.0, 0.0, 0, 0.0, 3, 0.0, 2, 8, 10.0, 0, 18819.2] 0.7469714285714287
[1.0, 0.0, 0.0, 0.0, 0.0, 0.0, 2.0, 0.0, 1.0, 32.0, 128.0, 0.0, 8905.6] 0
[1, 0, 0, 0.0, 0.0, 0.0, 3, 0.0, 1, 8.0, 8.0, 0, 19673.8] 0.9300999999999998
[1.0, 0, 0.0, 0.0, 0, 0.0, 3.0, 0.0, 2.0, 8.0, 8, 0.0, 19692.2] 0.9340428571428573
[1.0, 1.0, 0.0, 0.0, 0.0, 1.0, 2.0, 0.0, 2.0, 10.0, 0.0, 32.0, 8487.8] 0
[1, 0.0, 0, 0.0, 0, 0, 3, 0, 2, 8.0, 8, 64.0, 19541.8] 0.9018142857142856
[1, 0.0, 0.0, 0.0, 0.0, 0, 4, 0.0, 2, 8.0, 8.0, 0, 19707.8] 0.9373857142857142
[1, 0, 0.0, 0.0, 0.0, 0.0, 4.0, 0.0, 1, 8, 8.0, 0, 19332.8] 0.8570285714285713
[1.0, 0.0, 1.0, 0.0, 0.0, 0.0, 1.0, 0.0, 2.0, 32.0, 8.0, 128.0, 8910.6] 0
[1.0, 0.0, 1.0, 0.0, 0.0, 1.0, 2.0, 0.0, 1.0, 8.0, 0.0, 64.0, 9125.6] 0
[1.0, 0.0, 0, 0.0, 0.0, 1.0, 3, 0.0, 1, 8.0, 10.0, 128.0, 17464.8] 0.456742857142857
[1, 0, 0, 0.0, 0.0, 0.0, 3.0, 0.0, 1, 8, 10.0, 64.0, 18790.8] 0.7408857142857141
[1.0, 1.0, 1.0, 0.0, 0.0, 0.0, 4.0, 0.0, 1.0, 8.0, 8.0, 128.0, 14816.8] 0.1347469879518072
[1, 0.0, 0, 0, 0.0, 0, 4, 0.0, 1, 8, 10.0, 128, 18754.8] 0.7331714285714284
[1, 0.0, 1.0, 0.0, 0.0, 0, 2, 0.0, 1.0, 8, 10.0, 0, 15708.8] 0.18848192771084335
[1.0, 0.0, 1.0, 0.0, 0.0, 0.0, 2.0, 0.0, 4.0, 10.0, 128.0, 16.0, 6886.0] 0
[1.0, 0.0, 0.0, 0.0, 0.0, 0, 3, 0.0, 2, 8.0, 8.0, 0, 19692.2] 0.9340428571428573
[1.0, 0, 0.0, 0.0, 0.0, 0.0, 4, 0.0, 2, 8.0, 8.0, 0, 19707.8] 0.9373857142857142
[1.0, 0.0, 0.0, 0.0, 0.0, 0.0, 3.0, 0, 2, 8.0, 8.0, 0, 19692.2] 0.9340428571428573
[1.0, 0.0, 1.0, 0.0, 0.0, 0.0, 2.0, 0.0, 3.0, 64.0, 20.0, 16.0, 6704.6] 0
[1.0, 0, 1, 1, 1.0, 0, 1, 0, 2.0, 8.0, 8.0, 0, 16509.6] 0.2937846153846152
[1.0, 0.0, 1.0, 0.0, 0.0, 0.0, 4.0, 0.0, 1.0, 32.0, 64.0, 20.0, 7573.6] 0
[1.0, 0.0, 0.0, 0.0, 0.0, 1.0, 4.0, 0.0, 1.0, 8.0, 10.0, 20.0, 16561.6] 0.3017846153846152
[1.0, 0, 0.0, 0.0, 0.0, 0.0, 4.0, 0, 1.0, 8.0, 10.0, 32.0, 18365.8] 0.6498142857142856
[1.0, 0.0, 0, 0, 0, 0, 3, 0.0, 1, 8.0, 8, 0, 19673.8] 0.9300999999999998
