[1, 0.0, 0, 0.0, 0.0, 0.0, 3, 0.0, 2, 8.0, 8, 0, 19692.2] 0.9340428571428573
[1, 0, 0, 0.0, 0.0, 0, 4, 0.0, 2.0, 8, 8, 0.0, 19707.8] 0.9373857142857142
[1, 0, 0, 0, 0, 0, 3, 0.0, 1, 8, 8.0, 64, 19555.0] 0.9046428571428572
[1.0, 0, 0.0, 0.0, 0, 0.0, 4, 0.0, 2.0, 8, 8, 0.0, 19707.8] 0.9373857142857142
[1.0, 0.0, 0.0, 0.0, 0.0, 0, 4.0, 0.0, 2.0, 8, 8.0, 0, 19707.8] 0.9373857142857142
[1, 0, 0, 0.0, 0, 0.0, 4, 0.0, 2, 8, 8, 0, 19707.8] 0.9373857142857142
[1.0, 0.0, 0.0, 0.0, 0.0, 0.0, 2.0, 0.0, 1.0, 32.0, 128.0, 0.0, 8905.6] 0
[1.0, 0, 0, 0.0, 0.0, 0.0, 4, 0.0, 2, 8.0, 8.0, 0, 19707.8] 0.9373857142857142
[1.0, 0, 0.0, 0, 0, 0.0, 4, 0.0, 2.0, 8.0, 8, 0.0, 19707.8] 0.9373857142857142
[1.0, 1.0, 0.0, 0.0, 0.0, 1.0, 2.0, 0.0, 2.0, 10.0, 0.0, 32.0, 8487.8] 0
[1, 0.0, 0, 0, 0, 0.0, 3, 0, 1, 8.0, 8, 128, 19583.4] 0.9107285714285718
[1, 0.0, 0.0, 0.0, 0.0, 0, 4, 0.0, 2, 8.0, 8.0, 0, 19707.8] 0.9373857142857142
[1, 0, 0.0, 0.0, 0.0, 0.0, 4, 0.0, 2, 8, 8.0, 0, 19707.8] 0.9373857142857142
[1.0, 0.0, 1.0, 0.0, 0.0, 0.0, 1.0, 0.0, 2.0, 32.0, 8.0, 128.0, 8910.6] 0
[1.0, 0.0, 1.0, 0.0, 0.0, 1.0, 2.0, 0.0, 1.0, 8.0, 0.0, 64.0, 9125.6] 0
[1.0, 0, 0, 0.0, 0.0, 0, 3, 0.0, 1.0, 8.0, 8.0, 128.0, 19583.4] 0.9107285714285718
[1.0, 0, 0, 0.0, 0.0, 0, 3.0, 0.0, 1, 8, 8, 0, 19673.8] 0.9300999999999998
[1.0, 0, 0.0, 0.0, 0.0, 0.0, 4.0, 0.0, 1.0, 8.0, 8.0, 0, 19332.8] 0.8570285714285713
[1, 0.0, 0, 0, 0.0, 0, 3, 0, 1, 8, 8, 0, 19673.8] 0.9300999999999998
[1, 0.0, 0, 0, 0.0, 0, 4, 0, 1.0, 8, 8, 0.0, 19332.8] 0.8570285714285713
[1.0, 0, 1, 0.0, 0.0, 0.0, 1.0, 0.0, 2.0, 8.0, 10.0, 64.0, 15268.4] 0.16195180722891567
[1, 0.0, 0.0, 0, 0, 0, 4, 0, 2, 8.0, 8.0, 0, 19707.8] 0.9373857142857142
[1.0, 0, 0.0, 0.0, 0.0, 0.0, 4, 0.0, 2, 8.0, 8.0, 0, 19707.8] 0.9373857142857142
[1, 0.0, 0.0, 0.0, 0, 0.0, 4, 0, 2, 8.0, 8.0, 0, 19707.8] 0.9373857142857142
[1.0, 0.0, 1.0, 0.0, 0.0, 0.0, 2.0, 0.0, 3.0, 64.0, 20.0, 16.0, 6704.6] 0
[1, 0, 1, 1, 1.0, 0, 1, 0, 1, 8.0, 8.0, 0, 16523.4] 0.29590769230769254
[1.0, 0.0, 1.0, 0.0, 0.0, 0.0, 4.0, 0.0, 1.0, 32.0, 64.0, 20.0, 7573.6] 0
[1.0, 0, 0.0, 0.0, 0.0, 0, 4, 0.0, 1.0, 8.0, 8, 64, 19121.2] 0.8116857142857145
[1.0, 0.0, 0.0, 0, 0, 0.0, 3, 0, 1.0, 8, 8, 64, 19555.0] 0.9046428571428572
[1.0, 0.0, 0, 0, 0, 0, 3, 0.0, 1, 8.0, 8, 0, 19673.8] 0.9300999999999998
