[1.0, 1.0, 0.0, 0.0, 0.0, 0.0, 2.0, 0.0, 4.0, 10.0, 10.0, 8.0, 11575.2] 0
[1.0, 0.0, 1.0, 0.0, 0.0, 1.0, 3.0, 0, 3.0, 8.0, 8.0, 10.0, 14500.6] 0.11569879518072293
[1.0, 1.0, 1.0, 1.0, 1.0, 1.0, 2.0, 0.0, 2.0, 0.0, 16.0, 8.0, 5073.6] 0
[1.0, 0.0, 0.0, 0.0, 0.0, 0.0, 3.0, 0.0, 1.0, 0.0, 0.0, 128.0, 8257.2] 0
[1.0, 0.0, 1.0, 1.0, 1.0, 0.0, 4.0, 0.0, 3.0, 64.0, 8.0, 32.0, 7260.6] 0
[1.0, 0.0, 1.0, 1.0, 1.0, 1.0, 2.0, 0.0, 3.0, 0.0, 16.0, 10.0, 5192.4] 0
[1.0, 0.0, 0.0, 0.0, 0.0, 0, 3.0, 0.0, 2.0, 10.0, 8, 20.0, 14802.2] 0.13386746987951811
[1.0, 0.0, 0.0, 0.0, 0.0, 0.0, 3.0, 0.0, 3.0, 10.0, 0.0, 128.0, 8505.4] 0
[1.0, 0.0, 1.0, 0.0, 0.0, 0.0, 2.0, 0.0, 3.0, 8.0, 128.0, 20.0, 6608.0] 0
[1.0, 1.0, 1.0, 1.0, 1.0, 0.0, 4.0, 0.0, 4.0, 0.0, 128.0, 128.0, 6927.2] 0
[1.0, 0.0, 1.0, 0.0, 0.0, 1.0, 2.0, 0.0, 3.0, 0.0, 16.0, 20.0, 5280.6] 0
[1.0, 0.0, 1.0, 0.0, 0.0, 0.0, 2.0, 0.0, 3.0, 128.0, 64.0, 32.0, 6057.8] 0
[1.0, 0.0, 0.0, 0.0, 0.0, 0.0, 1.0, 0.0, 3.0, 0.0, 10.0, 10.0, 6075.4] 0
[1.0, 0.0, 1.0, 0.0, 0.0, 1.0, 4.0, 0.0, 2.0, 10, 10.0, 10.0, 12786.0] 0.012409638554216867
[1.0, 1.0, 0.0, 0.0, 0.0, 1.0, 4.0, 0.0, 4.0, 8.0, 10.0, 20.0, 13187.4] 0
[1.0, 0.0, 0.0, 0.0, 0.0, 1.0, 3.0, 0.0, 2, 8.0, 20.0, 20.0, 12716.8] 0.008240963855421644
[1.0, 1.0, 1.0, 1.0, 1.0, 1.0, 3.0, 0.0, 1.0, 0.0, 8.0, 20.0, 4856.6] 0
[1.0, 1.0, 1.0, 1.0, 1.0, 0.0, 1.0, 0.0, 2.0, 32.0, 8.0, 8.0, 7539.0] 0
[1.0, 0.0, 0, 0, 0.0, 0.0, 3.0, 0.0, 3.0, 8.0, 10.0, 10.0, 14229.8] 0.09938554216867466
[1.0, 0.0, 1.0, 0.0, 0, 0.0, 1.0, 0.0, 3.0, 8.0, 8, 128, 15476.4] 0.17448192771084337
[1.0, 0.0, 1.0, 0.0, 0.0, 0.0, 2.0, 0.0, 3.0, 8.0, 10.0, 20.0, 13155.6] 0.03467469879518075
[1.0, 0, 0.0, 0.0, 0.0, 0.0, 4.0, 0.0, 2.0, 8.0, 8.0, 64.0, 19505.4] 0.894014285714286
[1.0, 1.0, 1.0, 1.0, 1.0, 1.0, 3.0, 0.0, 2.0, 20.0, 32.0, 32.0, 6123.8] 0
[1, 0.0, 0.0, 0.0, 0.0, 1.0, 2.0, 0.0, 1.0, 8.0, 8, 0.0, 17116.2] 0.38710769230769243
[1, 0.0, 1.0, 0.0, 0.0, 0.0, 3.0, 0.0, 1.0, 8.0, 10.0, 0.0, 15374.2] 0.16832530120481934
[1.0, 0.0, 1.0, 0.0, 0.0, 0.0, 1.0, 0.0, 2.0, 0.0, 128.0, 20.0, 7536.4] 0
[1.0, 0.0, 1.0, 0.0, 0.0, 0.0, 3.0, 0.0, 1.0, 8.0, 8.0, 64.0, 15516.0] 0.17686746987951807
[1.0, 1.0, 0.0, 0.0, 0.0, 0.0, 3.0, 0.0, 4.0, 0.0, 8.0, 32.0, 5351.4] 0
[1.0, 0.0, 0.0, 0.0, 0.0, 0.0, 1.0, 0.0, 3.0, 10.0, 8.0, 20.0, 13121.2] 0.03260240963855426
[1.0, 1.0, 0.0, 0.0, 0.0, 1.0, 3, 0.0, 1.0, 8.0, 8.0, 10.0, 15165.2] 0.15573493975903618
