[1, 1.0, 1.0, 1.0, 0.0, 1.0, 1.0, 1.0, 1.0, 0.0, 1.0, 0.0, 123.0403931] 0.8643205795886607
[0.0, 1.0, 0.0, 1, 1.0, 1.0, 1.0, 1.0, 1.0, 0.0, 1.0, 1.0, 170.4742329] 0.9967389829904534
[1.0, 1.0, 1.0, 1.0, 1.0, 0.0, 1.0, 1, 0.0, 0.0, 0, 1.0, 115.2955496] 0.8426997322106934
[0.0, 1.0, 0.0, 1.0, 1.0, 1.0, 0.0, 0.0, 1, 0.0, 0.0, 0.0, 125.1588278] 0.8702344955159341
[1.0, 1.0, 1.0, 1.0, 0.0, 0.0, 1.0, 1.0, 0.0, 1.0, 0.0, 1.0, 71.21838403] 0.41624512039999995
[1.0, 1.0, 1, 1.0, 0.0, 1.0, 0.0, 0, 1.0, 1.0, 1, 1.0, 76.00578117] 0.4800770822666668
[1.0, 1.0, 0.0, 0.0, 1.0, 1, 0.0, 1.0, 1.0, 1.0, 0.0, 1.0, 61.03562593] 0.3357392539784947
[1.0, 1.0, 0.0, 1.0, 1.0, 1.0, 0.0, 1.0, 1.0, 1.0, 0.0, 0.0, 122.4013927] 0.8625367178330474
[1.0, 1.0, 0.0, 1.0, 1.0, 0.0, 1.0, 1.0, 1.0, 1.0, 1.0, 1.0, 116.6076946] 0.8463627741795547
[0.0, 1.0, 0.0, 1.0, 0.0, 1.0, 0.0, 1.0, 1.0, 0.0, 0.0, 1.0, 78.49312997] 0.5132417329333333
[1, 1.0, 0.0, 1.0, 1.0, 1.0, 0.0, 1.0, 1.0, 1.0, 0.0, 1, 123.538394] 0.865710820908965
[1.0, 1.0, 0, 0.0, 1.0, 1.0, 1.0, 1.0, 1.0, 1, 0.0, 0, 65.87580895] 0.37043590645161295
[0.0, 1.0, 0.0, 1.0, 1.0, 1.0, 1.0, 0.0, 1.0, 0.0, 0.0, 1.0, 170.4570768] 0.9966910892635238
[0.0, 1.0, 0.0, 1.0, 0.0, 1, 1.0, 0.0, 1.0, 0.0, 1.0, 0, 124.1386487] 0.8673865184561921
[1.0, 1, 0.0, 1.0, 1.0, 1.0, 0.0, 0.0, 1.0, 0.0, 1.0, 1.0, 123.0832324] 0.8644401716717129
[1.0, 1, 0.0, 0.0, 1, 1.0, 1.0, 1.0, 0.0, 1.0, 0.0, 1.0, 66.49665499] 0.3748864156989247
[0.0, 1.0, 1.0, 1.0, 1.0, 0.0, 1.0, 1.0, 1.0, 1.0, 1.0, 0.0, 117.4273846] 0.8486510570076384
[0.0, 1.0, 1.0, 1.0, 1.0, 1.0, 0.0, 1.0, 0.0, 0.0, 1.0, 0.0, 124.529305] 0.8684770918473189
[1.0, 1.0, 1.0, 1.0, 1.0, 1.0, 0.0, 1.0, 1.0, 1.0, 0.0, 0.0, 123.5997839] 0.8658821996667733
[0.0, 1.0, 1.0, 1.0, 1.0, 1.0, 1.0, 0.0, 0.0, 0.0, 0.0, 1.0, 171.5690527] 0.9997953303268684
[1.0, 1.0, 0.0, 1.0, 1.0, 1.0, 1.0, 1, 0, 1.0, 0.0, 1.0, 169.9386673] 0.9952438743935541
[0.0, 1, 0, 1.0, 1, 1.0, 1.0, 0.0, 0.0, 0.0, 0, 0.0, 169.3059807] 0.9934776385210429
[0.0, 1.0, 1.0, 1.0, 0.0, 0.0, 1.0, 1.0, 0.0, 0.0, 1.0, 1.0, 69.61702752] 0.397254677562724
[0.0, 1.0, 0.0, 1.0, 1.0, 1.0, 0.0, 0.0, 1.0, 1.0, 0.0, 1.0, 124.6350284] 0.8687722339629317
[0.0, 1.0, 0.0, 1.0, 1.0, 0.0, 1.0, 1.0, 1.0, 0.0, 0.0, 0.0, 116.379395] 0.8457254429270832
[0.0, 1.0, 1.0, 1.0, 0.0, 0.0, 1.0, 0.0, 1, 0, 0, 0.0, 69.1471653] 0.3938864896057348
[1.0, 1.0, 1.0, 1.0, 1.0, 0.0, 0.0, 0.0, 0.0, 0.0, 0.0, 0.0, 100.6150973] 0.8017171328053175
[0.0, 1.0, 1.0, 1.0, 0.0, 1.0, 1.0, 0.0, 0.0, 0.0, 1.0, 0.0, 124.1951375] 0.8675442150866488
[1.0, 1.0, 0, 1.0, 1.0, 1.0, 1, 0.0, 0.0, 0, 1.0, 1.0, 168.3345232] 0.9907656748329863
[0.0, 1.0, 0.0, 1.0, 1.0, 1.0, 0.0, 0.0, 0.0, 1.0, 0.0, 1.0, 124.2786868] 0.8677774550047744
