[0.0, 1.0, 1.0, 1.0, 1.0, 1.0, 1.0, 0.0, 0.0, 1, 0.0, 1.0, 170.6936717] 0.9973515780420648
[1.0, 1.0, 1.0, 1.0, 1, 1.0, 1.0, 0.0, 0.0, 1.0, 1, 0.0, 169.9866829] 0.9953779168644397
[0.0, 1.0, 1.0, 1.0, 1, 1.0, 1.0, 0.0, 0.0, 0, 1.0, 1.0, 170.6176486] 0.99713934859646
[0.0, 1, 0, 1.0, 1.0, 1.0, 0.0, 0.0, 1, 1.0, 1.0, 1.0, 125.361629] 0.8708006443081296
[0, 1.0, 0, 1, 1.0, 1.0, 0.0, 1.0, 0.0, 1.0, 0.0, 0.0, 125.1767321] 0.8702844779510485
[1, 1.0, 1.0, 1.0, 1.0, 1.0, 1.0, 1.0, 0.0, 1.0, 0, 0.0, 170.0739989] 0.9956216720687447
[0.0, 1.0, 1.0, 1.0, 1.0, 1, 0.0, 1.0, 1.0, 1.0, 0.0, 0.0, 125.0409369] 0.8699053860696101
[0.0, 1.0, 0.0, 1.0, 1.0, 1.0, 1, 0.0, 0, 1.0, 1, 0.0, 170.5559134] 0.9969670058839122
[1.0, 1.0, 0, 1.0, 1.0, 1, 1.0, 1.0, 0.0, 1.0, 0.0, 0, 170.4227512] 0.9965952644016325
[0.0, 1.0, 0.0, 1.0, 1, 1.0, 1.0, 0, 1.0, 1.0, 0.0, 1.0, 171.1972303] 0.9987573344832972
[1, 1.0, 0.0, 1, 1.0, 1.0, 1.0, 0, 1, 0.0, 0, 0.0, 170.2000723] 0.9959736241436732
[0.0, 1.0, 1.0, 1, 1.0, 1.0, 1.0, 1, 1.0, 0.0, 0.0, 1.0, 170.5469792] 0.9969420647763683
[0.0, 1.0, 1, 1.0, 1.0, 1, 1.0, 1.0, 1.0, 0.0, 0.0, 1, 170.5469792] 0.9969420647763683
[0.0, 1.0, 1.0, 1.0, 1, 1.0, 1, 1, 0.0, 1.0, 0.0, 1.0, 170.3886647] 0.9965001070218675
[0.0, 1.0, 0, 1.0, 1.0, 1.0, 1.0, 1.0, 1.0, 0.0, 1, 0.0, 170.2122025] 0.9960074873460562
[0.0, 1.0, 0, 1.0, 1.0, 1.0, 1.0, 0.0, 1.0, 1.0, 1.0, 0.0, 170.3049545] 0.9962664179281915
[0.0, 1.0, 1.0, 1.0, 1, 1.0, 1.0, 1, 1.0, 0.0, 0.0, 1.0, 170.5469792] 0.9969420647763683
[0, 1.0, 1.0, 1.0, 1.0, 1.0, 1.0, 0.0, 0, 0.0, 0.0, 0.0, 171.3028867] 0.999052289558749
[0.0, 1.0, 0.0, 1.0, 1, 1.0, 1.0, 0.0, 0.0, 0, 0, 1.0, 171.4235804] 0.9993892234254156
[0.0, 1.0, 1.0, 1.0, 1.0, 0.0, 1.0, 1.0, 0, 1.0, 0, 0, 117.0562754] 0.8476150521647053
[0, 1, 0.0, 1.0, 1.0, 1.0, 1.0, 0.0, 1, 1.0, 1.0, 1.0, 170.0842576] 0.9956503107090215
[1, 1.0, 0, 1.0, 1.0, 1.0, 1.0, 0.0, 0.0, 0.0, 0.0, 1.0, 170.1596611] 0.9958608104518847
[1.0, 1, 0.0, 1.0, 1.0, 1.0, 1.0, 0.0, 1, 0, 0.0, 1.0, 170.3206944] 0.9963103581286157
[1.0, 1.0, 1.0, 1.0, 1.0, 1.0, 1.0, 0, 0.0, 0.0, 0.0, 0.0, 169.5646741] 0.9941998184487699
[1.0, 1.0, 0.0, 1.0, 1.0, 1.0, 1.0, 0, 1.0, 1.0, 0.0, 1.0, 170.0900283] 0.9956664204501627
[0.0, 1.0, 0.0, 1.0, 1.0, 1.0, 1.0, 0.0, 1.0, 1.0, 0.0, 1.0, 171.1972303] 0.9987573344832972
[0.0, 1.0, 0.0, 1.0, 1, 1.0, 1.0, 0.0, 1.0, 1.0, 0.0, 0.0, 169.9893966] 0.9953854925492845
[0.0, 1.0, 1.0, 1.0, 1.0, 1.0, 1.0, 0.0, 0, 1.0, 0.0, 1.0, 170.6936717] 0.9973515780420648
[0.0, 1.0, 0, 1.0, 1.0, 1.0, 1.0, 0.0, 1.0, 1.0, 1.0, 0.0, 170.3049545] 0.9962664179281915
[0.0, 1.0, 1.0, 1.0, 1.0, 1.0, 0.0, 0.0, 1.0, 0.0, 1.0, 1, 125.5573218] 0.8713469489767478
