[0.0, 1.0, 0.0, 1.0, 1, 1.0, 1.0, 0.0, 1.0, 1.0, 0, 1.0, 171.1972303] 0.9987573344832972
[0, 1, 1, 1.0, 1, 1.0, 1.0, 0, 0.0, 0, 0.0, 1, 171.5690527] 0.9997953303268684
[0.0, 1.0, 1.0, 1.0, 1.0, 1.0, 1.0, 1, 1.0, 0.0, 1.0, 1.0, 170.6282685] 0.997168995578619
[0.0, 1, 1.0, 1.0, 1.0, 1.0, 1, 0, 0.0, 0, 1, 0.0, 171.6423678] 1.0
[0, 1.0, 0.0, 1, 1, 1.0, 1.0, 1.0, 1.0, 0, 0.0, 0, 170.6651847] 0.9972720524739552
[0, 1.0, 1.0, 1.0, 1.0, 1, 1.0, 0.0, 0, 0.0, 1, 0, 171.6423678] 1.0
[0.0, 1.0, 1, 1.0, 1.0, 1, 1.0, 1.0, 1, 0.0, 1, 1.0, 170.6282685] 0.997168995578619
[0.0, 1.0, 1.0, 1.0, 1, 1, 1.0, 0.0, 0, 0.0, 0, 1.0, 171.5690527] 0.9997953303268684
[0.0, 1.0, 1.0, 1.0, 1.0, 1.0, 1.0, 0.0, 0, 0, 1.0, 0, 171.6423678] 1.0
[0, 1.0, 1, 1.0, 1.0, 1, 1.0, 1, 1.0, 0, 1, 1.0, 170.6282685] 0.997168995578619
[1, 1.0, 0, 1.0, 1, 1.0, 1, 0, 0.0, 1, 1.0, 0.0, 170.7705431] 0.9975661756394378
[0.0, 1.0, 1, 1.0, 1, 1, 1.0, 0.0, 0, 0, 1, 0, 171.6423678] 1.0
[0, 1.0, 0, 1, 1, 1.0, 1.0, 0.0, 1, 1, 0, 1, 171.1972303] 0.9987573344832972
[0, 1.0, 0, 1, 1.0, 1.0, 1.0, 1.0, 0.0, 0.0, 1, 0, 170.735281] 0.9974677364027602
[0.0, 1.0, 1.0, 1.0, 1, 1.0, 1.0, 0, 0.0, 0.0, 0.0, 1.0, 171.5690527] 0.9997953303268684
[0.0, 1.0, 1.0, 1, 1.0, 1.0, 1.0, 0, 0, 0, 1.0, 0, 171.6423678] 1.0
[0.0, 1.0, 1.0, 1.0, 1.0, 1, 1, 1.0, 1, 0, 1.0, 1, 170.6282685] 0.997168995578619
[0.0, 1.0, 1, 1.0, 1.0, 1, 1, 0, 0.0, 0, 1.0, 0.0, 171.6423678] 1.0
[0, 1, 1, 1.0, 1, 1, 1, 1.0, 1.0, 0, 1, 1, 170.6282685] 0.997168995578619
[1.0, 1.0, 1.0, 1.0, 1.0, 1, 1.0, 0, 0, 1.0, 1.0, 1.0, 170.6573937] 0.9972503027740521
[1, 1, 0, 1.0, 1, 1.0, 1.0, 0, 0.0, 1.0, 1.0, 0.0, 170.7705431] 0.9975661756394378
[1.0, 1, 0.0, 1.0, 1.0, 1.0, 1, 0.0, 0.0, 1.0, 1, 0, 170.7705431] 0.9975661756394378
[0.0, 1.0, 1, 1.0, 1, 1.0, 1.0, 0, 0, 0, 0, 1.0, 171.5690527] 0.9997953303268684
[1.0, 1, 1.0, 1.0, 1.0, 1.0, 1, 0.0, 0.0, 1, 1.0, 1.0, 170.6573937] 0.9972503027740521
[0.0, 1, 1, 1.0, 1.0, 1, 1.0, 0, 0, 0, 0, 1, 171.5690527] 0.9997953303268684
[0.0, 1.0, 0.0, 1.0, 1, 1.0, 1.0, 1.0, 1.0, 0.0, 0.0, 0.0, 170.6651847] 0.9972720524739552
[0, 1, 1, 1.0, 1.0, 1.0, 1.0, 0.0, 0.0, 0.0, 1.0, 0, 171.6423678] 1.0
[0.0, 1.0, 1.0, 1.0, 1, 1.0, 1.0, 1.0, 1.0, 0.0, 1, 1, 170.6282685] 0.997168995578619
[0.0, 1.0, 1, 1.0, 1.0, 1.0, 1.0, 0.0, 0.0, 0, 1, 0, 171.6423678] 1.0
[0.0, 1, 1, 1, 1, 1, 1, 0.0, 0, 0, 1, 0, 171.6423678] 1.0
