[1, 0, 1, 1, 1, 0.0, 0, 0, 1, 0, 1, 0, 1, 10.0, 424574.6] 0.9574599999999976
[1, 0, 1, 1, 1, 0, 0.0, 0, 1.0, 0.0, 1, 0.0, 1, 10.0, 424574.6] 0.9574599999999976
[1, 1, 1.0, 1.0, 1, 1.0, 0, 0.0, 0.0, 0.0, 0, 0.0, 16, 8.0, 132598.2] 0
[1, 0, 1, 1.0, 1.0, 0.0, 0.0, 0.0, 1, 0, 1, 0.0, 1, 10.0, 424574.6] 0.9574599999999976
[1.0, 0.0, 0.0, 0, 1.0, 0.0, 0.0, 0.0, 0, 1.0, 1, 40.0, 512, 10.0, 303522.4] 0
[1.0, 1.0, 0, 1, 1.0, 0, 0, 0, 0.0, 1.0, 0.0, 60, 128, 10.0, 304211.0] 0
[1.0, 1, 1, 1, 1.0, 0, 0.0, 0.0, 1, 0, 1.0, 100, 1, 10.0, 421113.8] 0.016257142857141194
[1, 1, 0, 1, 1, 1.0, 0, 0.0, 0.0, 0.0, 0, 0, 1, 8.0, 131978.6] 0
[1, 0, 1.0, 1, 1.0, 0.0, 0.0, 0, 1.0, 0.0, 1.0, 0.0, 1, 10.0, 424574.6] 0.9574599999999976
[1, 1, 0, 0.0, 1.0, 0.0, 0.0, 0, 0, 1.0, 0, 40, 512, 10.0, 305319.4] 0
[1, 0, 0, 1.0, 1, 1, 0.0, 0.0, 0.0, 0, 1, 0, 2048, 8.0, 131931.2] 0
[1, 0, 1.0, 1, 1, 0.0, 0.0, 0, 1, 0, 1, 0, 1, 10.0, 424574.6] 0.9574599999999976
[1.0, 1, 1.0, 1.0, 1.0, 0.0, 0.0, 0.0, 1.0, 0.0, 0.0, 0, 128, 10.0, 422401.4] 0.7401400000000024
[1.0, 1, 1.0, 1, 1, 0, 0.0, 0, 1, 0, 1, 100, 1, 10.0, 421113.8] 0.016257142857141194
[1.0, 0.0, 0.0, 1.0, 1.0, 0, 0.0, 0.0, 1, 0.0, 0, 0, 8, 10, 422061.6] 0.7061599999999977
[1, 0.0, 1, 1.0, 1, 0.0, 0.0, 0, 1, 0.0, 1.0, 0, 1, 10.0, 424574.6] 0.9574599999999976
[1.0, 0, 1.0, 1.0, 1, 0.0, 0.0, 0, 1.0, 0.0, 1, 0, 1.0, 10.0, 424574.6] 0.9574599999999976
[1, 0, 0.0, 1.0, 1, 0, 0.0, 0, 1, 0, 0, 0, 8, 10.0, 422061.6] 0.7061599999999977
[1, 0, 0, 1.0, 1, 0, 0.0, 0.0, 1, 0.0, 1, 0, 16, 10, 421936.6] 0.6936599999999977
[1, 0, 1, 1, 1, 0.0, 0.0, 0.0, 1, 0.0, 1, 0, 1, 10, 424574.6] 0.9574599999999976
[1, 1, 1, 1.0, 1, 0.0, 0.0, 0.0, 1, 0.0, 0, 10, 1.0, 10, 420823.8] 0
[1.0, 1, 0.0, 0.0, 1.0, 0.0, 0.0, 0.0, 0, 1.0, 0.0, 40, 512, 10.0, 305319.4] 0
[1.0, 1, 1, 0.0, 1, 0.0, 0, 0.0, 0, 1, 1.0, 100, 256, 10, 303902.8] 0
[1.0, 1.0, 1.0, 1.0, 1.0, 0.0, 0, 0, 1.0, 0, 0, 0, 128.0, 10.0, 422401.4] 0.7401400000000024
[1, 1, 1, 1, 1.0, 0, 0, 0, 1, 0, 0, 0, 128, 10, 422401.4] 0.7401400000000024
[1, 1, 0, 1, 1, 0, 0, 0, 1, 0.0, 1, 0, 32, 10, 422006.6] 0.7006599999999976
[1.0, 1.0, 0, 1, 1.0, 0.0, 0.0, 0.0, 1.0, 0.0, 1, 0.0, 32.0, 10, 422006.6] 0.7006599999999976
[1.0, 0, 1, 1, 1.0, 0.0, 0.0, 0.0, 1.0, 0, 1, 0, 1, 10.0, 424574.6] 0.9574599999999976
[1.0, 1, 1.0, 1, 1, 0, 0, 0.0, 1, 0, 0, 0, 128, 10.0, 422401.4] 0.7401400000000024
[1, 0, 1, 1.0, 1, 0.0, 0, 0.0, 1, 0.0, 1, 0, 1, 10, 424574.6] 0.9574599999999976
