[1.0, 0.0, 0.0, 0.0, 0.0, 0, 3, 0.0, 1.0, 8.0, 8, 128.0, 19583.4] 0.9329317073170733
[1.0, 0.0, 0.0, 0, 0.0, 0, 3, 0, 1.0, 8.0, 8.0, 0, 19673.8] 0.9395463414634145
[1, 0, 0, 0, 0, 0.0, 3, 0.0, 2, 8.0, 8, 128, 19576.0] 0.932390243902439
[1, 0.0, 0.0, 0, 0.0, 0.0, 3.0, 0.0, 1.0, 8.0, 8, 0, 19673.8] 0.9395463414634145
[1, 0.0, 0, 0, 0.0, 0.0, 4.0, 0, 2, 8, 8.0, 0, 19707.8] 0.9420341463414633
[1, 0, 0.0, 0.0, 0, 0.0, 4.0, 0, 2, 10, 8.0, 128.0, 17769.8] 0.8002292682926828
[1.0, 0, 0, 0.0, 0, 0.0, 3, 0.0, 1, 8.0, 8, 128, 19583.4] 0.9329317073170733
[1, 0, 0, 0.0, 0, 0, 4, 0.0, 2, 8.0, 8.0, 0, 19707.8] 0.9420341463414633
[1, 0.0, 0, 0, 0, 0.0, 4, 0.0, 2.0, 8.0, 8, 0, 19707.8] 0.9420341463414633
[1, 0, 1.0, 1.0, 1.0, 1.0, 3, 0.0, 2.0, 8, 8, 0.0, 16305.0] 0.6208333333333333
[1, 0, 0, 0, 0.0, 0.0, 4, 0, 2.0, 8.0, 8.0, 0, 19707.8] 0.9420341463414633
[1, 0.0, 0.0, 0, 0.0, 0, 4, 0.0, 2, 8.0, 8, 0.0, 19707.8] 0.9420341463414633
[1, 0.0, 0.0, 0, 0.0, 0, 4, 0.0, 2, 8, 8.0, 0, 19707.8] 0.9420341463414633
[1, 0.0, 0, 0, 0, 0, 4, 0, 2, 8.0, 8.0, 0, 19707.8] 0.9420341463414633
[1.0, 0.0, 0, 0.0, 0.0, 0, 3, 0.0, 1.0, 8.0, 10, 32, 18370.0] 0.8441463414634146
[1, 0, 0, 0, 0.0, 0, 3, 0, 2, 8, 8.0, 0, 19692.2] 0.9408926829268294
[1, 0, 0, 0.0, 0, 0, 3.0, 0, 2, 8.0, 8, 0, 19692.2] 0.9408926829268294
[1, 0, 0, 0, 0, 0, 4, 0.0, 2, 8, 8.0, 128.0, 19600.2] 0.9341609756097562
[1.0, 0, 0.0, 0.0, 0.0, 0.0, 3.0, 0, 1.0, 8, 8, 128, 19583.4] 0.9329317073170733
[1, 0, 0.0, 0.0, 0.0, 0, 3, 0, 2, 8.0, 8, 0, 19692.2] 0.9408926829268294
[1, 0.0, 0.0, 0, 0.0, 0, 4, 0.0, 2, 8.0, 8.0, 0, 19707.8] 0.9420341463414633
[1, 0, 0, 0, 0.0, 0, 4, 0.0, 2, 8, 8, 0, 19707.8] 0.9420341463414633
[1, 0.0, 0, 0, 0.0, 0, 3, 0.0, 1, 8.0, 8, 0.0, 19673.8] 0.9395463414634145
[1, 0, 0, 0, 0, 0, 3, 0.0, 2.0, 8.0, 8.0, 0, 19692.2] 0.9408926829268294
[1.0, 0, 0.0, 0.0, 0, 0, 4, 0.0, 2.0, 8.0, 8, 0, 19707.8] 0.9420341463414633
[1, 0, 0.0, 0.0, 0.0, 0.0, 4, 0, 2, 8, 8.0, 0, 19707.8] 0.9420341463414633
[1, 0.0, 0.0, 0.0, 0.0, 0, 3, 0.0, 1.0, 8.0, 10.0, 0.0, 18899.0] 0.8828536585365854
[1, 0.0, 0.0, 0, 0.0, 0.0, 3, 0, 1, 8, 8, 0, 19673.8] 0.9395463414634145
[1.0, 0, 0, 0, 0, 0.0, 3, 0.0, 1, 8.0, 8.0, 0, 19673.8] 0.9395463414634145
[1.0, 0, 0, 0.0, 0.0, 0.0, 4.0, 0.0, 2.0, 8, 8.0, 0, 19707.8] 0.9420341463414633
