[1.0, 0, 0.0, 0.0, 0.0, 0.0, 4, 0, 1, 8, 8.0, 64, 19121.2] 0.8991121951219513
[1, 0, 0.0, 0.0, 0.0, 0.0, 3, 0, 1.0, 8, 8.0, 128.0, 19583.4] 0.9329317073170733
[1.0, 0, 0.0, 0.0, 0.0, 0, 4.0, 0, 2.0, 8.0, 8.0, 8.0, 18511.4] 0.8544926829268293
[1.0, 0.0, 0.0, 0.0, 0, 0.0, 4.0, 0, 2, 8, 8, 0, 19707.8] 0.9420341463414633
[1, 0.0, 0, 0.0, 0.0, 0.0, 3.0, 0.0, 1.0, 8, 8, 0, 19673.8] 0.9395463414634145
[1.0, 0, 0, 0, 0.0, 0.0, 4.0, 0.0, 2, 8.0, 8, 0.0, 19707.8] 0.9420341463414633
[1, 0.0, 0.0, 0, 0, 0, 3, 0, 1.0, 8, 8.0, 128, 19583.4] 0.9329317073170733
[1.0, 0, 0, 0, 0.0, 0.0, 3, 0.0, 1.0, 8, 8, 128.0, 19583.4] 0.9329317073170733
[1.0, 0.0, 0, 0.0, 0.0, 0.0, 3, 0, 1, 8.0, 8, 0, 19673.8] 0.9395463414634145
[1.0, 0, 0, 0, 0.0, 0, 4, 0.0, 2, 8, 8.0, 0, 19707.8] 0.9420341463414633
[1, 0.0, 0.0, 0.0, 0.0, 0.0, 4.0, 0.0, 2.0, 8, 8.0, 0, 19707.8] 0.9420341463414633
[1.0, 0.0, 1, 1.0, 1.0, 1, 3.0, 0.0, 2, 8.0, 8.0, 0.0, 16305.0] 0.6208333333333333
[1, 0.0, 0.0, 0.0, 0.0, 0.0, 4, 0, 2.0, 8, 8.0, 0, 19707.8] 0.9420341463414633
[1, 0, 1.0, 1.0, 1.0, 0, 1, 0, 1.0, 8, 8.0, 0, 16523.4] 0.709029268292683
[1.0, 0.0, 1.0, 1, 1.0, 1, 3.0, 0.0, 2.0, 8.0, 8.0, 0, 16305.0] 0.6208333333333333
[1.0, 0, 0, 0.0, 0, 0, 3, 0.0, 2, 8.0, 8, 0, 19692.2] 0.9408926829268294
[1.0, 0, 0.0, 0, 0.0, 0, 3, 0.0, 1.0, 8, 8.0, 0, 19673.8] 0.9395463414634145
[1, 0.0, 0.0, 0.0, 0.0, 0, 3.0, 0.0, 2, 8.0, 8, 0, 19692.2] 0.9408926829268294
[1, 0.0, 1, 1.0, 1.0, 0, 1, 0, 2.0, 8.0, 8, 0, 16509.6] 0.7080195121951218
[1.0, 0.0, 0.0, 0.0, 0.0, 0.0, 4, 0.0, 2, 8.0, 8.0, 128.0, 19600.2] 0.9341609756097562
[1, 0, 0.0, 0, 0, 0.0, 4.0, 0, 1.0, 8, 8, 0, 19332.8] 0.9145951219512194
[1.0, 0.0, 0.0, 0.0, 0.0, 0.0, 4.0, 0.0, 2, 8.0, 8.0, 0.0, 19707.8] 0.9420341463414633
[1.0, 0.0, 0.0, 0.0, 0.0, 0.0, 4.0, 0.0, 1, 10, 8.0, 0.0, 17556.0] 0.7845853658536585
[1.0, 0, 0.0, 0.0, 0.0, 0, 4, 0.0, 2, 8.0, 8.0, 0, 19707.8] 0.9420341463414633
[1, 0, 0.0, 0, 0.0, 0, 4.0, 0, 2, 8, 8.0, 64.0, 19505.4] 0.9272243902439026
[1, 0.0, 0, 0.0, 0.0, 0.0, 4, 0, 2, 8.0, 8, 0.0, 19707.8] 0.9420341463414633
[1.0, 0.0, 0.0, 0.0, 0, 0, 4, 0.0, 2.0, 8, 8.0, 0, 19707.8] 0.9420341463414633
[1, 0, 0.0, 0.0, 0.0, 0, 4.0, 0, 2, 8, 8.0, 0, 19707.8] 0.9420341463414633
[1, 0, 0, 0.0, 0.0, 0.0, 3.0, 0, 2, 8.0, 8, 0, 19692.2] 0.9408926829268294
[1, 0.0, 0, 0.0, 0, 0, 4, 0, 2, 8.0, 8.0, 0, 19707.8] 0.9420341463414633
