[1.0, 1.0, 1.0, 0.0, 0.0, 1.0, 2.0, 0.0, 4.0, 16.0, 16.0, 64.0, 7617.8] 0
[1, 0, 0.0, 0.0, 0.0, 0.0, 4.0, 0.0, 1.0, 8, 10.0, 128.0, 18754.8] 0.8723024390243902
[1.0, 0, 0, 0.0, 0.0, 1.0, 4.0, 0.0, 2.0, 10.0, 10.0, 8.0, 15399.8] 0.11106666666666652
[1.0, 0.0, 0.0, 0.0, 0, 0.0, 4.0, 0, 1.0, 8, 8, 128, 19149.2] 0.9011609756097562
[1.0, 0.0, 0.0, 0.0, 0.0, 1.0, 4.0, 0.0, 2.0, 32.0, 10.0, 20.0, 9361.0] 0
[1.0, 0, 0, 0.0, 0.0, 0.0, 4.0, 0.0, 2, 8.0, 8, 0.0, 19707.8] 0.9420341463414633
[1.0, 1.0, 1.0, 1.0, 1.0, 0.0, 4.0, 0.0, 2.0, 10.0, 0.0, 0.0, 8025.2] 0
[1.0, 0, 0, 0, 0.0, 1.0, 3, 0.0, 1.0, 8, 10, 128.0, 17464.8] 0.7779121951219512
[1.0, 0.0, 0, 0.0, 0.0, 0.0, 3.0, 0.0, 1, 8.0, 10.0, 64, 18790.8] 0.8749365853658536
[1, 0, 1.0, 0.0, 0.0, 1, 2, 0.0, 1, 8.0, 8.0, 64.0, 16397.8] 0.6981666666666659
[1.0, 0.0, 0.0, 0.0, 0.0, 0.0, 4.0, 0.0, 1.0, 10, 8.0, 0, 17556.0] 0.7845853658536585
[1.0, 0.0, 1, 1.0, 1.0, 1.0, 3.0, 0.0, 1, 8.0, 8.0, 10.0, 15461.4] 0.12475555555555547
[1.0, 0.0, 0.0, 0.0, 0.0, 0.0, 4.0, 0.0, 2.0, 10, 8.0, 8.0, 16667.8] 0.7195951219512194
[1.0, 0, 1.0, 1.0, 1.0, 0, 4, 0, 1.0, 8, 10.0, 0, 15529.4] 0.13986666666666658
[1.0, 0.0, 1.0, 1, 1.0, 1, 3.0, 0.0, 2.0, 8.0, 8.0, 0, 16305.0] 0.6208333333333333
[1.0, 0, 0, 0.0, 0, 0, 2.0, 0.0, 1.0, 8.0, 8, 0, 17050.2] 0.7475756097560976
[1.0, 0.0, 0.0, 0.0, 0.0, 0.0, 3.0, 0.0, 1.0, 8.0, 10, 16, 17930.6] 0.8119951219512194
[1.0, 0.0, 0.0, 0.0, 0.0, 0, 3, 0.0, 1.0, 8.0, 8, 0, 19673.8] 0.9395463414634145
[1.0, 1.0, 1.0, 0.0, 0.0, 1.0, 4.0, 0.0, 1.0, 16.0, 16.0, 128.0, 7562.4] 0
[1.0, 0.0, 0.0, 0.0, 0.0, 0.0, 4.0, 0.0, 1.0, 8.0, 8.0, 128.0, 19149.2] 0.9011609756097562
[1, 0.0, 0.0, 0, 0, 0.0, 4.0, 0, 1.0, 10.0, 10.0, 128.0, 17367.4] 0.7707853658536586
[1.0, 0.0, 0.0, 0.0, 0.0, 0.0, 4.0, 0.0, 1.0, 8.0, 8.0, 0.0, 19332.8] 0.9145951219512194
[1, 0.0, 0, 0.0, 0.0, 0.0, 4.0, 0.0, 1, 10, 8.0, 16.0, 16229.8] 0.558166666666666
[1, 1, 0.0, 0.0, 0.0, 0.0, 3, 0.0, 2, 8.0, 8.0, 64, 16064.4] 0.420333333333333
[1.0, 0.0, 0.0, 0.0, 0.0, 1.0, 4.0, 0.0, 1.0, 8, 8.0, 20.0, 17158.4] 0.7554926829268294
[1.0, 0, 0.0, 0.0, 0.0, 0.0, 3, 0, 1, 8.0, 8, 0.0, 19673.8] 0.9395463414634145
[1.0, 0.0, 0, 0, 0.0, 1.0, 2.0, 0.0, 2.0, 8, 8.0, 10, 16140.6] 0.4838333333333336
[1.0, 0, 0.0, 0.0, 0.0, 1.0, 4.0, 0.0, 1.0, 10.0, 8.0, 20.0, 15418.2] 0.11515555555555573
[1, 0, 0, 0.0, 0.0, 0.0, 3.0, 0, 1.0, 8.0, 10.0, 0, 18899.0] 0.8828536585365854
[1.0, 0.0, 0, 0.0, 0, 0, 3, 0.0, 1, 8.0, 8.0, 128, 19583.4] 0.9329317073170733
