[1.0, 1.0, 1.0, 1.0, 1.0, 1.0, 0.0, 1.0, 0.0, 0.0, 1.0, 0.0] 0.7111129128000001
[0.0, 1.0, 0.0, 1.0, 1.0, 1.0, 1.0, 1.0, 0.0, 0.0, 1.0, 1.0] 0.9943401366816611
[0.0, 1.0, 1.0, 1.0, 1.0, 0.0, 1.0, 0.0, 0.0, 1.0, 0.0, 1.0] 0.5807554320000001
[0, 1, 0, 1, 1, 1, 1, 0, 1, 1, 0, 1] 0.9989310466154617
[1.0, 1.0, 0.0, 1.0, 0.0, 1.0, 1.0, 0.0, 0.0, 0.0, 0.0, 1.0] 0.33911752560000014
[0.0, 1.0, 0.0, 1.0, 1.0, 1.0, 0.0, 0.0, 0.0, 1.0, 0.0, 1.0] 0.7626884832
[1.0, 1.0, 0.0, 1.0, 1.0, 1.0, 1.0, 0.0, 0.0, 1.0, 1.0, 1.0] 0.9954513988995601
[1, 1, 1, 1, 0, 1, 1, 0, 0, 0, 1, 1] 0.74701974
[0, 1, 0, 1, 0, 1, 1, 1, 1, 1, 1, 0] 0.7747476815999998
[0, 1, 1, 1, 1, 0, 1, 0, 0, 1, 0, 1] 0.5807554320000001
[0.0, 1.0, 1.0, 1.0, 1.0, 1.0, 1.0, 0.0, 1.0, 0.0, 1.0, 1.0] 0.9958030189147891
[1.0, 1.0, 1.0, 1.0, 0.0, 1.0, 1.0, 0.0, 0.0, 0.0, 0.0, 0.0] 0.7451952312000001
[0.0, 1.0, 1.0, 1.0, 1.0, 1.0, 0.0, 0.0, 0.0, 0.0, 1.0, 0.0] 0.7885246919999999
[0.0, 1.0, 1.0, 1.0, 1.0, 0.0, 1.0, 1.0, 0.0, 1.0, 0.0, 1.0] 0.5831389607999999
[0.0, 1.0, 0.0, 1.0, 1.0, 1.0, 1.0, 0.0, 1.0, 0.0, 1.0, 1.0] 0.9937342047586449
[0.0, 1.0, 0.0, 1.0, 0.0, 1.0, 1.0, 1.0, 1.0, 1.0, 0.0, 0.0] 0.7441445208000002
[1.0, 1.0, 1.0, 1.0, 0.0, 1.0, 1.0, 0.0, 0.0, 1.0, 1.0, 1.0] 0.7517365776
[0.0, 1.0, 0.0, 1.0, 0.0, 1.0, 1.0, 1.0, 1.0, 0.0, 1.0, 0.0] 0.7511078448000001
[1.0, 1.0, 1.0, 1.0, 1.0, 1.0, 1.0, 1.0, 0.0, 0.0, 1.0, 1.0] 0.9961494756789503
[0, 1, 1, 1, 0, 1, 1, 1, 1, 0, 0, 0] 0.7729068600000002
[1.0, 1.0, 1.0, 1.0, 1.0, 1.0, 0.0, 1.0, 0.0, 0.0, 1.0, 1.0] 0.757147488
[0.0, 1.0, 0.0, 1.0, 1.0, 1.0, 0.0, 0.0, 0.0, 0.0, 1.0, 1.0] 0.7684632576000001
[0, 1, 0, 1, 1, 1, 0, 1, 0, 0, 0, 0] 0.7536386328
[0, 1, 0, 1, 1, 1, 0, 1, 0, 1, 1, 0] 0.7772638152
[1, 1, 0, 1, 0, 1, 1, 1, 1, 0, 0, 0] 0.7595350104
[0, 1, 0, 1, 0, 1, 1, 1, 0, 0, 1, 0] 0.7818114864
[0, 1, 0, 1, 0, 1, 1, 0, 0, 1, 0, 1] 0.7694549952
[0, 1, 0, 1, 1, 1, 0, 0, 1, 0, 0, 0] 0.7838118672000001
[0, 1, 0, 1, 1, 1, 0, 1, 0, 0, 0, 0] 0.7536386328
[0, 1, 1, 1, 0, 1, 1, 0, 1, 0, 1, 0] 0.7586783112000002
