[1, 0, 0, 0.0, 0.0, 0, 4, 0.0, 2.0, 8, 8.0, 0, 19707.8] 0.9726062499999999
[1, 0, 0, 0, 0, 0, 4, 0.0, 2, 8.0, 8, 0, 19707.8] 0.9726062499999999
[1, 0, 0.0, 0, 0, 0, 4.0, 0.0, 2, 8.0, 8.0, 0, 19707.8] 0.9726062499999999
[1.0, 0.0, 0.0, 0, 0.0, 0.0, 4.0, 0, 2, 8, 8, 0.0, 19707.8] 0.9726062499999999
[1.0, 0, 0.0, 0.0, 0.0, 0, 4, 0.0, 2.0, 8, 8, 0, 19707.8] 0.9726062499999999
[1, 0.0, 0.0, 0, 0, 0, 4, 0, 2, 8.0, 8.0, 0, 19707.8] 0.9726062499999999
[1, 0.0, 0, 0, 0.0, 0, 4.0, 0, 2.0, 8.0, 8, 0, 19707.8] 0.9726062499999999
[1.0, 0.0, 1.0, 0.0, 0.0, 1.0, 2.0, 0.0, 3.0, 8.0, 10.0, 128.0, 13281.8] 0.1472997873848333
[1, 0.0, 0, 0, 0, 0, 4, 0, 2, 8.0, 8, 0, 19707.8] 0.9726062499999999
[1, 0.0, 0, 0, 0, 0, 4, 0, 2, 8, 8, 0, 19707.8] 0.9726062499999999
[1, 0.0, 0, 0.0, 0.0, 0, 4, 0, 2, 8, 8, 0, 19707.8] 0.9726062499999999
[1.0, 0.0, 0, 0.0, 0, 0.0, 4, 0.0, 2, 8.0, 8, 0, 19707.8] 0.9726062499999999
[1, 0.0, 0, 0.0, 0.0, 0.0, 4.0, 0, 2, 8.0, 8.0, 0, 19707.8] 0.9726062499999999
[1.0, 0, 0, 0.0, 0, 0.0, 4, 0.0, 4.0, 10.0, 8.0, 64.0, 14420.6] 0.36008571428571434
[1, 0, 0, 0, 0.0, 0, 4, 0.0, 2, 8.0, 8, 0, 19707.8] 0.9726062499999999
[1, 0.0, 0.0, 0.0, 0.0, 0.0, 4.0, 0.0, 2.0, 8.0, 8.0, 0, 19707.8] 0.9726062499999999
[1, 0.0, 0, 0, 0, 0.0, 3, 0, 1, 8.0, 8, 0, 19673.8] 0.96941875
[1, 0.0, 1, 0, 0, 0, 2, 0.0, 2, 8, 8.0, 0, 16868.0] 0.706375
[1, 0.0, 0.0, 0, 0.0, 0.0, 4, 0.0, 2, 8, 8.0, 0, 19707.8] 0.9726062499999999
[1, 0, 1.0, 1, 1, 0, 1, 0, 1, 8, 8.0, 0, 16523.4] 0.6604857142857145
[1.0, 0.0, 0, 0, 0.0, 0, 4, 0.0, 2.0, 8, 8.0, 0.0, 19707.8] 0.9726062499999999
[1, 0.0, 0, 0.0, 0, 0, 3, 0, 2, 8.0, 8.0, 0, 19692.2] 0.9711437500000001
[1.0, 0.0, 0, 0, 0.0, 0.0, 4.0, 0.0, 2.0, 8.0, 8.0, 0, 19707.8] 0.9726062499999999
[1.0, 0, 0, 0.0, 0, 0.0, 4.0, 0.0, 2, 8.0, 8.0, 0, 19707.8] 0.9726062499999999
[1, 0, 0, 0.0, 0.0, 0, 4, 0.0, 2, 8, 8.0, 0, 19707.8] 0.9726062499999999
[1, 0, 0, 0, 0.0, 0, 4, 0.0, 2, 8, 8.0, 0, 19707.8] 0.9726062499999999
[1.0, 0.0, 0.0, 0.0, 0.0, 0.0, 3.0, 0.0, 4.0, 8.0, 8, 128.0, 16271.8] 0.6245428571428571
[1, 0.0, 0, 0.0, 0.0, 0.0, 4, 0.0, 2.0, 8.0, 8.0, 0, 19707.8] 0.9726062499999999
[1, 0.0, 0, 0.0, 0, 0, 4, 0, 2, 8, 8.0, 0.0, 19707.8] 0.9726062499999999
[1, 0.0, 0, 0, 0.0, 0, 4, 0.0, 2, 8, 8, 0, 19707.8] 0.9726062499999999
