[1, 0.0, 0.0, 0.0, 0.0, 0.0, 4, 0.0, 2, 8.0, 8, 0, 19707.8] 0.9726062499999999
[1, 0.0, 0, 0, 0.0, 0.0, 4, 0, 2, 8.0, 8, 0, 19707.8] 0.9726062499999999
[1.0, 0, 1.0, 1.0, 1, 0.0, 1, 0.0, 1.0, 8.0, 8, 0, 16523.4] 0.6604857142857145
[1, 0, 0.0, 0.0, 0.0, 0, 4, 0.0, 2.0, 8, 8, 0, 19707.8] 0.9726062499999999
[1, 0, 0, 0, 0, 0, 1, 0.0, 1, 8, 8.0, 0, 16846.2] 0.7043312500000001
[1, 0, 0, 0.0, 0, 0, 4, 0, 2, 8, 8.0, 0, 19707.8] 0.9726062499999999
[1.0, 0, 1.0, 1, 1.0, 0.0, 1.0, 0.0, 1, 8, 8, 0, 16523.4] 0.6604857142857145
[1, 0, 0, 0, 0, 0, 4, 0.0, 2, 8.0, 8.0, 0, 19707.8] 0.9726062499999999
[1, 0, 0, 0.0, 0.0, 0, 4.0, 0.0, 2, 8.0, 8, 0, 19707.8] 0.9726062499999999
[1, 0.0, 0.0, 0, 0, 0, 4, 0, 2, 8.0, 8, 0, 19707.8] 0.9726062499999999
[1, 0.0, 0, 0.0, 0, 0, 4, 0.0, 2, 8.0, 8.0, 0, 19707.8] 0.9726062499999999
[1, 0, 0.0, 0, 0, 0, 4, 0, 2.0, 8.0, 8.0, 0, 19707.8] 0.9726062499999999
[1, 0, 0, 0, 0, 0.0, 4, 0, 2, 8, 8, 0, 19707.8] 0.9726062499999999
[1.0, 0.0, 1.0, 1, 1.0, 0.0, 1, 0, 1, 8, 8, 0.0, 16523.4] 0.6604857142857145
[1, 0.0, 0.0, 0, 0, 0, 4, 0.0, 2, 8.0, 8.0, 0, 19707.8] 0.9726062499999999
[1, 0.0, 1, 1.0, 1.0, 1.0, 4.0, 0.0, 2.0, 10.0, 8.0, 20.0, 13514.0] 0.1966690290574061
[1, 0, 0.0, 0, 0, 0, 4.0, 0, 2, 8, 8.0, 0, 19707.8] 0.9726062499999999
[1, 0, 0, 0, 0, 0, 4, 0, 2, 8.0, 8, 0, 19707.8] 0.9726062499999999
[1, 0, 0, 0.0, 0, 0.0, 4, 0.0, 2, 8, 8, 0, 19707.8] 0.9726062499999999
[1.0, 0.0, 0, 0, 0, 1, 3, 0.0, 2.0, 8.0, 8, 0, 18254.0] 0.8363125
[1, 0, 0.0, 0.0, 0.0, 0, 4, 0, 2, 8, 8, 0, 19707.8] 0.9726062499999999
[1.0, 0.0, 0, 0.0, 0.0, 0, 4, 0, 2, 8, 8.0, 0, 19707.8] 0.9726062499999999
[1, 0.0, 0, 0, 0, 0, 4, 0, 2, 8, 8, 0, 19707.8] 0.9726062499999999
[1, 0.0, 0.0, 0, 0.0, 0, 4, 0.0, 2, 8.0, 8, 0, 19707.8] 0.9726062499999999
[1, 0, 0, 0.0, 0.0, 0, 4, 0, 2, 8.0, 8.0, 0, 19707.8] 0.9726062499999999
[1, 0.0, 0, 0, 0.0, 0.0, 4, 0.0, 2, 8.0, 8, 0, 19707.8] 0.9726062499999999
[1, 0, 0, 0.0, 0.0, 0.0, 4, 0, 2.0, 8.0, 8.0, 0, 19707.8] 0.9726062499999999
[1, 0, 0.0, 0.0, 0, 0, 4.0, 0.0, 2, 8.0, 8.0, 0, 19707.8] 0.9726062499999999
[1, 0, 0, 0, 0.0, 0, 4, 0, 2, 8.0, 8.0, 0.0, 19707.8] 0.9726062499999999
[1.0, 0, 0, 0.0, 0, 0, 4, 0.0, 2, 8.0, 8, 0, 19707.8] 0.9726062499999999
