[1, 0, 0.0, 0.0, 0, 0, 4, 0, 2, 8.0, 8.0, 0.0, 19707.8] 0.9726062499999999
[1, 0.0, 0, 0, 0.0, 0, 4, 0.0, 2, 8, 8.0, 0.0, 19707.8] 0.9726062499999999
[1.0, 0.0, 0, 0, 0.0, 0.0, 4, 0.0, 2.0, 8.0, 8, 0, 19707.8] 0.9726062499999999
[1, 0.0, 0.0, 0.0, 0, 0, 4, 0, 2, 8.0, 8, 0, 19707.8] 0.9726062499999999
[1, 0, 0.0, 0.0, 0.0, 0, 4.0, 0.0, 2.0, 8.0, 8, 0, 19707.8] 0.9726062499999999
[1.0, 0.0, 0.0, 0.0, 0, 0, 4, 0, 2, 8, 8, 0, 19707.8] 0.9726062499999999
[1.0, 0, 0, 0, 0, 0, 4, 0.0, 2, 8.0, 8, 0.0, 19707.8] 0.9726062499999999
[1, 0, 0, 0, 0, 0, 4, 0.0, 2, 8.0, 8, 0, 19707.8] 0.9726062499999999
[1, 0, 1.0, 1, 1, 0, 1, 0, 1, 8, 8, 0, 16523.4] 0.6604857142857145
[1, 0.0, 0, 0.0, 0.0, 0, 4, 0, 2, 8, 8, 0, 19707.8] 0.9726062499999999
[1, 0, 0, 0, 0, 0.0, 4, 0, 2, 8.0, 8, 0, 19707.8] 0.9726062499999999
[1, 0, 0, 0, 0, 0, 4, 0.0, 2, 8.0, 8, 0, 19707.8] 0.9726062499999999
[1.0, 0.0, 0, 0, 0.0, 0, 4, 0.0, 2, 8, 8, 0, 19707.8] 0.9726062499999999
[1, 0, 0, 0, 0.0, 0, 4, 0, 2, 8.0, 8, 0, 19707.8] 0.9726062499999999
[1, 0, 0, 0.0, 0, 0, 4, 0, 2, 8, 8.0, 0, 19707.8] 0.9726062499999999
[1.0, 0, 0, 0, 0, 0.0, 4, 0.0, 2, 8, 8.0, 0, 19707.8] 0.9726062499999999
[1.0, 0, 0, 0, 0, 0, 4, 0, 2, 8.0, 8.0, 0, 19707.8] 0.9726062499999999
[1.0, 0, 0, 0, 0, 0.0, 4.0, 0.0, 2, 8, 8.0, 0, 19707.8] 0.9726062499999999
[1, 0.0, 1.0, 0.0, 0.0, 0, 2.0, 0.0, 2.0, 10, 8.0, 128.0, 15570.0] 0.5242857142857142
[1, 0.0, 0.0, 0.0, 0.0, 0.0, 4, 0, 2, 8, 8, 0, 19707.8] 0.9726062499999999
[1, 0, 0, 0, 0.0, 0.0, 4, 0, 2, 10.0, 8.0, 64, 17750.6] 0.7891187499999999
[1.0, 0.0, 0, 0.0, 0, 0, 3, 0, 2, 8.0, 8, 0, 19692.2] 0.9711437500000001
[1, 0, 0, 0.0, 0, 0, 4.0, 0.0, 2, 8, 8, 0, 19707.8] 0.9726062499999999
[1, 0, 1, 0, 0, 0, 1, 0.0, 1, 8.0, 8, 0, 16629.0] 0.6755714285714285
[1.0, 0, 0, 0, 0, 0.0, 4, 0.0, 2, 8, 8, 0.0, 19707.8] 0.9726062499999999
[1, 0, 0.0, 0, 0.0, 0.0, 4, 0, 2.0, 8, 8.0, 0, 19707.8] 0.9726062499999999
[1.0, 0, 0.0, 0, 0, 0, 4, 0, 2, 8.0, 8, 0, 19707.8] 0.9726062499999999
[1, 0, 0, 0.0, 0, 0, 4, 0, 2, 8.0, 8, 0, 19707.8] 0.9726062499999999
[1, 0, 0, 0, 0, 0, 2, 0.0, 1, 8.0, 8, 0, 17050.2] 0.72345625
[1.0, 0, 0, 0, 0, 0.0, 4, 0, 2, 8, 8, 0, 19707.8] 0.9726062499999999
