[1.0, 0, 0.0, 0.0, 0.0, 0.0, 4.0, 0, 1.0, 8.0, 8.0, 10.0, 18240.2] 0.8743000000000001
[1.0, 0.0, 0.0, 0, 0.0, 1.0, 3.0, 0.0, 1.0, 8.0, 16.0, 10.0, 13703.0] 0.47926315789473684
[1.0, 0.0, 1.0, 1.0, 1.0, 1.0, 2.0, 0.0, 3.0, 10.0, 8.0, 0.0, 13613.8] 0.4698736842105262
[1.0, 0.0, 1.0, 0.0, 0.0, 1.0, 2.0, 0.0, 1.0, 10, 10.0, 128, 14345.0] 0.5468421052631578
[1.0, 0.0, 0.0, 0.0, 0.0, 0.0, 4.0, 0, 2, 32.0, 10.0, 0, 11091.2] 0.20912000000000008
[1, 1, 0, 0.0, 0.0, 1.0, 2.0, 0.0, 3.0, 8.0, 10.0, 0.0, 13947.8] 0.5050315789473683
[1.0, 0.0, 0.0, 0, 0.0, 0.0, 4.0, 0, 3, 10.0, 8.0, 128.0, 14552.4] 0.5686736842105262
[1.0, 0.0, 1.0, 1.0, 1.0, 0.0, 3.0, 0.0, 4.0, 8.0, 10.0, 0.0, 13785.8] 0.48797894736842096
[1.0, 0.0, 0.0, 0.0, 0.0, 1.0, 2.0, 0.0, 2.0, 8.0, 16, 10.0, 11603.4] 0.26033999999999996
[1.0, 1.0, 1.0, 1.0, 1.0, 0, 1.0, 0.0, 2.0, 16.0, 8.0, 8.0, 9597.4] 0.05973999999999996
[1.0, 0.0, 0, 0.0, 0, 0.0, 4, 0, 2.0, 8.0, 10.0, 8, 17975.6] 0.8553999999999999
[1.0, 1.0, 1, 0.0, 0.0, 0, 3.0, 0.0, 1.0, 8, 10, 8.0, 13088.4] 0.41456842105263153
[1.0, 0.0, 1.0, 0.0, 0, 0.0, 4, 0.0, 2.0, 8.0, 8.0, 32.0, 15331.2] 0.6506526315789474
[1.0, 0.0, 0.0, 0.0, 0.0, 0.0, 4.0, 0.0, 1.0, 8.0, 16.0, 64.0, 14561.4] 0.5696210526315788
[1.0, 0.0, 0, 0.0, 0.0, 1.0, 4.0, 0.0, 2, 8.0, 20.0, 20.0, 12474.0] 0.34989473684210526
[1, 0.0, 0.0, 0.0, 0.0, 0.0, 4.0, 0.0, 2.0, 10.0, 8.0, 8.0, 16667.8] 0.7619857142857142
[1.0, 0.0, 1.0, 0.0, 0.0, 0.0, 1.0, 0.0, 3.0, 8.0, 10.0, 0.0, 14423.0] 0.5550526315789474
[1.0, 1.0, 0.0, 0.0, 0.0, 0.0, 1.0, 0.0, 3.0, 20.0, 32.0, 128.0, 7150.2] 0
[1, 0.0, 0.0, 0.0, 0.0, 1.0, 4, 0, 2.0, 10.0, 20.0, 10.0, 11810.4] 0.28103999999999996
[1.0, 0.0, 1.0, 0.0, 0.0, 0.0, 1.0, 0.0, 2.0, 10.0, 8.0, 128, 15489.4] 0.6673052631578946
[1, 0.0, 0.0, 0.0, 0.0, 1.0, 3.0, 0.0, 1.0, 16.0, 8.0, 0.0, 12679.8] 0.37155789473684203
[1.0, 0.0, 0.0, 0.0, 0.0, 1.0, 2.0, 0.0, 2.0, 20, 8.0, 64.0, 11411.8] 0.2411799999999999
[1.0, 0.0, 1.0, 0.0, 0.0, 0.0, 2.0, 0.0, 1.0, 8.0, 20.0, 10.0, 10936.6] 0.19366000000000003
[1.0, 0.0, 1.0, 0.0, 0.0, 0.0, 3, 0.0, 4.0, 10.0, 10.0, 16.0, 11579.2] 0.25792000000000004
[1.0, 0.0, 1, 0.0, 0.0, 0, 2.0, 0.0, 2.0, 10.0, 10.0, 8.0, 14038.4] 0.5145684210526315
[1.0, 1.0, 1.0, 1.0, 1.0, 1.0, 3.0, 0.0, 2, 8.0, 8, 32, 14191.8] 0.530715789473684
[1.0, 0.0, 1.0, 0, 0.0, 0.0, 2.0, 0.0, 2.0, 8.0, 8, 0.0, 16868.0] 0.7762857142857142
[1.0, 0.0, 1, 0, 0, 1.0, 2.0, 0.0, 1.0, 8.0, 10.0, 8.0, 14589.2] 0.5725473684210527
[1, 0.0, 0.0, 0.0, 0.0, 0.0, 4, 0.0, 1.0, 16.0, 10, 0.0, 13265.0] 0.4331578947368421
[1.0, 0, 0.0, 0.0, 0.0, 1.0, 4.0, 0.0, 1.0, 8.0, 16.0, 10.0, 13488.8] 0.45671578947368413
