[1.0, 0, 0.0, 0.0, 0.0, 0.0, 3, 0, 1, 8.0, 8.0, 10.0, 18828.6] 0.9163285714285714
[1.0, 0.0, 0.0, 0, 0.0, 1.0, 3.0, 0, 1.0, 8.0, 10, 10.0, 16979.8] 0.7842714285714285
[1.0, 0.0, 1.0, 1.0, 1.0, 1.0, 3.0, 0.0, 2.0, 8.0, 8.0, 0.0, 16305.0] 0.7360714285714285
[1, 0.0, 0.0, 0.0, 0.0, 0.0, 2.0, 0.0, 1.0, 8.0, 10.0, 128.0, 15678.4] 0.6871999999999999
[1.0, 0.0, 1.0, 0, 0.0, 0.0, 2.0, 0, 2, 10, 10.0, 0, 14865.2] 0.6016000000000001
[1, 0.0, 0, 0.0, 0, 1.0, 2.0, 0, 4, 8.0, 8, 0.0, 15348.4] 0.6524631578947367
[1.0, 0.0, 0.0, 0, 0.0, 0.0, 4.0, 0.0, 1, 10.0, 8.0, 16, 16229.8] 0.7306999999999999
[1.0, 0, 1.0, 1.0, 1.0, 0.0, 3.0, 0.0, 3.0, 8.0, 10.0, 0.0, 14201.4] 0.5317263157894736
[1.0, 1.0, 1.0, 0.0, 0.0, 1.0, 3.0, 0.0, 4, 8.0, 8, 8, 14150.4] 0.526357894736842
[1.0, 1.0, 1, 1.0, 1.0, 1, 2, 0.0, 4.0, 8.0, 8.0, 0, 14743.6] 0.5888
[1.0, 0.0, 0, 0.0, 0, 0.0, 4, 0, 1, 8.0, 10.0, 32, 18365.8] 0.8832714285714285
[1, 0, 0, 0.0, 0.0, 0, 3, 0, 1.0, 8, 10.0, 128, 18822.0] 0.9158571428571429
[1.0, 1, 0, 0.0, 0, 0, 4, 0.0, 1.0, 8, 8.0, 128, 15874.0] 0.7052857142857143
[1.0, 0.0, 0, 0.0, 0.0, 0, 4.0, 0.0, 3, 8.0, 8, 0, 16073.0] 0.7194999999999999
[1.0, 0.0, 0, 0.0, 0.0, 0, 4.0, 0.0, 2.0, 8.0, 10, 20.0, 17856.6] 0.8468999999999999
[1.0, 0.0, 0.0, 0.0, 0.0, 0.0, 4.0, 0.0, 2.0, 10.0, 8.0, 128, 17769.8] 0.8406999999999999
[1.0, 0.0, 1.0, 0.0, 0.0, 0, 1.0, 0.0, 3.0, 8.0, 8, 0.0, 15604.4] 0.6794105263157894
[1.0, 1.0, 1.0, 1.0, 1.0, 1.0, 3.0, 0.0, 2.0, 10.0, 10.0, 20.0, 11479.2] 0.24792000000000006
[1, 0.0, 0.0, 0.0, 0, 0.0, 4, 0, 2.0, 10.0, 20.0, 10.0, 12719.0] 0.3756842105263158
[1.0, 0.0, 1.0, 0, 0, 0.0, 2, 0, 2.0, 8, 8.0, 128, 16856.4] 0.775457142857143
[1, 0, 0, 0.0, 0.0, 0.0, 3.0, 0.0, 2, 8, 8.0, 0.0, 19692.2] 0.9780142857142857
[1, 0.0, 1, 0, 0.0, 0.0, 2.0, 0.0, 2.0, 16.0, 8.0, 64.0, 12372.6] 0.339221052631579
[1, 0.0, 0, 0, 0.0, 0.0, 2.0, 0.0, 1.0, 8.0, 16, 10.0, 11891.8] 0.28917999999999994
[1.0, 0.0, 1, 0.0, 0.0, 0.0, 1, 0.0, 2.0, 10.0, 10.0, 16.0, 13845.0] 0.49421052631578943
[1.0, 0, 0, 0.0, 0.0, 0, 3, 0.0, 1.0, 8, 10.0, 16, 17930.6] 0.8521857142857141
[1.0, 0, 1.0, 1.0, 1, 1.0, 3.0, 0.0, 1, 8.0, 8, 0, 16220.8] 0.7300571428571427
[1.0, 0.0, 1.0, 0, 0.0, 0.0, 2.0, 0.0, 2.0, 8.0, 8, 0.0, 16868.0] 0.7762857142857142
[1.0, 0.0, 0, 0, 0, 0, 3.0, 0.0, 1.0, 8.0, 10, 8.0, 18189.2] 0.8706571428571429
[1, 0.0, 0, 0.0, 0, 0.0, 3, 0, 1.0, 8, 10, 0.0, 18899.0] 0.9213571428571429
[1.0, 0.0, 0.0, 0.0, 0.0, 0, 3, 0.0, 1.0, 8.0, 16.0, 0, 14700.0] 0.5842105263157895
