[1, 0, 0.0, 0.0, 0, 0.0, 3, 0, 1, 8.0, 8.0, 64, 19555.0] 0.9682142857142857
[1.0, 0.0, 0.0, 0, 0.0, 0, 3.0, 0, 2, 8.0, 10, 32, 18314.8] 0.8796285714285714
[1.0, 0.0, 1.0, 1.0, 1.0, 1.0, 3.0, 0.0, 2.0, 8.0, 8.0, 0.0, 16305.0] 0.7360714285714285
[1, 0.0, 0.0, 0.0, 0.0, 0.0, 3, 0.0, 1.0, 8.0, 10.0, 128.0, 18822.0] 0.9158571428571429
[1.0, 0.0, 1.0, 0, 0.0, 0.0, 2.0, 0, 2, 10, 10.0, 0, 14865.2] 0.6016000000000001
[1, 0.0, 0, 0.0, 0, 1.0, 3, 0, 2, 8.0, 8, 32, 17840.2] 0.8457285714285715
[1.0, 0, 0.0, 0, 0.0, 0.0, 4, 0.0, 1, 8, 8.0, 128.0, 19149.2] 0.9392285714285715
[1.0, 0.0, 0, 0.0, 0.0, 0.0, 3.0, 0.0, 1, 8.0, 10.0, 0.0, 18899.0] 0.9213571428571429
[1.0, 0, 1.0, 0.0, 0.0, 1.0, 3.0, 0.0, 1, 8.0, 8, 10, 15404.0] 0.6583157894736842
[1, 1.0, 0, 0.0, 0.0, 0, 3.0, 0.0, 4.0, 8.0, 8.0, 64.0, 15873.0] 0.7052142857142857
[1, 0.0, 0.0, 0.0, 0, 0.0, 3.0, 0, 1, 8.0, 10.0, 128, 18822.0] 0.9158571428571429
[1, 0, 0, 0.0, 0.0, 0, 3, 0, 1.0, 8, 8, 0, 19673.8] 0.9766999999999999
[1.0, 0.0, 0, 0.0, 0, 0, 4, 0.0, 2, 8, 8, 128, 19600.2] 0.9714428571428572
[1, 0.0, 0, 0.0, 0.0, 0, 4.0, 0.0, 2, 8.0, 8, 0, 19707.8] 0.9791285714285713
[1.0, 0, 0, 0.0, 0.0, 0, 3, 0, 2, 8.0, 8, 0.0, 19692.2] 0.9780142857142857
[1.0, 0.0, 0.0, 0.0, 0.0, 0.0, 4.0, 0.0, 2.0, 8, 8.0, 128, 19600.2] 0.9714428571428572
[1.0, 0.0, 1, 0.0, 0.0, 0, 2, 0.0, 2, 8.0, 8, 0, 16868.0] 0.7762857142857142
[1.0, 1.0, 1.0, 0, 0, 1.0, 3.0, 0.0, 1.0, 10.0, 10.0, 20.0, 11517.0] 0.2517
[1, 0.0, 0.0, 0, 0.0, 0.0, 4, 0.0, 1.0, 10.0, 16.0, 64, 13704.4] 0.4794105263157894
[1.0, 0.0, 1.0, 0, 0, 0.0, 2, 0, 2.0, 8, 8.0, 0, 16868.0] 0.7762857142857142
[1, 0, 0, 0.0, 0.0, 0.0, 3.0, 0.0, 2, 8, 8.0, 0.0, 19692.2] 0.9780142857142857
[1, 0.0, 1, 0, 0.0, 0.0, 4, 0, 2.0, 10, 8.0, 8, 13511.2] 0.45907368421052636
[1, 0.0, 1.0, 0.0, 0.0, 0.0, 2.0, 0.0, 1.0, 8.0, 16, 128, 12085.0] 0.30894736842105264
[1.0, 0, 1, 0.0, 0.0, 0.0, 1, 0.0, 2.0, 10.0, 8, 0, 15579.6] 0.6768
[1, 0, 0, 0.0, 0.0, 0, 3, 0.0, 1.0, 8, 10.0, 0, 18899.0] 0.9213571428571429
[1.0, 0, 1.0, 1.0, 1, 1.0, 3.0, 0.0, 2, 8.0, 8, 0, 16305.0] 0.7360714285714285
[1, 0.0, 0, 0.0, 0.0, 0.0, 3, 0, 2.0, 8.0, 8.0, 0.0, 19692.2] 0.9780142857142857
[1.0, 0.0, 0, 0, 0, 0, 4, 0.0, 1.0, 8.0, 8, 128, 19149.2] 0.9392285714285715
[1, 0, 0, 0.0, 0, 0.0, 3, 0, 1.0, 8, 8, 0.0, 19673.8] 0.9766999999999999
[1.0, 0, 0.0, 0, 0.0, 0, 3, 0, 1.0, 8.0, 8, 0.0, 19673.8] 0.9766999999999999
