[1.0, 0.0, 1.0, 0.0, 1.0, 0, 0.0, 1.0, 0.0, 0.0, 1.0, 0, 1, 1, 0.0, 0.0, 1, 0, 0, 0.0, 0.0, 0.0, 0.0, 1.0, 1.0, 1, 0, 1.0, 1.0, 0.0, 0.0, 1.0, 1.0, 0, 1.0, 1.0, 0, 0, 0.0, 16.4140091178129] 0.9038914216146946
[1.0, 0.0, 0.0, 0.0, 0.0, 0.0, 0.0, 1.0, 0.0, 1.0, 1.0, 0.0, 0.0, 1.0, 0.0, 0.0, 1.0, 0.0, 0.0, 0.0, 0.0, 0.0, 1.0, 1.0, 1.0, 0.0, 1.0, 1.0, 1.0, 0.0, 0.0, 1.0, 1.0, 0.0, 1.0, 1.0, 0.0, 0.0, 0.0, 16.3125454209928] 0.8279785819940728
[1.0, 0.0, 1.0, 0.0, 0.0, 0.0, 1.0, 1.0, 0.0, 0.0, 1.0, 1.0, 0.0, 1.0, 0.0, 0.0, 0.0, 0.0, 0.0, 0.0, 0.0, 0.0, 1.0, 1.0, 1.0, 1.0, 0.0, 1.0, 1.0, 0.0, 0.0, 1.0, 1.0, 0.0, 1.0, 1.0, 0.0, 0.0, 0.0, 16.381418813652697] 0.8846978465375166
[1.0, 0.0, 1.0, 0, 0.0, 1, 0.0, 1, 0.0, 0.0, 1, 1.0, 1, 1, 0.0, 0.0, 0, 0, 0.0, 0, 0, 0.0, 0.0, 1.0, 1.0, 1, 0.0, 1.0, 1.0, 0.0, 0.0, 1.0, 1.0, 0.0, 1.0, 1, 0.0, 0, 0.0, 16.1910172822047] 0.7278965853450485
[1.0, 0.0, 1.0, 0.0, 0.0, 1.0, 0.0, 1.0, 1.0, 0.0, 1.0, 0.0, 0.0, 1.0, 0.0, 0.0, 1.0, 0.0, 0.0, 0.0, 0.0, 0.0, 0.0, 1.0, 1.0, 1.0, 0.0, 1.0, 1.0, 0.0, 0.0, 1.0, 1.0, 0.0, 1.0, 1.0, 0.0, 0.0, 0.0, 16.0796711024946] 0.6361997314661422
[1.0, 0.0, 1.0, 0.0, 0, 0.0, 1, 1.0, 0.0, 0, 1.0, 0.0, 0.0, 1.0, 0.0, 1, 0.0, 0.0, 0, 0.0, 1, 0.0, 0.0, 1.0, 1, 1, 0.0, 1.0, 1.0, 0.0, 0.0, 1.0, 1.0, 0, 1.0, 1, 0.0, 0.0, 0.0, 16.725972887992302] 0.9905480244423058
[1, 0, 1, 0.0, 1.0, 0, 0.0, 1.0, 0.0, 0.0, 1.0, 0.0, 1, 1.0, 0.0, 0.0, 1.0, 0.0, 0, 0.0, 0, 0.0, 0, 1.0, 1.0, 1.0, 0.0, 1.0, 1.0, 0, 0.0, 1.0, 1.0, 0, 1.0, 1, 0.0, 0.0, 0.0, 16.4140091178129] 0.9038914216146946
[1.0, 0.0, 1, 0.0, 1.0, 0.0, 0.0, 1.0, 0.0, 0.0, 1.0, 0.0, 0.0, 1.0, 0.0, 0, 0.0, 0.0, 1.0, 0, 0.0, 0.0, 0.0, 1.0, 1.0, 1, 0.0, 1.0, 1.0, 0.0, 0.0, 1.0, 1.0, 0.0, 1.0, 0.0, 0.0, 1.0, 0.0, 16.0969860019556] 0.6504590604340236
[1.0, 0.0, 1.0, 0, 0.0, 0.0, 1.0, 1.0, 0.0, 0.0, 1.0, 0.0, 1, 1.0, 0.0, 0.0, 0.0, 0.0, 1.0, 0.0, 0.0, 0.0, 0.0, 1.0, 1.0, 1.0, 0, 1.0, 1.0, 0.0, 0.0, 1.0, 1.0, 0.0, 1.0, 1.0, 0.0, 0.0, 0.0, 16.429231330999] 0.9081198141663889
[1.0, 0.0, 0.0, 0.0, 0.0, 0, 0, 1, 0, 1.0, 1, 0, 0.0, 1, 0, 0, 1.0, 0, 0.0, 0.0, 0.0, 0.0, 1, 1, 1.0, 0, 1.0, 1, 1.0, 0.0, 0.0, 1.0, 1.0, 0.0, 1.0, 1.0, 0.0, 0.0, 0.0, 16.3125454209928] 0.8279785819940728
[1.0, 0, 0, 0.0, 0.0, 0.0, 0.0, 1, 0.0, 0.0, 1.0, 0.0, 1, 1.0, 0.0, 0.0, 0.0, 0.0, 0.0, 0.0, 0.0, 0.0, 0.0, 1.0, 1.0, 0.0, 1.0, 1.0, 0.0, 0.0, 1.0, 1.0, 1.0, 0.0, 1.0, 0.0, 0.0, 0.0, 1.0, 15.7396212209575] 0.35615865255323576
[1.0, 0, 0.0, 0.0, 0.0, 0, 0, 1.0, 0, 0.0, 1.0, 0.0, 0.0, 1.0, 1, 0.0, 1, 0.0, 0.0, 0, 0.0, 0.0, 0.0, 1.0, 1.0, 0, 1.0, 1.0, 1, 0.0, 0.0, 1.0, 0.0, 1.0, 1, 1.0, 0.0, 0.0, 0, 15.6648827787538] 0.2946093472090111
[1.0, 0.0, 1.0, 0.0, 0.0, 0.0, 1.0, 1.0, 0.0, 0.0, 1.0, 0.0, 0.0, 1.0, 0.0, 0.0, 0, 0.0, 0.0, 1.0, 0, 0.0, 0.0, 1, 1.0, 1.0, 0.0, 1.0, 1.0, 0.0, 0.0, 1.0, 1.0, 0.0, 1.0, 0.0, 0.0, 0.0, 1.0, 16.5330566312984] 0.9369601753606669
[1.0, 0.0, 1.0, 0.0, 1.0, 0.0, 0.0, 1.0, 1, 0.0, 1.0, 0.0, 0.0, 1.0, 0.0, 0.0, 0.0, 0.0, 1.0, 0.0, 0.0, 0.0, 0.0, 1.0, 1, 1.0, 0.0, 1.0, 1.0, 0.0, 0, 1.0, 1, 0.0, 1, 1.0, 0.0, 0.0, 0.0, 16.6942842723616] 0.9817456312115551
[1.0, 0.0, 1.0, 0.0, 0.0, 1, 0, 1, 0.0, 0.0, 1.0, 0.0, 0.0, 1, 0.0, 0, 0, 0.0, 0.0, 1, 0.0, 0, 0.0, 1.0, 1, 1.0, 0.0, 1.0, 1.0, 0, 0.0, 1, 1.0, 0.0, 1.0, 0.0, 0.0, 1.0, 0, 15.9653604821268] 0.542061573516188
[1, 1.0, 1, 0, 0.0, 1, 0.0, 1, 0.0, 0.0, 1.0, 0, 0.0, 1, 0.0, 0.0, 0, 0.0, 0, 0, 0.0, 1.0, 0, 1.0, 1.0, 1, 0.0, 1.0, 1.0, 0, 0.0, 1.0, 1.0, 0.0, 1.0, 1.0, 0.0, 0, 0.0, 16.4740672302704] 0.9205742306306669
[1.0, 0.0, 1.0, 0.0, 1.0, 0.0, 0.0, 1.0, 0.0, 0.0, 1.0, 0.0, 0.0, 1.0, 0.0, 0.0, 0.0, 0.0, 0.0, 0.0, 0.0, 0.0, 0.0, 1.0, 1.0, 1.0, 0.0, 1.0, 0.0, 1.0, 0.0, 1.0, 1.0, 0.0, 1.0, 1.0, 0.0, 0.0, 0.0, 15.2564454602907] 0.022088157751938484
[1.0, 1.0, 0.0, 0.0, 0.0, 0.0, 0, 1, 0, 0.0, 1.0, 0.0, 0.0, 1, 0, 0.0, 0.0, 0.0, 1, 0.0, 0.0, 0.0, 0.0, 1.0, 1.0, 0.0, 1.0, 1.0, 1.0, 0.0, 0.0, 1.0, 1, 0.0, 1.0, 0.0, 0, 1, 0.0, 15.7005752601805] 0.3240031554427644
[1.0, 0.0, 0.0, 0.0, 0.0, 0.0, 0.0, 1.0, 0.0, 1.0, 1.0, 0.0, 1, 1.0, 0.0, 1, 0, 0.0, 0, 0, 0.0, 0.0, 0.0, 1.0, 1.0, 0.0, 1.0, 1, 1.0, 0.0, 0, 1, 1.0, 0.0, 1, 1, 0.0, 0, 0.0, 15.9747247190374] 0.5497732980308006
[1.0, 0.0, 0, 0.0, 0.0, 0.0, 0.0, 1.0, 0.0, 1.0, 1.0, 0.0, 0.0, 1.0, 0.0, 0.0, 1, 0, 0.0, 0.0, 0.0, 0, 0.0, 1.0, 1.0, 0.0, 1.0, 1.0, 1.0, 0.0, 0.0, 1.0, 1, 0.0, 1.0, 0.0, 1.0, 0.0, 0.0, 15.6317294256082] 0.2673065857949873
[1.0, 1, 1.0, 0.0, 0.0, 1, 0.0, 1.0, 0.0, 0.0, 1.0, 0.0, 0.0, 1.0, 0.0, 0, 0.0, 0.0, 0, 0, 0, 1, 0, 1, 1.0, 1.0, 0.0, 1.0, 1.0, 0.0, 0.0, 1.0, 1.0, 0, 1.0, 1.0, 0.0, 0, 0.0, 16.4740672302704] 0.9205742306306669
[1.0, 0, 1.0, 0.0, 0, 0.0, 1.0, 1.0, 0.0, 0.0, 1.0, 0, 1.0, 1.0, 0.0, 0.0, 0, 0.0, 1, 0.0, 0.0, 0.0, 0, 1.0, 1, 1, 0, 1, 1.0, 0.0, 0.0, 1, 1.0, 0.0, 1.0, 1, 0.0, 0.0, 0, 16.429231330999] 0.9081198141663889
[1.0, 1, 1.0, 0.0, 0.0, 0.0, 1.0, 1.0, 0, 0.0, 1.0, 1, 0.0, 1.0, 0.0, 0.0, 0.0, 0, 0.0, 0.0, 0.0, 0.0, 0.0, 1.0, 1.0, 1.0, 0.0, 1.0, 1, 0.0, 0.0, 1.0, 1.0, 0.0, 1.0, 1, 0.0, 0.0, 0.0, 16.533944379797802] 0.9372067721660562
[1.0, 0.0, 1.0, 0.0, 0.0, 0.0, 1, 1, 0.0, 1.0, 1.0, 0.0, 0.0, 1, 1, 0, 0, 0.0, 0.0, 0.0, 0.0, 0.0, 0.0, 1.0, 1.0, 1.0, 0.0, 1.0, 1.0, 0.0, 0, 1.0, 1.0, 0, 1, 1.0, 0.0, 0.0, 0.0, 16.452551304452] 0.9145975845700006
[1, 0.0, 1.0, 0.0, 0.0, 0.0, 1.0, 1.0, 0, 1, 1.0, 0.0, 0.0, 1.0, 0, 1.0, 0.0, 0.0, 0.0, 0, 0.0, 0.0, 0.0, 1.0, 1, 1.0, 0.0, 1, 1.0, 0.0, 0.0, 1.0, 1.0, 0, 1.0, 1.0, 0.0, 0, 0.0, 16.347081061552597] 0.8564196977491985
[1.0, 1.0, 1.0, 0.0, 0.0, 1.0, 0.0, 1, 0.0, 0.0, 1.0, 0.0, 0.0, 1.0, 0.0, 0.0, 0.0, 0.0, 0.0, 0.0, 0.0, 1.0, 0.0, 1.0, 1.0, 1.0, 0.0, 1.0, 1.0, 0.0, 0.0, 1.0, 1, 0.0, 1.0, 1.0, 0.0, 0.0, 0.0, 16.4740672302704] 0.9205742306306669
[1.0, 0.0, 1.0, 0.0, 0.0, 0.0, 1, 1.0, 0.0, 0.0, 1.0, 0.0, 1, 1.0, 0.0, 0.0, 0.0, 0.0, 1.0, 0, 0, 0.0, 0.0, 1.0, 1.0, 1.0, 0.0, 1.0, 1.0, 0.0, 0.0, 1.0, 1, 0, 1.0, 1.0, 0.0, 0.0, 0, 16.429231330999] 0.9081198141663889
[1.0, 0.0, 1.0, 0.0, 0.0, 0.0, 1.0, 1.0, 0.0, 0.0, 1.0, 0.0, 0.0, 1.0, 0.0, 1.0, 1.0, 0.0, 0.0, 0.0, 0.0, 0.0, 0.0, 1.0, 1.0, 1.0, 0.0, 1.0, 1.0, 0.0, 0.0, 1.0, 1.0, 0.0, 1.0, 1.0, 0.0, 0.0, 0.0, 16.085113864084498] 0.6406820057166459
[1.0, 0.0, 1.0, 0.0, 0.0, 0.0, 1.0, 1.0, 0.0, 0.0, 1.0, 0.0, 0.0, 1.0, 0.0, 0.0, 1.0, 0.0, 1.0, 0.0, 0.0, 0.0, 0.0, 1.0, 1.0, 1.0, 0.0, 1.0, 1.0, 0.0, 0.0, 1.0, 1.0, 0.0, 1.0, 1.0, 0.0, 0.0, 0.0, 16.5280057007482] 0.9355571390967221
[1.0, 0.0, 1.0, 0.0, 0.0, 1.0, 0.0, 1.0, 1.0, 0.0, 1.0, 0.0, 0.0, 1.0, 0.0, 0.0, 0.0, 0.0, 0.0, 0.0, 0.0, 0.0, 0.0, 1.0, 1.0, 1.0, 0.0, 1.0, 0.0, 0.0, 1.0, 1.0, 1.0, 0.0, 1.0, 1.0, 0.0, 0.0, 0.0, 15.9209517772231] 0.5054896988896125
