[1, 1.0, 1, 1, 1, 0, 0.0, 0, 1.0, 0, 1, 0, 1024, 10.0, 422269.6] 0.9710109999999998
[1, 0, 0, 1, 1, 0.0, 0, 0.0, 1, 0, 1, 40, 2, 10.0, 417641.8] 0.9536567499999999
[1, 1, 1.0, 1.0, 1, 0, 0.0, 0, 1.0, 0.0, 0, 0, 128.0, 10.0, 422401.4] 0.9715052500000001
[1, 0, 1, 1, 1.0, 1.0, 0.0, 0.0, 0.0, 0, 0, 0, 512, 8, 132073.0] 0.061603099730458216
[1, 0, 0, 1, 1.0, 0, 0, 0.0, 1.0, 0.0, 0, 0, 8, 10, 422061.6] 0.9702309999999998
[1.0, 1, 0.0, 1.0, 1, 0.0, 0.0, 0.0, 1, 0, 1.0, 40, 1, 10, 421557.6] 0.9683409999999999
[1, 0, 1.0, 1, 1.0, 0, 0.0, 0.0, 1, 0.0, 1.0, 0.0, 64, 10.0, 421830.0] 0.9693625
[1.0, 1.0, 0, 0, 1.0, 0.0, 0.0, 0.0, 0.0, 1.0, 0, 40.0, 512, 10.0, 305319.4] 0.5212776
[1.0, 1, 0, 1.0, 1.0, 1.0, 0, 0.0, 0, 0, 0.0, 0, 1.0, 8.0, 131978.6] 0.061412264150943405
[1.0, 1, 1.0, 1.0, 1, 0.0, 0.0, 0, 1.0, 0.0, 1.0, 100, 1, 10.0, 421113.8] 0.96667675
[1, 0.0, 1, 0, 1.0, 0, 0.0, 0.0, 0.0, 1.0, 0, 10, 2048, 10.0, 302592.2] 0.5103688
[1, 0, 1.0, 0.0, 1, 0.0, 0, 0.0, 0.0, 1.0, 0.0, 30, 256, 10.0, 303394.2] 0.5135768
[1.0, 1, 0, 1.0, 1.0, 0, 0, 0, 1, 0, 1.0, 0, 256, 10.0, 422061.4] 0.9702302500000001
[1.0, 0.0, 1.0, 0.0, 1.0, 0.0, 0.0, 0, 0.0, 1.0, 0.0, 80.0, 64, 10.0, 303251.6] 0.5130063999999999
[1, 1.0, 1, 1.0, 1, 0, 0.0, 0.0, 1, 0, 0.0, 0, 64, 10.0, 421857.4] 0.9694652500000001
[1, 1, 1.0, 1, 1, 0, 0, 0.0, 1.0, 0.0, 0, 0, 128, 10.0, 422401.4] 0.9715052500000001
[1, 1.0, 0.0, 1.0, 1.0, 0.0, 0.0, 0.0, 1.0, 0.0, 1.0, 90, 2, 10.0, 421820.2] 0.9693257500000001
[1.0, 1.0, 0, 1.0, 1, 0, 0, 0, 1.0, 0.0, 1, 90.0, 2, 10.0, 421820.2] 0.9693257500000001
[1, 0, 0, 1.0, 1, 0, 0, 0, 1.0, 0.0, 0, 0, 8.0, 10.0, 422061.6] 0.9702309999999998
[1, 0.0, 1.0, 1, 1, 0.0, 1.0, 0.0, 0.0, 0.0, 0, 0, 4, 8.0, 132074.2] 0.06160552560646902
[1, 0, 0, 1, 1, 0.0, 0.0, 0, 1, 0, 0, 0, 1024, 10.0, 421959.2] 0.969847
[1, 1.0, 1, 1.0, 1, 0.0, 0.0, 0, 1, 0, 0, 0, 128, 10.0, 422401.4] 0.9715052500000001
[1, 0.0, 1.0, 1.0, 1.0, 0.0, 0.0, 0.0, 1.0, 0.0, 1.0, 0, 1, 10, 424574.6] 0.9796547499999999
[1.0, 1.0, 0, 1, 1.0, 0, 0.0, 0, 1.0, 0.0, 1, 40, 1, 10, 421557.6] 0.9683409999999999
[1.0, 0.0, 1, 1, 1, 0, 1, 0.0, 0.0, 0.0, 0.0, 0.0, 4, 8.0, 132074.2] 0.06160552560646902
[1, 1, 0, 1.0, 1, 0, 0, 0.0, 1.0, 0.0, 1, 40, 1, 10.0, 421557.6] 0.9683409999999999
[1.0, 1.0, 1.0, 1, 1, 0.0, 0, 0, 1, 0, 0, 10, 1, 10.0, 420823.8] 0.96558925
[1.0, 0.0, 1, 1.0, 1, 0.0, 0.0, 0.0, 1.0, 0.0, 1, 0, 1, 10.0, 424574.6] 0.9796547499999999
[1, 0.0, 1, 0.0, 1, 0.0, 0.0, 0.0, 0.0, 1.0, 0, 80, 64.0, 10.0, 303251.6] 0.5130063999999999
[1.0, 0, 1, 1.0, 1, 0.0, 0.0, 0.0, 1, 0, 1, 0, 1, 10, 424574.6] 0.9796547499999999
