[1, 1.0, 1.0, 1, 1, 0.0, 0.0, 0, 0.0, 1, 1, 40, 4096.0, 10.0, 303945.8] 0.5157831999999999
[1, 0, 1.0, 1.0, 1.0, 0.0, 0.0, 0.0, 1, 0.0, 0.0, 0, 4.0, 10.0, 421755.4] 0.9690827500000001
[1, 0, 0.0, 1.0, 1, 0.0, 0.0, 0.0, 1, 0.0, 0, 0.0, 8.0, 10.0, 422061.6] 0.9702309999999998
[1.0, 1, 0, 1.0, 1, 0, 1, 0.0, 0, 0, 0.0, 0, 4, 8, 131842.0] 0.06113611859838275
[1, 0.0, 1.0, 1.0, 1.0, 0.0, 1.0, 0.0, 0.0, 0.0, 1.0, 0, 64.0, 10.0, 132163.4] 0.06178584905660376
[1.0, 1, 1.0, 1.0, 1, 0, 0.0, 0.0, 1, 0.0, 0, 0, 2.0, 10.0, 421697.4] 0.9688652500000001
[1.0, 1, 1, 1.0, 1, 0.0, 1.0, 0, 0.0, 0.0, 0, 0, 512, 8.0, 131727.0] 0.06090363881401617
[1, 1, 1, 1, 1, 0.0, 0, 0, 1, 0, 0.0, 0, 512, 10, 421840.6] 0.9694022499999999
[1.0, 0.0, 1, 1.0, 1.0, 0.0, 1, 0, 0, 0.0, 0, 0, 4, 8.0, 132074.2] 0.06160552560646902
[1.0, 0.0, 1.0, 1.0, 1, 0.0, 0, 0.0, 1.0, 0.0, 0, 40, 1, 10.0, 419926.6] 0.9622247499999999
[1.0, 1.0, 0, 1.0, 1.0, 0.0, 0.0, 0, 1.0, 0, 1.0, 0.0, 256.0, 10.0, 422061.4] 0.9702302500000001
[1, 0, 1.0, 1.0, 1.0, 0.0, 0.0, 0.0, 1, 0, 1, 30, 128.0, 10, 416871.0] 0.95076625
[1.0, 0.0, 1, 1.0, 1.0, 0, 0.0, 0.0, 1.0, 0.0, 1, 0, 1, 10.0, 424574.6] 0.9796547499999999
[1.0, 0.0, 1, 1.0, 1.0, 0, 0, 0, 1.0, 0, 1.0, 0.0, 1, 10, 424574.6] 0.9796547499999999
[1, 0.0, 0, 1, 1, 0.0, 0, 0.0, 1, 0, 1.0, 90.0, 1, 10.0, 419237.2] 0.9596395
[1, 0, 0, 1.0, 1, 0, 0.0, 0, 1, 0, 1, 0, 256, 10, 420996.2] 0.9662357500000001
[1.0, 0, 0, 1.0, 1.0, 0.0, 0.0, 0.0, 0.0, 1, 1.0, 50.0, 64, 10.0, 303834.2] 0.5153368
[1.0, 1.0, 1, 1, 1, 0, 0.0, 0.0, 1, 0.0, 0, 0, 128, 10.0, 422401.4] 0.9715052500000001
[1, 1.0, 0.0, 1.0, 1, 0, 0.0, 0, 1, 0.0, 0, 0, 16, 10.0, 421525.0] 0.96821875
[1.0, 1.0, 1, 1.0, 1, 0, 0, 0, 0, 1, 1, 60, 2048, 10, 303751.4] 0.5150056000000001
[1, 0.0, 1, 1.0, 1.0, 0.0, 1.0, 0, 0, 0.0, 0.0, 0.0, 4, 8.0, 132074.2] 0.06160552560646902
[1, 0, 0.0, 1, 1, 0.0, 0, 0, 1, 0, 0, 60, 4096, 10, 417210.6] 0.95203975
[1, 0.0, 1.0, 1, 1.0, 0.0, 0, 0, 1, 0.0, 0, 0, 2048, 10.0, 422252.6] 0.9709472499999999
[1, 1, 1.0, 1.0, 1, 0.0, 0, 0.0, 1, 0, 0.0, 60, 1, 10.0, 420330.8] 0.9637404999999999
[1.0, 1.0, 0.0, 1, 1, 0, 0.0, 0.0, 0, 1.0, 0, 60.0, 128, 10.0, 304211.0] 0.516844
[1, 0, 1, 1.0, 1, 0.0, 0.0, 0, 1, 0, 1, 100.0, 256, 10, 416922.6] 0.9509597499999999
[1.0, 1, 0.0, 1, 1.0, 0.0, 0, 0.0, 1.0, 0.0, 0.0, 0, 2048.0, 10.0, 421753.6] 0.9690759999999999
[1.0, 1.0, 1.0, 1.0, 1.0, 0.0, 0.0, 0.0, 1.0, 0.0, 0, 10, 1.0, 10.0, 420823.8] 0.96558925
[1, 0, 0, 1.0, 1.0, 0.0, 0, 0, 1.0, 0.0, 0.0, 60, 2, 10, 416962.4] 0.9511090000000001
[1.0, 0, 1.0, 1.0, 1, 0.0, 0.0, 0, 1.0, 0.0, 1, 0, 1024.0, 10.0, 422519.2] 0.9719470000000001
