[1, 1, 0.0, 1, 1.0, 0, 0, 0.0, 0, 1.0, 1.0, 60, 512, 10.0, 303258.4] 0.5130336000000001
[1, 1, 0, 1.0, 1, 0.0, 0, 0, 1, 0.0, 0, 0, 16, 10, 421525.0] 0.96821875
[1, 1.0, 1, 1.0, 1.0, 0, 0.0, 0.0, 1.0, 0, 0, 0, 128.0, 10.0, 422401.4] 0.9715052500000001
[1, 0.0, 1, 1, 1, 0, 0.0, 0, 1, 0, 1, 70, 16, 10, 415957.6] 0.9473409999999999
[1.0, 1, 0, 1.0, 1.0, 0, 0.0, 0, 1.0, 0.0, 1, 0, 32, 10.0, 422006.6] 0.9700247499999999
[1.0, 0, 1.0, 1, 1, 0.0, 0.0, 0.0, 0.0, 1.0, 0, 100.0, 1024, 10.0, 303597.2] 0.5143888
[1.0, 1, 1, 1, 1, 1.0, 0, 0.0, 0, 0.0, 0.0, 0, 16, 8.0, 132598.2] 0.06266482479784369
[1.0, 0, 0.0, 1, 1, 0, 0.0, 0.0, 1, 0, 0.0, 0, 8, 10.0, 422061.6] 0.9702309999999998
[1, 0, 1, 1, 1, 0.0, 1.0, 0, 0, 0.0, 1.0, 0, 256, 8.0, 131831.2] 0.06111428571428573
[1, 0, 1, 1, 1, 0, 0.0, 0.0, 1, 0, 1, 0, 1, 10.0, 424574.6] 0.9796547499999999
[1, 0, 1, 1, 1.0, 1, 0.0, 0, 0, 0, 0.0, 0, 2, 8.0, 131894.0] 0.06124123989218329
[1, 0, 1.0, 1, 1.0, 0, 0.0, 0.0, 1, 0.0, 1, 0, 1, 10.0, 424574.6] 0.9796547499999999
[1.0, 0, 0, 1, 1, 0.0, 0.0, 0.0, 1, 0.0, 1, 0.0, 64, 10, 421875.8] 0.9695342499999999
[1.0, 0.0, 0, 1.0, 1, 0.0, 0.0, 0.0, 0.0, 1.0, 0, 90.0, 512, 10, 303691.4] 0.5147656
[1, 0, 1.0, 1.0, 1, 0, 0.0, 0.0, 1, 0.0, 1.0, 20, 64, 10, 417418.2] 0.95281825
[1.0, 0.0, 1.0, 1, 1, 0.0, 0, 0.0, 1, 0, 1.0, 0, 1, 10.0, 424574.6] 0.9796547499999999
[1, 0.0, 1, 0.0, 1.0, 0.0, 0, 0.0, 0.0, 1.0, 1.0, 100, 4096, 10.0, 303869.6] 0.5154783999999999
[1, 1.0, 1, 1, 1.0, 0.0, 0.0, 0.0, 1, 0, 0.0, 0, 128, 10.0, 422401.4] 0.9715052500000001
[1, 1, 0, 1, 1.0, 0.0, 0.0, 0, 1, 0.0, 1, 90, 1, 10.0, 420124.2] 0.9629657500000001
[1, 0, 1, 1, 1.0, 0.0, 0, 0, 1, 0.0, 1, 0, 1024, 10, 422519.2] 0.9719470000000001
[1.0, 0.0, 1.0, 1.0, 1.0, 1, 0.0, 0.0, 0.0, 0.0, 1.0, 0.0, 2048.0, 10, 132093.4] 0.0616443396226415
[1.0, 1, 0.0, 1, 1, 0.0, 0.0, 0.0, 1, 0, 1.0, 40, 16, 10, 416784.8] 0.9504429999999999
[1.0, 1, 1.0, 1.0, 1, 0.0, 0, 0.0, 1.0, 0.0, 0.0, 0, 2, 10.0, 421697.4] 0.9688652500000001
[1, 0, 1, 1, 1, 0, 0.0, 0.0, 1, 0, 1, 60, 256, 10.0, 416202.8] 0.9482605
[1, 1, 0, 1.0, 1, 0.0, 0, 0.0, 1, 0, 0.0, 10, 2, 10.0, 418818.6] 0.9580697499999999
[1, 1.0, 0.0, 0.0, 1, 0, 0.0, 0, 0.0, 1, 0.0, 40, 512, 10, 305319.4] 0.5212776
[1.0, 0.0, 1, 1, 1.0, 0.0, 1, 0.0, 0.0, 0, 0.0, 40, 1, 10, 125621.2] 0.04856037735849056
[1.0, 1, 0, 0, 1, 0.0, 0, 0, 0.0, 1, 0.0, 40, 512, 10, 305319.4] 0.5212776
[1, 0.0, 1.0, 1.0, 1, 0, 0.0, 0, 1, 0, 0.0, 60, 4, 10, 417534.2] 0.95325325
[1.0, 1, 1.0, 0.0, 1.0, 0.0, 0.0, 0.0, 0.0, 1.0, 1, 50.0, 4096.0, 10.0, 303552.6] 0.5142103999999998
