[1.0, 0.0, 1.0, 0.0, 0.0, 0.0, 1.0, 1.0, 0.0, 0.0, 1.0, 0.0, 0.0, 1.0, 0.0, 0.0, 0.0, 0.0, 1.0, 0.0, 0.0, 0.0, 0.0, 1.0, 1.0, 1.0, 0.0, 1.0, 0.0, 1.0, 0.0, 1.0, 1.0, 0.0, 1.0, 1.0, 0.0, 0.0, 0.0, 15.9064402339262] 0
[1.0, 0.0, 0.0, 0.0, 0.0, 0.0, 0.0, 1.0, 0.0, 0.0, 1.0, 1.0, 1.0, 1.0, 0.0, 0.0, 0.0, 0.0, 0.0, 0.0, 0.0, 0.0, 0.0, 1.0, 1.0, 0.0, 1.0, 1.0, 1.0, 0.0, 0.0, 1.0, 0.0, 1.0, 1.0, 1.0, 0.0, 0.0, 0.0, 15.9878720984278] 0.08650552217842143
[1.0, 0.0, 1.0, 0.0, 0.0, 0.0, 1, 1.0, 0, 0.0, 1.0, 0.0, 0, 1.0, 0.0, 0.0, 0, 0.0, 1, 1.0, 0.0, 0.0, 0.0, 1.0, 1.0, 1.0, 0.0, 1, 1.0, 0.0, 0.0, 1, 1.0, 0.0, 1.0, 1.0, 0.0, 0.0, 0.0, 16.3555141316687] 0.4409463322929368
[1, 0.0, 0, 0.0, 0.0, 0.0, 0, 1.0, 0, 0.0, 1.0, 1, 1.0, 1.0, 0.0, 0, 0.0, 0, 1, 0.0, 0, 0.0, 0.0, 1, 1.0, 0.0, 1.0, 1.0, 1, 0.0, 0.0, 1, 1.0, 0.0, 1.0, 1.0, 0.0, 0.0, 0, 16.0065442432742] 0.13564274545841704
[1.0, 0.0, 1.0, 0.0, 1.0, 0.0, 0.0, 1.0, 0.0, 0.0, 1.0, 0.0, 0.0, 1.0, 0.0, 0.0, 0.0, 0.0, 0.0, 1.0, 0.0, 0.0, 0.0, 1.0, 1.0, 1.0, 0.0, 1.0, 1.0, 0.0, 0.0, 1.0, 1.0, 0.0, 1.0, 0.0, 0.0, 1.0, 0.0, 15.829280066307] 0
[1.0, 0.0, 1.0, 0.0, 1.0, 0.0, 0.0, 1.0, 0.0, 0.0, 1.0, 0.0, 0.0, 1.0, 0.0, 0.0, 0.0, 0.0, 0.0, 1.0, 0.0, 0.0, 0.0, 1.0, 1.0, 1.0, 0.0, 1.0, 1.0, 0.0, 0.0, 1.0, 1.0, 0.0, 1.0, 0.0, 0.0, 1.0, 0.0, 15.829280066307] 0
[1.0, 0.0, 1.0, 0.0, 0.0, 1.0, 0.0, 1.0, 0.0, 0.0, 1.0, 0.0, 0.0, 1.0, 0.0, 0.0, 0.0, 0, 0, 0.0, 1, 0.0, 0.0, 1.0, 1.0, 1.0, 0, 1.0, 1, 0.0, 0.0, 1.0, 1.0, 0.0, 1.0, 0.0, 0.0, 1.0, 0, 15.999287329621] 0.11654560426578756
[1.0, 0.0, 1.0, 1, 0, 0.0, 0, 1.0, 0.0, 0.0, 1.0, 0.0, 0.0, 1.0, 0.0, 0.0, 0.0, 0.0, 0.0, 0.0, 0.0, 0.0, 0.0, 1.0, 1.0, 1.0, 0.0, 1, 1.0, 0.0, 0.0, 1.0, 1.0, 0.0, 1.0, 1.0, 0.0, 0.0, 0, 15.237213299656698] 0
[1.0, 0.0, 1.0, 0.0, 1.0, 0.0, 0.0, 1.0, 0, 0.0, 1.0, 0.0, 0.0, 1.0, 0.0, 1.0, 0.0, 0.0, 0.0, 0.0, 0.0, 0.0, 1, 1.0, 1.0, 1.0, 0.0, 1.0, 1.0, 0.0, 0.0, 1.0, 1.0, 0.0, 1.0, 1.0, 0.0, 0.0, 0.0, 16.277688732337598] 0.39230545771099884
[1.0, 1.0, 1.0, 0.0, 0.0, 0.0, 1.0, 1.0, 0.0, 0.0, 1.0, 0.0, 0.0, 1.0, 0.0, 0.0, 1.0, 0.0, 0.0, 0.0, 0.0, 0.0, 0.0, 1.0, 1.0, 1.0, 0.0, 1.0, 1.0, 0.0, 0.0, 1.0, 1.0, 0.0, 1.0, 1.0, 0.0, 0.0, 0.0, 16.367616070198] 0.4485100438737504
[1.0, 1, 1.0, 0.0, 0.0, 1.0, 0.0, 1.0, 0.0, 0.0, 1.0, 0, 0, 1.0, 1.0, 0, 0.0, 0.0, 0.0, 0.0, 0.0, 0, 0.0, 1, 1, 1.0, 0.0, 1.0, 1.0, 0, 0.0, 1.0, 1.0, 0, 1.0, 1.0, 0.0, 0.0, 0.0, 16.3997340131835] 0.46858375823968845
[1.0, 0.0, 1.0, 0.0, 1.0, 0.0, 0.0, 1.0, 1, 0.0, 1.0, 0, 0, 1.0, 0.0, 0.0, 0.0, 0.0, 1, 0.0, 0.0, 0.0, 0.0, 1.0, 1, 1.0, 0.0, 1.0, 1.0, 0.0, 0.0, 1.0, 1, 0, 1, 1.0, 0.0, 0.0, 0.0, 16.6942842723616] 0.8940068909058041
[1.0, 0.0, 0.0, 0.0, 0.0, 0.0, 0.0, 1.0, 0.0, 1.0, 1.0, 0.0, 0.0, 1.0, 1.0, 0.0, 1.0, 0.0, 0.0, 0.0, 0.0, 0, 0.0, 1.0, 1, 0.0, 1.0, 1.0, 1.0, 0.0, 0.0, 1.0, 1, 0.0, 1, 1.0, 0.0, 0.0, 0.0, 15.789239080661302] 0
[1.0, 1, 1.0, 0, 0.0, 0, 1.0, 1.0, 0.0, 0.0, 1, 1, 0, 1, 0, 0.0, 0.0, 0.0, 0.0, 0.0, 0.0, 0, 0, 1.0, 1, 1, 0, 1, 1.0, 0, 0.0, 1, 1.0, 0, 1.0, 1.0, 0.0, 0.0, 0.0, 16.533944379797802] 0.6353941609641971
[1.0, 0.0, 1.0, 0, 1.0, 0.0, 0, 1.0, 1.0, 0.0, 1.0, 0.0, 0.0, 1, 0.0, 0.0, 0, 0.0, 1, 0.0, 0.0, 0.0, 0, 1, 1, 1.0, 0.0, 1, 1.0, 0.0, 0.0, 1.0, 1.0, 0, 1, 1.0, 0.0, 0.0, 0, 16.6942842723616] 0.8940068909058041
[1.0, 0.0, 1.0, 0.0, 0.0, 0.0, 1.0, 1.0, 0.0, 0.0, 1.0, 1, 0, 1.0, 0.0, 0.0, 0.0, 0.0, 0.0, 0.0, 1, 0.0, 0.0, 1.0, 1.0, 1.0, 0.0, 1.0, 1.0, 0.0, 0.0, 1.0, 1.0, 0.0, 1.0, 1.0, 0.0, 0.0, 0.0, 16.4602913274569] 0.5165989152530663
[1.0, 0.0, 1, 0.0, 0.0, 1.0, 0.0, 1.0, 0.0, 0, 1.0, 0.0, 0.0, 1.0, 0, 0.0, 0.0, 0.0, 0, 0.0, 0, 1, 0.0, 1.0, 1.0, 1.0, 0.0, 1.0, 1.0, 0.0, 0.0, 1.0, 0.0, 1.0, 1.0, 1.0, 0.0, 0.0, 0.0, 16.1582551399929] 0.317659462495562
[1.0, 0.0, 1.0, 0.0, 0.0, 1.0, 0.0, 1.0, 0.0, 0.0, 1.0, 0.0, 0.0, 1.0, 0.0, 0.0, 0.0, 0.0, 0.0, 0.0, 0.0, 0.0, 0.0, 1.0, 1.0, 0.0, 1.0, 1.0, 1.0, 0.0, 0.0, 1.0, 0.0, 1.0, 1.0, 0.0, 0.0, 1.0, 0.0, 15.4796383410669] 0
[1.0, 0.0, 1.0, 0.0, 1, 0.0, 0.0, 1.0, 0.0, 0.0, 1, 0.0, 0.0, 1.0, 0.0, 1, 0.0, 0.0, 0.0, 0.0, 1, 0.0, 0.0, 1, 1.0, 1, 0.0, 1.0, 1.0, 0.0, 0.0, 1, 1.0, 0.0, 1.0, 1.0, 0.0, 0.0, 0.0, 16.3428778006285] 0.43304862539281275
[1.0, 0.0, 0.0, 0.0, 0.0, 0.0, 0.0, 1.0, 1.0, 0.0, 1.0, 0.0, 0.0, 1.0, 0.0, 0.0, 0.0, 0.0, 0.0, 0.0, 0.0, 0.0, 0.0, 1.0, 1.0, 0.0, 1.0, 1.0, 1.0, 0.0, 0.0, 1.0, 0.0, 1.0, 1.0, 0.0, 0.0, 0.0, 1.0, 15.2572913399654] 0
[1.0, 0.0, 0.0, 0.0, 0.0, 0.0, 0.0, 1.0, 1.0, 0.0, 1.0, 0.0, 0.0, 1.0, 1.0, 0.0, 0.0, 0.0, 0, 1, 0.0, 0.0, 0.0, 1.0, 1.0, 0, 1.0, 1.0, 1.0, 0.0, 0.0, 1.0, 1.0, 0.0, 1.0, 1.0, 0, 0, 0.0, 15.8380137288524] 0
[1.0, 0.0, 1.0, 0.0, 0.0, 0.0, 1.0, 1.0, 1.0, 0.0, 1.0, 0.0, 0.0, 1.0, 0.0, 0.0, 0.0, 0.0, 0.0, 1.0, 0.0, 0.0, 0.0, 1.0, 1.0, 1.0, 0.0, 1.0, 1.0, 0.0, 0.0, 1.0, 1.0, 0.0, 1.0, 1.0, 0.0, 0.0, 0.0, 16.0932584237464] 0.2770365148414987
[1.0, 0.0, 1.0, 0.0, 0.0, 1.0, 0, 1.0, 0.0, 0, 1, 1.0, 0, 1.0, 1, 0.0, 0.0, 0.0, 0, 0, 0.0, 0.0, 0.0, 1, 1.0, 1.0, 0, 1, 1, 0.0, 0, 1, 1, 0.0, 1.0, 1.0, 0.0, 0.0, 0.0, 15.811579768482805] 0
[1.0, 0.0, 0.0, 0.0, 0.0, 0.0, 0.0, 1.0, 0.0, 0.0, 1.0, 0.0, 0.0, 1.0, 0.0, 1.0, 1.0, 0.0, 0.0, 0.0, 0.0, 0.0, 0.0, 1.0, 1.0, 0.0, 1.0, 1.0, 0.0, 0.0, 1.0, 1.0, 1.0, 0.0, 1.0, 1.0, 0.0, 0.0, 0.0, 15.5534419130682] 0
[1.0, 0.0, 1.0, 0.0, 0.0, 0.0, 1.0, 1.0, 0.0, 0.0, 1.0, 0.0, 0.0, 1.0, 0.0, 0.0, 0, 0.0, 0.0, 0.0, 1, 0.0, 0.0, 1.0, 1.0, 1.0, 0.0, 1.0, 0.0, 0.0, 1.0, 1.0, 1.0, 0.0, 1.0, 1.0, 0.0, 0.0, 0.0, 15.501643003119302] 0
[1.0, 0.0, 1.0, 0.0, 0.0, 0.0, 1.0, 1.0, 1, 0.0, 1.0, 0.0, 0.0, 1, 0, 0.0, 0.0, 0.0, 0.0, 0.0, 0.0, 0.0, 0.0, 1.0, 1.0, 1.0, 0.0, 1.0, 0.0, 0.0, 1.0, 1.0, 1.0, 0.0, 1.0, 1.0, 0.0, 0.0, 0.0, 15.4211771118712] 0
[1.0, 0.0, 1.0, 0.0, 0.0, 0.0, 1.0, 1.0, 0.0, 0.0, 1.0, 0.0, 0.0, 1.0, 0.0, 0.0, 0, 0.0, 0.0, 0.0, 0.0, 1, 0, 1.0, 1.0, 1.0, 0.0, 1.0, 0.0, 1.0, 0.0, 1.0, 1, 0.0, 1.0, 1, 0.0, 0.0, 0, 15.700861329289598] 0
[1.0, 0.0, 1.0, 0.0, 0, 0.0, 1.0, 1.0, 0.0, 0, 1.0, 1, 0, 1.0, 0, 0, 0, 1, 0.0, 0.0, 0.0, 0.0, 0, 1.0, 1, 1.0, 0, 1.0, 1.0, 0.0, 0.0, 1.0, 1, 0.0, 1.0, 1, 0, 0, 0.0, 16.5638378085506] 0.6836093686299972
[1.0, 1.0, 0.0, 0.0, 0.0, 0.0, 0, 1.0, 1.0, 0.0, 1.0, 1.0, 0.0, 1.0, 0.0, 0.0, 0.0, 0, 0.0, 0.0, 0.0, 0.0, 0, 1.0, 1.0, 1.0, 0.0, 1.0, 1.0, 0.0, 0, 1, 1.0, 0.0, 1, 1, 0.0, 0.0, 0.0, 16.3218319849176] 0.41989499057350094
[1.0, 0.0, 1.0, 0.0, 0.0, 0.0, 1.0, 1.0, 0.0, 0.0, 1.0, 0.0, 0.0, 1.0, 0.0, 0.0, 0.0, 0.0, 0.0, 0.0, 1.0, 0.0, 0.0, 1.0, 1.0, 1.0, 0.0, 1.0, 1.0, 0.0, 0.0, 1.0, 0.0, 1.0, 1.0, 1.0, 0.0, 0.0, 0.0, 15.6235020623059] 0
