[1, 1.0, 1.0, 1, 1.0, 1.0, 1.0, 1.0, 1, 0.0, 1.0, 1.0, 169.4766715] 0.9791971838834777
[1.0, 1.0, 0.0, 1.0, 1.0, 1.0, 1, 1.0, 0.0, 1.0, 0.0, 0.0, 170.4227512] 0.9882848486824037
[0.0, 1.0, 1, 1.0, 1.0, 1, 1, 1.0, 1, 0.0, 0.0, 1, 170.5469792] 0.9894781333735785
[0, 1.0, 1.0, 1.0, 0.0, 1.0, 1.0, 0.0, 1.0, 0.0, 1.0, 1, 125.1841562] 0.528654165925926
[0, 1.0, 0.0, 1.0, 1.0, 1.0, 1.0, 1.0, 0.0, 0, 1.0, 0.0, 170.735281] 0.991286885468602
[1.0, 1.0, 1.0, 1.0, 1.0, 1.0, 1.0, 0.0, 0.0, 1.0, 1.0, 1.0, 170.6573937] 0.9905387310853155
[0.0, 1.0, 1.0, 1, 1.0, 1.0, 1.0, 0.0, 0.0, 0.0, 0, 1.0, 171.5690527] 0.9992957643489235
[0.0, 1, 1.0, 1.0, 1.0, 1.0, 0.0, 0, 1, 0.0, 0.0, 0, 125.0410345] 0.5265338444444443
[0.0, 1, 0, 1.0, 0.0, 1.0, 1.0, 1.0, 0, 1.0, 1.0, 0.0, 123.5682514] 0.5047148355555555
[0.0, 1.0, 1, 1.0, 1, 1.0, 1.0, 0.0, 1.0, 1.0, 1, 0, 170.1067212] 0.9852491903690455
[0.0, 1.0, 1, 1.0, 1, 0.0, 1.0, 1.0, 1.0, 1.0, 0.0, 1, 116.809094] 0.4045791703703704
[0, 1.0, 0, 1, 1.0, 1, 1.0, 0, 0.0, 1.0, 0.0, 0, 170.2871644] 0.9869824558823479
[0.0, 1.0, 1.0, 1.0, 1, 1.0, 1.0, 0, 0.0, 0.0, 0.0, 1.0, 171.5690527] 0.9992957643489235
[0, 1.0, 1, 1.0, 1.0, 1, 1.0, 0, 0.0, 0.0, 1.0, 0.0, 171.6423678] 1.0
[0, 1.0, 1, 1, 1, 1.0, 1.0, 1, 0.0, 1.0, 1.0, 0, 170.2567158] 0.9866899787576441
[0.0, 1.0, 0.0, 1.0, 1, 1, 1, 1.0, 1.0, 0.0, 1, 0.0, 170.2122025] 0.9862624017263495
[1.0, 1.0, 0.0, 1, 1, 1.0, 1, 0, 1.0, 1.0, 0, 0, 170.051348] 0.9847172974635703
[0.0, 1.0, 1, 1.0, 1.0, 1, 1.0, 0.0, 0.0, 0.0, 0.0, 1.0, 171.5690527] 0.9992957643489235
[0, 1.0, 1.0, 1.0, 1.0, 1, 1.0, 0.0, 0.0, 0.0, 0.0, 0.0, 171.3028867] 0.9967390797600131
[1.0, 1.0, 0.0, 1.0, 0.0, 1.0, 1.0, 0, 1.0, 0.0, 1, 0.0, 123.930196] 0.5100769777777776
[0, 1, 0.0, 1.0, 1, 1.0, 1.0, 0.0, 0, 0.0, 0.0, 1, 171.4235804] 0.9978984153730086
[0.0, 1.0, 1, 1.0, 1, 1.0, 1.0, 1.0, 1.0, 1.0, 1.0, 0, 170.2764871] 0.9868798939910426
[0.0, 1, 1, 1.0, 1.0, 1, 0, 1, 1, 1, 1.0, 1.0, 125.6215169] 0.5351335837037037
[1.0, 1.0, 0.0, 1.0, 1.0, 1.0, 1.0, 0, 1.0, 1.0, 1.0, 1, 170.2500155] 0.9866256183444017
[0.0, 1, 0.0, 1.0, 1, 1.0, 1, 0, 1.0, 1, 0.0, 1, 171.1972303] 0.9957241864618468
[0.0, 1.0, 0.0, 1.0, 1.0, 1, 1.0, 1.0, 0.0, 0.0, 1.0, 0.0, 170.735281] 0.991286885468602
[0.0, 1.0, 1.0, 1.0, 1.0, 1.0, 1.0, 1.0, 1, 1, 0, 0, 169.9679244] 0.9839159635874499
[0.0, 1.0, 0.0, 1.0, 1.0, 1.0, 1.0, 1.0, 0.0, 0.0, 1.0, 0.0, 170.735281] 0.991286885468602
[1.0, 1.0, 0.0, 1.0, 1, 1, 1, 0.0, 0.0, 1, 1, 0.0, 170.7705431] 0.9916255991572123
[0, 1.0, 0.0, 1, 1.0, 1.0, 0, 1, 1.0, 0.0, 0.0, 0, 124.825187] 0.5233361037037036
