[0.0, 1.0, 1.0, 1.0, 1.0, 1.0, 1.0, 0.0, 0.0, 0, 1, 0, 171.6423678] 1.0
[0.0, 1.0, 1.0, 1.0, 1.0, 1.0, 1.0, 0, 0, 0.0, 0, 1.0, 171.5690527] 0.988586741116226
[0.0, 1.0, 0.0, 1.0, 1.0, 1.0, 1.0, 1, 1.0, 1.0, 0.0, 1.0, 170.3034718] 0.30297582857142846
[0.0, 1.0, 0.0, 1.0, 1.0, 1, 1.0, 1.0, 0.0, 1.0, 1.0, 0, 170.5539949] 0.5177099142857013
[0, 1.0, 0.0, 1.0, 1, 1.0, 1.0, 0.0, 1.0, 1, 0.0, 1, 171.1972303] 0.9307036405000383
[1.0, 0.0, 0.0, 1.0, 1.0, 0.0, 1.0, 0.0, 1.0, 0.0, 0.0, 0.0, 51.43126178] 0
[1.0, 1.0, 0.0, 0.0, 1.0, 1.0, 1.0, 0.0, 0.0, 0.0, 0.0, 1.0, 65.10588694] 0
[0, 1, 1, 1.0, 1, 1, 1.0, 0, 0, 0.0, 1, 0.0, 171.6423678] 1.0
[0.0, 1, 1.0, 1, 1.0, 1.0, 1.0, 1.0, 1.0, 0.0, 1.0, 1.0, 170.6282685] 0.5813729999999864
[1.0, 1.0, 0, 1.0, 1, 1.0, 1.0, 0.0, 0.0, 1.0, 1.0, 0.0, 170.7705431] 0.7033226571428519
[0, 1, 1, 1.0, 1, 1, 1.0, 0.0, 0, 0.0, 0.0, 1.0, 171.5690527] 0.988586741116226
[0.0, 1.0, 1, 1, 1.0, 1.0, 1.0, 0, 0.0, 0.0, 0.0, 1.0, 171.5690527] 0.988586741116226
[0.0, 1.0, 1.0, 1, 1.0, 1.0, 1.0, 1, 1.0, 0.0, 1.0, 1, 170.6282685] 0.5813729999999864
[0, 1.0, 1, 1, 1.0, 1.0, 1.0, 1, 1, 0.0, 1.0, 1.0, 170.6282685] 0.5813729999999864
[0.0, 1.0, 1, 1, 1.0, 1, 1.0, 0, 0, 0.0, 0.0, 1, 171.5690527] 0.988586741116226
[0.0, 1, 0, 1.0, 1.0, 1.0, 1.0, 0.0, 0, 1.0, 1.0, 0.0, 170.5559134] 0.519354342857144
[0.0, 1.0, 0.0, 1.0, 0.0, 0.0, 1.0, 0.0, 0.0, 1.0, 1.0, 0.0, 70.96725726] 0
[0.0, 1.0, 1, 1.0, 1.0, 1.0, 1.0, 0.0, 0.0, 0.0, 1.0, 0.0, 171.6423678] 1.0
[0.0, 1.0, 1.0, 1.0, 1, 1.0, 1.0, 0.0, 0.0, 0.0, 1, 0, 171.6423678] 1.0
[0, 1.0, 1.0, 1.0, 1, 1.0, 1.0, 0.0, 0.0, 0.0, 1, 0, 171.6423678] 1.0
[1.0, 1.0, 0.0, 1, 1.0, 1.0, 1.0, 0.0, 0.0, 1.0, 1.0, 0.0, 170.7705431] 0.7033226571428519
[1.0, 1.0, 0.0, 1.0, 1.0, 1.0, 1.0, 0.0, 0, 1.0, 1.0, 0.0, 170.7705431] 0.7033226571428519
[1.0, 0.0, 1.0, 0.0, 0.0, 1.0, 0.0, 0.0, 0.0, 1.0, 1.0, 0.0, 29.03226781] 0
[0.0, 1.0, 1.0, 1.0, 1.0, 1.0, 1, 0.0, 0.0, 0.0, 1, 0, 171.6423678] 1.0
[0.0, 1.0, 0.0, 1.0, 0.0, 1.0, 0.0, 1.0, 0.0, 0.0, 0.0, 0.0, 78.55989146] 0
[0.0, 1.0, 1.0, 1.0, 1, 1.0, 1.0, 0, 0.0, 0.0, 0.0, 1.0, 171.5690527] 0.988586741116226
[1, 1.0, 0.0, 1, 1.0, 1, 1.0, 0.0, 1.0, 0, 1.0, 1.0, 170.3253386] 0.3217187999999984
[1.0, 0.0, 0.0, 0.0, 1.0, 0.0, 1.0, 0.0, 1.0, 0.0, 1.0, 0.0, 15.60768032] 0
[0.0, 1.0, 0.0, 0.0, 1.0, 0.0, 0.0, 0.0, 1.0, 0.0, 0.0, 1.0, 45.70228863] 0
[0.0, 1.0, 1.0, 1.0, 1, 1.0, 1, 0.0, 0, 0.0, 1.0, 0.0, 171.6423678] 1.0
