[0.0, 1.0, 1, 1.0, 1.0, 1.0, 1.0, 0, 0, 0.0, 1.0, 0.0, 171.6423678] 1.0
[0.0, 1.0, 1.0, 1, 1, 1, 1.0, 0, 0.0, 0.0, 1, 0.0, 171.6423678] 1.0
[0, 1, 0.0, 1.0, 1.0, 1.0, 1, 0.0, 1, 1.0, 0.0, 1.0, 171.1972303] 0.9307036405000383
[0.0, 1.0, 1, 1.0, 1, 1.0, 1.0, 0.0, 0.0, 0.0, 1, 0, 171.6423678] 1.0
[0, 1.0, 1, 1.0, 1.0, 1, 1.0, 0.0, 0, 0, 1, 0.0, 171.6423678] 1.0
[1.0, 1.0, 1.0, 0.0, 0.0, 0.0, 1.0, 1.0, 0.0, 1.0, 0.0, 0.0, 32.72396994] 0
[0.0, 1, 0.0, 1.0, 1.0, 1.0, 1.0, 0.0, 1.0, 1.0, 0, 1, 171.1972303] 0.9307036405000383
[1.0, 1.0, 0.0, 1.0, 1, 1.0, 1, 0, 0, 1, 1, 0.0, 170.7705431] 0.7033226571428519
[0.0, 1.0, 1.0, 1.0, 1.0, 1.0, 1.0, 0.0, 0.0, 0.0, 1.0, 0.0, 171.6423678] 1.0
[0.0, 1.0, 1.0, 1.0, 1.0, 1.0, 1.0, 0.0, 0.0, 0.0, 0.0, 1, 171.5690527] 0.988586741116226
[0.0, 1.0, 1.0, 1.0, 1.0, 1, 1.0, 0.0, 0.0, 0, 0.0, 1, 171.5690527] 0.988586741116226
[0.0, 1.0, 1, 1.0, 1, 1.0, 1.0, 0, 0.0, 0.0, 1.0, 0.0, 171.6423678] 1.0
[0.0, 1.0, 1, 1.0, 1.0, 1.0, 1.0, 0, 0.0, 0.0, 1, 0, 171.6423678] 1.0
[0.0, 1.0, 1.0, 0.0, 1.0, 0.0, 0.0, 1.0, 0.0, 0.0, 0.0, 1.0, 4.834766865] 0
[1.0, 1.0, 0.0, 1.0, 1.0, 1, 1.0, 0.0, 0.0, 1.0, 0, 1.0, 170.3418882] 0.33590417142856194
[0, 1, 1, 1.0, 1, 1, 1.0, 0.0, 0, 0, 1, 0, 171.6423678] 1.0
[1.0, 0.0, 1.0, 1.0, 1.0, 0.0, 0.0, 0.0, 0.0, 1.0, 0.0, 0.0, 36.6685791] 0
[0, 1.0, 1, 1, 1.0, 1, 1.0, 0, 0.0, 0, 0.0, 1, 171.5690527] 0.988586741116226
[0, 1.0, 1.0, 1, 1.0, 1.0, 1.0, 0, 0, 0.0, 1, 0, 171.6423678] 1.0
[0.0, 1.0, 0.0, 1, 1.0, 1.0, 1, 0.0, 0.0, 1, 0.0, 1.0, 170.313175] 0.3112928571428485
[0.0, 0.0, 0.0, 0.0, 0.0, 1.0, 1.0, 0.0, 0.0, 1.0, 0.0, 1.0, 3.106265306] 0
[0.0, 1.0, 0.0, 1, 1.0, 1.0, 1.0, 1.0, 1.0, 0.0, 0.0, 0.0, 170.6651847] 0.6130154571428503
[0.0, 1.0, 0.0, 1, 1.0, 1.0, 1.0, 1.0, 0.0, 0, 1.0, 0.0, 170.735281] 0.6730979999999847
[0.0, 1, 1, 1.0, 1, 1.0, 1, 0, 0.0, 0.0, 1.0, 0.0, 171.6423678] 1.0
[0.0, 1.0, 1.0, 1.0, 1.0, 1.0, 1.0, 1, 1.0, 0.0, 1, 1, 170.6282685] 0.5813729999999864
[0.0, 1.0, 1.0, 1, 1.0, 1.0, 1.0, 0.0, 0.0, 0.0, 0.0, 1.0, 171.5690527] 0.988586741116226
[0, 1, 1, 1, 1, 1.0, 1.0, 0.0, 0, 0, 0, 1, 171.5690527] 0.988586741116226
[0.0, 1.0, 1, 1.0, 1, 1.0, 1.0, 0.0, 0.0, 0.0, 1.0, 0.0, 171.6423678] 1.0
[0.0, 1.0, 0.0, 1.0, 1.0, 1.0, 1.0, 1.0, 1.0, 0.0, 0.0, 0, 170.6651847] 0.6130154571428503
[0, 1, 1.0, 1.0, 1.0, 1.0, 1.0, 0, 0.0, 0, 1.0, 0, 171.6423678] 1.0
