[0.0, 1.0, 0.0, 1.0, 1.0, 1.0, 1.0, 1.0, 1.0, 0.0, 0.0, 0.0, 170.6651847] 0.6130154571428503
[0.0, 1, 1.0, 1.0, 1.0, 1.0, 1.0, 0.0, 0.0, 0.0, 1.0, 0.0, 171.6423678] 1.0
[0.0, 1.0, 1.0, 1.0, 1.0, 1.0, 1, 0.0, 0, 0.0, 1.0, 0.0, 171.6423678] 1.0
[0.0, 1.0, 1.0, 1.0, 1.0, 1.0, 1.0, 0, 0.0, 0.0, 1, 0.0, 171.6423678] 1.0
[1.0, 1, 0.0, 1.0, 1.0, 1.0, 1.0, 0.0, 0.0, 1, 1, 0, 170.7705431] 0.7033226571428519
[0.0, 1.0, 0, 1.0, 1.0, 1.0, 1.0, 0, 1.0, 1, 1.0, 0.0, 170.3049545] 0.3042467142857115
[1.0, 1.0, 0.0, 0.0, 1.0, 1.0, 0.0, 0.0, 1.0, 0.0, 0.0, 0.0, 61.84531498] 0
[0, 1.0, 1, 1.0, 1.0, 1.0, 1.0, 0.0, 0, 0.0, 0.0, 1.0, 171.5690527] 0.988586741116226
[0, 1.0, 1, 1, 1.0, 1.0, 1.0, 0, 0, 0, 0.0, 1, 171.5690527] 0.988586741116226
[0.0, 1.0, 1.0, 1.0, 1.0, 1.0, 1.0, 0, 0.0, 0.0, 1.0, 0.0, 171.6423678] 1.0
[0.0, 1.0, 0.0, 1, 1.0, 1, 1, 0, 1.0, 1, 0, 1.0, 171.1972303] 0.9307036405000383
[0.0, 1.0, 0.0, 0.0, 1.0, 1.0, 1.0, 0.0, 0.0, 1.0, 0.0, 1.0, 67.1270535] 0
[1, 1, 0.0, 1.0, 1.0, 1.0, 1, 0, 0, 1.0, 1.0, 0.0, 170.7705431] 0.7033226571428519
[0.0, 0.0, 0.0, 0.0, 0.0, 0.0, 1.0, 0.0, 1.0, 0.0, 0.0, 0.0, 1.265194654] 0
[0.0, 1.0, 1.0, 1, 1, 1.0, 1.0, 1.0, 1.0, 1, 1.0, 0.0, 170.2764871] 0.26726041558825475
[0.0, 1.0, 0.0, 1.0, 1.0, 1.0, 1.0, 0.0, 1.0, 1.0, 1.0, 0.0, 170.3049545] 0
[1.0, 1, 0.0, 1.0, 1.0, 1.0, 1.0, 0.0, 0.0, 1, 1.0, 0.0, 170.7705431] 0.7033226571428519
[0.0, 1.0, 1.0, 1.0, 1.0, 1.0, 1.0, 1.0, 1.0, 0.0, 1, 1, 170.6282685] 0.5813729999999864
[1.0, 1.0, 0.0, 0.0, 0.0, 1.0, 1.0, 1.0, 0.0, 1.0, 1.0, 1.0, 51.9691875] 0
[0.0, 0.0, 1.0, 0.0, 1.0, 1.0, 0.0, 0.0, 1.0, 0.0, 1.0, 0.0, 29.73400426] 0
[0.0, 1.0, 0, 1.0, 1.0, 1.0, 1.0, 1.0, 0.0, 0, 1.0, 0.0, 170.735281] 0.6730979999999847
[0.0, 1.0, 0.0, 1.0, 1, 1, 1, 1.0, 1, 0.0, 0.0, 0, 170.6651847] 0.6130154571428503
[1.0, 1.0, 0.0, 1, 1.0, 1, 1, 0.0, 0.0, 1.0, 1, 0, 170.7705431] 0.7033226571428519
[0, 1.0, 0.0, 1, 1.0, 1.0, 1.0, 1.0, 0.0, 0.0, 1, 0.0, 170.735281] 0.6730979999999847
[0.0, 1.0, 1.0, 1.0, 1, 1.0, 1, 1.0, 1.0, 0.0, 1.0, 1, 170.6282685] 0.5813729999999864
[1.0, 1.0, 0.0, 1.0, 1.0, 1.0, 1.0, 0.0, 0.0, 1.0, 1.0, 0.0, 170.7705431] 0.7033226571428519
[0.0, 1.0, 1.0, 1.0, 1.0, 1.0, 1.0, 0.0, 0, 0.0, 1.0, 0.0, 171.6423678] 1.0
[0.0, 1.0, 1, 1.0, 1.0, 1.0, 1, 0, 0.0, 0.0, 0.0, 1.0, 171.5690527] 0.988586741116226
[0.0, 1.0, 1.0, 1.0, 0.0, 0.0, 0.0, 1.0, 1.0, 1.0, 0.0, 1.0, 55.8840847] 0
[0.0, 1, 1.0, 1.0, 1.0, 1, 1.0, 0.0, 0.0, 0.0, 1, 0, 171.6423678] 1.0
