[0.0, 1.0, 0.0, 1.0, 1.0, 1, 1, 1.0, 0.0, 1.0, 1.0, 0.0, 170.5539949] 0.9939233002290581
[0.0, 1.0, 0.0, 1.0, 1, 1.0, 1.0, 1.0, 0.0, 0, 1.0, 0.0, 170.735281] 0.9949354728055205
[0.0, 1.0, 1.0, 1.0, 1.0, 1.0, 1.0, 1, 1.0, 0.0, 0, 1, 170.5469792] 0.9938841295527366
[1.0, 1.0, 0.0, 1.0, 1.0, 1.0, 1.0, 0.0, 0.0, 1.0, 0.0, 1.0, 170.3418882] 0.9927390473546018
[0.0, 1.0, 1.0, 1.0, 1.0, 1.0, 1, 0.0, 0.0, 1, 0.0, 1.0, 170.6936717] 0.9947031560841294
[1.0, 1.0, 0, 1.0, 1.0, 1.0, 1.0, 1.0, 0.0, 1.0, 0.0, 0.0, 170.4227512] 0.993190528803265
[0.0, 1.0, 1, 1.0, 1.0, 1.0, 1.0, 0.0, 0, 0.0, 0.0, 1.0, 171.5690527] 0.9995906606537368
[0.0, 1.0, 1, 1, 1.0, 1.0, 1.0, 1.0, 0.0, 1, 0.0, 1.0, 170.3886647] 0.9930002140437352
[0.0, 1.0, 1.0, 1.0, 1.0, 1.0, 1, 0.0, 0, 1.0, 1.0, 0.0, 170.1198454] 0.9914993183684251
[1, 1.0, 0.0, 1.0, 1, 1.0, 1.0, 0.0, 0.0, 1.0, 1.0, 0.0, 170.7705431] 0.9951323512788756
[0, 1.0, 1.0, 1.0, 1.0, 1.0, 1.0, 0.0, 0.0, 0.0, 1.0, 0.0, 171.6423678] 1.0
[0.0, 1.0, 0, 1.0, 1.0, 1.0, 0.0, 0.0, 1, 1.0, 1, 0.0, 125.2093287] 0.740750952120262
[1.0, 1.0, 0.0, 1.0, 1.0, 1.0, 1.0, 0.0, 0, 1.0, 1.0, 0, 170.7705431] 0.9951323512788756
[0.0, 1.0, 1.0, 1.0, 1, 1.0, 1.0, 0.0, 0.0, 0.0, 1.0, 1, 170.6176486] 0.9942786971929201
[0.0, 1.0, 1, 1.0, 1.0, 1.0, 1.0, 0.0, 0.0, 0, 0.0, 1, 171.5690527] 0.9995906606537368
[0, 1.0, 0.0, 1.0, 1.0, 1.0, 1.0, 0.0, 1.0, 1.0, 0.0, 1.0, 171.1972303] 0.9975146689665945
[0, 1.0, 1.0, 1.0, 1.0, 1, 1, 1.0, 1.0, 0.0, 0.0, 1.0, 170.5469792] 0.9938841295527366
[1.0, 1.0, 0.0, 1.0, 1.0, 1, 0.0, 1.0, 1.0, 0.0, 0, 0.0, 124.3490975] 0.7359480332530272
[0.0, 1.0, 0.0, 1.0, 1.0, 1.0, 1.0, 0.0, 0.0, 0.0, 0.0, 1.0, 171.4235804] 0.9987784468508312
[1, 1.0, 1, 1.0, 1.0, 1.0, 1, 0.0, 0.0, 0, 0.0, 0.0, 169.5646741] 0.9883996368975398
[0.0, 1, 1.0, 1.0, 1.0, 1.0, 1.0, 0.0, 0.0, 0.0, 0, 1.0, 171.5690527] 0.9995906606537368
[0, 1.0, 1.0, 1.0, 1.0, 1.0, 1.0, 0.0, 0.0, 0.0, 0, 1, 171.5690527] 0.9995906606537368
[0.0, 1, 0.0, 1.0, 1.0, 1, 1, 1.0, 1, 0, 0.0, 0.0, 170.6651847] 0.9945441049479105
[1, 1, 0.0, 1.0, 1.0, 1.0, 1.0, 0.0, 0.0, 1.0, 1.0, 0.0, 170.7705431] 0.9951323512788756
[0.0, 1.0, 1, 1, 1.0, 1.0, 1.0, 1.0, 1.0, 1.0, 0.0, 1.0, 170.2653241] 0.9923115679043762
[0.0, 1.0, 0, 1.0, 1, 1.0, 1.0, 0.0, 1.0, 1, 0.0, 1.0, 171.1972303] 0.9975146689665945
[1.0, 1.0, 1.0, 1.0, 1.0, 1.0, 1.0, 1.0, 0.0, 0.0, 1.0, 0.0, 169.9594309] 0.9906036779538155
[0, 1, 1.0, 1.0, 1.0, 1, 1.0, 1.0, 1.0, 0.0, 0.0, 1.0, 170.5469792] 0.9938841295527366
[0.0, 1.0, 0.0, 1.0, 1.0, 1.0, 1.0, 0.0, 0, 1.0, 1.0, 0.0, 170.5559134] 0.9939340117678245
[0.0, 1.0, 1.0, 1.0, 1.0, 1.0, 1.0, 0.0, 0, 0.0, 1.0, 0.0, 171.6423678] 1.0
