[ 1.  0.  0.  0.  0.  1.  4.  0.  2. 10. 10. 20.] [0.356035]
[  1.   0.   1.   0.   0.   1.   2.   0.   1.  64.  10. 128.] [0.]
[ 1.  1.  0.  0.  0.  0.  1.  0.  1. 20. 64. 10.] [0.]
[ 1.  0.  1.  1.  1.  0.  2.  0.  1. 16. 64.  0.] [0.]
[ 1.  0.  0.  0.  0.  0.  1.  0.  4.  8. 10. 16.] [0.13352113]
[0.81487868 0.92056008 0.1674082  0.1444432  0.09776777 0.08281475
 2.44894624 0.01655573 3.39675926 5.96627029 6.47988953 2.34392281] [0.3461625]
[ 1.  0.  1.  1.  1.  0.  1.  0.  4.  8. 64.  8.] [0.]
[9.81715312e-01 8.14002663e-01 8.17112859e-01 8.67990727e-01
 9.14547114e-01 2.26644040e-02 4.66108495e-01 3.01718570e-02
 2.43702833e+00 8.42048743e+00 1.27965777e+01 4.29908887e+01] [0.01526761]
[ 1.  1.  1.  1.  1.  0.  2.  0.  2.  8.  8. 10.] [0.19185915]
[  1.   1.   1.   0.   0.   0.   3.   0.   3.   8. 128.  64.] [0.]
[  1.   1.   0.   0.   0.   1.   3.   0.   1.  10.  32. 128.] [0.]
[ 1.  0.  0.  0.  0.  1.  3.  0.  1. 10.  8.  8.] [0.35037]
[8.99634002e-01 1.58848442e-02 8.18980845e-01 6.13759109e-03
 1.15171510e-01 4.69099154e-04 2.74911593e+00 1.60983681e-01
 2.48233594e+00 5.27425457e+00 8.45253492e+00 1.76878055e+01] [0.38898]
[ 1.  0.  0.  0.  0.  0.  4.  0.  2. 10. 20.  8.] [0.02811268]
[ 1.  0.  1.  1.  1.  0.  2.  0.  1. 64.  0. 64.] [0.]
[  1.   1.   0.   0.   0.   0.   2.   0.   1.  10. 128. 128.] [0.]
[ 0.97658849  0.04384497  0.97701009  0.02199419  0.05064465  0.97960723
  2.97391877  0.0452302   2.75589913  4.83885966 11.77139933  2.98655468] [0.21452]
[ 1.  0.  0.  0.  0.  0.  3.  0.  4. 32.  0.  0.] [0.]
[  1.   0.   1.   0.   0.   0.   2.   0.   3.  64. 128.  16.] [0.]
[ 1.  0.  1.  1.  1.  0.  2.  0.  2. 64. 64. 64.] [0.]
[ 1.  0.  1.  0.  0.  1.  4.  0.  1.  8. 10. 20.] [0.2560175]
[ 1.  1.  1.  1.  1.  0.  2.  0.  4.  0. 32. 64.] [0.]
[1. 0. 1. 0. 0. 0. 3. 0. 3. 8. 8. 8.] [0.2608575]
[0.87175621 0.33319055 0.80883201 0.81814483 0.95248995 0.05666261
 2.96963004 0.06794318 3.51708287 4.02277046 9.74884826 4.34539043] [0.08022535]
[  1.   1.   1.   1.   1.   0.   3.   0.   3. 128.  32.   0.] [0.]
[ 1.  0.  1.  0.  0.  1.  4.  0.  4.  8. 10. 64.] [0.09095775]
[  1.   1.   1.   0.   0.   0.   1.   0.   1. 128. 128.  10.] [0.]
[ 1.  0.  0.  0.  0.  0.  4.  0.  3.  8. 10. 32.] [0.29482]
[  1.   1.   0.   0.   0.   0.   1.   0.   4.  10.   8. 128.] [0.0363662]
[9.92472077e-01 9.34471701e-01 9.52290215e-01 1.31365621e-02
 7.98269619e-03 9.99002041e-01 3.87670458e+00 3.02492322e-02
 3.96552655e+00 6.44283805e+00 5.01146660e+00 1.59039398e+01] [0.19033803]
