[1.0, 0.0, 1.0, 1.0, 1.0, 0.0, 2.0, 0.0, 1.0, 10.0, 8.0, 64.0] 0.30540750000000005
[1.0, 1.0, 1.0, 0.0, 0.0, 1.0, 3.0, 0.0, 3.0, 8.0, 8.0, 64.0] 0.2714724999999999
[1.0, 1.0, 1.0, 1.0, 1.0, 0.0, 4.0, 0.0, 3.0, 8.0, 10.0, 0.0] 0.19126760563380282
[] 0
[1.0, 0.0, 0.0, 0.0, 0.0, 0.0, 4.0, 0.0, 2.0, 10.0, 10.0, 64.0] 0.6564449999999998
[1.0, 1.0, 1.0, 0.0, 0.0, 0.0, 4.0, 0.0, 1.0, 10.0, 8.0, 128.0] 0.05166197183098581
[1.0, 0.0, 1.0, 1.0, 1.0, 1.0, 2.0, 0.0, 3.0, 8.0, 8.0, 0.0] 0.3283425
[1.0, 1.0, 0.0, 0.0, 0.0, 0.0, 2.0, 0.0, 4.0, 8.0, 10.0, 10.0] 0.06042253521126761
[] 0
[1.0, 0.0, 0.0, 0.0, 0.0, 0.0, 3.0, 0.0, 4.0, 8.0, 8.0, 8.0] 0.4126025000000001
[1.0, 0.0, 0.0, 0.0, 0.0, 1.0, 4.0, 0.0, 1.0, 8.0, 8.0, 32.0] 0.6766574999999998
[1.0, 0.0, 1.0, 1.0, 1.0, 1.0, 2.0, 0.0, 3.0, 8.0, 8.0, 0.0] 0.3283425
[] 0
[1.0, 0.0, 1.0, 1.0, 1.0, 0.0, 2.0, 0.0, 4.0, 8.0, 8.0, 32.0] 0.27224249999999994
[] 0
[] 0
[1.0, 1.0, 1.0, 1.0, 1.0, 1.0, 3.0, 0.0, 3.0, 8.0, 8.0, 128.0] 0.28214249999999996
[1.0, 1.0, 1.0, 0.0, 0.0, 1.0, 3.0, 0.0, 3.0, 8.0, 8.0, 64.0] 0.2714724999999999
[1.0, 0.0, 1.0, 1.0, 1.0, 1.0, 2.0, 0.0, 2.0, 10.0, 10.0, 16.0] 0.010366197183098643
[1.0, 0.0, 0.0, 0.0, 0.0, 1.0, 2.0, 0.0, 1.0, 10.0, 8.0, 20.0] 0.2267849999999999
[1.0, 1.0, 0.0, 0.0, 0.0, 0.0, 2.0, 0.0, 2.0, 8.0, 10.0, 0.0] 0.13329577464788728
[1.0, 0.0, 0.0, 0.0, 0.0, 1.0, 4.0, 0.0, 1.0, 8.0, 10.0, 64.0] 0.65045
[1.0, 0.0, 1.0, 1.0, 1.0, 0.0, 3.0, 0.0, 1.0, 8.0, 10.0, 0.0] 0.41625999999999996
[] 0
[1.0, 1.0, 0.0, 0.0, 0.0, 1.0, 3.0, 0.0, 2.0, 8.0, 10.0, 128.0] 0.22851749999999996
[1.0, 1.0, 1.0, 0.0, 0.0, 1.0, 3.0, 0.0, 2.0, 8.0, 10.0, 128.0] 0.08264788732394357
[] 0
[1.0, 1.0, 0.0, 0.0, 0.0, 1.0, 3.0, 0.0, 2.0, 8.0, 10.0, 128.0] 0.22851749999999996
[1.0, 1.0, 0.0, 0.0, 0.0, 1.0, 3.0, 0.0, 2.0, 8.0, 10.0, 128.0] 0.22851749999999996
[1.0, 0.0, 0.0, 0.0, 0.0, 0.0, 1.0, 0.0, 2.0, 10.0, 8.0, 64.0] 0.2238150000000001
