[ 1.  1.  0.  1.  1.  1.  0.  0.  0.  0.  0. 80. 64.  6.] [0.62496]
[ 1.  0.  1.  0.  1.  1.  0.  0.  0.  0.  0. 90.  4. 10.] [0.49707]
[  1.   1.   0.   0.   1.   0.   0.   0.   1.   0.   1.   0. 128.  10.] [1.]
[ 1.  0.  1.  1.  1.  0.  0.  0.  1.  0.  0. 40.  8. 10.] [1.]
[8.90515229e-01 4.10341117e-01 6.20128239e-02 3.24736121e-02
 3.32594478e-01 1.14788723e-02 4.17833273e-01 9.62127947e-03
 1.00590617e-03 9.41651084e-01 5.69582912e-01 4.64792132e+01
 2.83978242e+03 8.70513024e+00] [0.9344896]
[1.000e+00 0.000e+00 0.000e+00 1.000e+00 1.000e+00 0.000e+00 0.000e+00
 0.000e+00 1.000e+00 0.000e+00 0.000e+00 6.000e+01 1.024e+03 1.000e+01] [1.]
[ 1.  0.  0.  1.  1.  0.  0.  0.  1.  0.  1.  0.  2. 10.] [1.]
[  1.   1.   0.   0.   1.   0.   0.   0.   0.   1.   0. 100.  16.  10.] [1.]
[  1.   0.   1.   1.   1.   0.   1.   0.   0.   0.   1.  20. 512.   8.] [0.7867975]
[  1.   0.   1.   0.   1.   0.   0.   0.   0.   1.   1. 100.  16.   8.] [0.9332832]
[1.000e+00 0.000e+00 1.000e+00 1.000e+00 1.000e+00 0.000e+00 0.000e+00
 1.000e+00 0.000e+00 0.000e+00 0.000e+00 9.000e+01 1.024e+03 1.000e+01] [0.15669429]
[8.58426513e-01 1.26054928e-01 3.63219534e-04 4.76692928e-01
 7.07867302e-01 4.55856353e-01 2.71890640e-01 7.90597085e-02
 4.79199320e-02 6.37803018e-01 2.56765246e-01 9.85092342e+01
 2.33692728e+02 9.50180948e+00] [1.]
[ 1.  0.  1.  1.  1.  0.  1.  0.  0.  0.  0. 40.  2.  8.] [0.899528]
[ 1.  0.  1.  0.  1.  0.  0.  0.  0.  1.  1. 10. 16. 10.] [1.]
[  1.   0.   1.   1.   1.   0.   0.   0.   1.   0.   1. 100.  64.   8.] [0.9621264]
[ 1.  1.  0.  1.  1.  0.  0.  0.  1.  0.  0. 20. 64.  8.] [0.9531456]
[ 1.  1.  1.  1.  1.  1.  0.  0.  0.  0.  1. 80. 16.  8.] [0.8055504]
[1.000e+00 1.000e+00 0.000e+00 0.000e+00 1.000e+00 0.000e+00 0.000e+00
 0.000e+00 0.000e+00 1.000e+00 0.000e+00 3.000e+01 1.024e+03 1.000e+01] [1.]
[  1.   1.   0.   1.   1.   0.   0.   0.   1.   0.   1. 100.  64.   6.] [0.16802057]
[  1.   0.   1.   0.   1.   0.   0.   0.   1.   0.   0.  20. 128.  10.] [0.9504048]
[1.000e+00 0.000e+00 1.000e+00 0.000e+00 1.000e+00 0.000e+00 1.000e+00
 0.000e+00 0.000e+00 0.000e+00 0.000e+00 1.000e+01 4.096e+03 8.000e+00] [0.736035]
[ 1.  1.  0.  1.  1.  1.  0.  0.  0.  0.  0. 80. 32. 10.] [0.7828025]
[1.000e+00 1.000e+00 0.000e+00 0.000e+00 1.000e+00 0.000e+00 0.000e+00
 0.000e+00 1.000e+00 0.000e+00 0.000e+00 2.000e+01 2.048e+03 1.000e+01] [0.9527712]
[ 1.  0.  1.  0.  1.  0.  1.  0.  0.  0.  1. 10. 64.  8.] [0.7301225]
[  1.   1.   0.   0.   1.   0.   1.   0.   0.   0.   1.  70. 512.  10.] [0.7457675]
[1.000e+00 0.000e+00 0.000e+00 1.000e+00 1.000e+00 0.000e+00 0.000e+00
 0.000e+00 1.000e+00 0.000e+00 0.000e+00 9.000e+01 4.096e+03 1.000e+01] [1.]
[1.000e+00 1.000e+00 0.000e+00 1.000e+00 1.000e+00 0.000e+00 0.000e+00
 0.000e+00 1.000e+00 0.000e+00 0.000e+00 2.000e+01 2.048e+03 1.000e+01] [1.]
[1.000e+00 0.000e+00 0.000e+00 1.000e+00 1.000e+00 0.000e+00 1.000e+00
 0.000e+00 0.000e+00 0.000e+00 1.000e+00 7.000e+01 4.096e+03 1.000e+01] [0.7742]
[1.000e+00 0.000e+00 0.000e+00 0.000e+00 1.000e+00 0.000e+00 0.000e+00
 0.000e+00 0.000e+00 1.000e+00 0.000e+00 5.000e+01 1.024e+03 1.000e+01] [1.]
[  1.   0.   1.   0.   1.   0.   0.   0.   1.   0.   0.   0. 512.  10.] [1.]
