[1, 0, 1, 1, 1, 0.0, 0, 0.0, 1, 0.0, 1.0, 0, 1, 10, 424574.6] 0.9228729999999998
[1, 1, 0.0, 0, 1, 0.0, 0, 0.0, 0.0, 1, 0, 40.0, 512.0, 10.0, 305319.4] 0.14468228571428585
[1, 1, 0.0, 1, 1, 0.0, 0, 0.0, 1, 0.0, 1, 40, 1, 10.0, 421557.6] 0.9077879999999999
[1, 1, 1, 1, 1, 0, 0, 0, 1.0, 0, 0, 0, 128, 10.0, 422401.4] 0.9120070000000001
[1, 1.0, 0, 1, 1, 0, 0, 0, 1.0, 0, 1.0, 90, 2, 10, 421820.2] 0.909101
[1.0, 0, 1.0, 1.0, 1.0, 0.0, 0.0, 0.0, 1.0, 0.0, 0, 0.0, 2048.0, 10.0, 422252.6] 0.9112629999999999
[1.0, 1.0, 0, 1, 1.0, 0, 0.0, 0, 1, 0.0, 1.0, 0.0, 256, 10, 422061.4] 0.9103070000000001
[1.0, 1, 0.0, 1, 1.0, 0.0, 0.0, 0.0, 1, 0, 1.0, 90, 128, 10.0, 417769.2] 0.888846
[1, 0, 1, 1, 1, 0.0, 0, 0.0, 1, 0, 1.0, 0, 1, 10.0, 424574.6] 0.9228729999999998
[1.0, 0.0, 1.0, 0.0, 1.0, 0.0, 0.0, 0.0, 0.0, 1.0, 0.0, 80.0, 16.0, 6.0, 47394.2] 0
[1, 0.0, 1.0, 1.0, 1.0, 0.0, 0, 0.0, 1.0, 0.0, 1, 0.0, 1, 10, 424574.6] 0.9228729999999998
[1, 0, 0, 1, 1, 0, 0, 0.0, 1, 0, 0, 0, 8, 10.0, 422061.6] 0.9103079999999999
[1, 1, 1, 1, 1, 0, 0, 0, 1, 0, 0, 0, 128, 10.0, 422401.4] 0.9120070000000001
[1, 1.0, 1.0, 1, 1, 0, 0.0, 0.0, 1.0, 0, 0.0, 0, 128, 10.0, 422401.4] 0.9120070000000001
[1.0, 1, 1.0, 1.0, 1, 0.0, 0.0, 0, 0.0, 1.0, 1, 50.0, 64, 10, 303666.6] 0.13523771428571416
[1, 0, 1, 1, 1, 0.0, 0, 0, 1, 0, 1.0, 0, 1, 10.0, 424574.6] 0.9228729999999998
[1.0, 1.0, 0, 0, 1.0, 0.0, 0.0, 0, 0, 1.0, 0.0, 40, 512.0, 10, 305319.4] 0.14468228571428585
[1.0, 0, 1, 1, 1, 0, 0, 0.0, 1, 0, 1, 0, 1, 10.0, 424574.6] 0.9228729999999998
[1, 0, 1, 1.0, 1, 0, 0, 0.0, 1, 0, 1, 0, 1, 10, 424574.6] 0.9228729999999998
[1.0, 1.0, 0.0, 0.0, 1.0, 1.0, 0.0, 0.0, 0.0, 0.0, 0.0, 60.0, 16.0, 0.0, 17762.4] 0
[1.0, 0, 1, 1.0, 1, 0, 0, 0, 1.0, 0, 1, 0, 1, 10, 424574.6] 0.9228729999999998
[1.0, 1.0, 1, 1.0, 1.0, 0.0, 0.0, 0.0, 1, 0, 0, 0, 128.0, 10.0, 422401.4] 0.9120070000000001
[1.0, 1.0, 0, 1, 1.0, 0, 0.0, 0.0, 1, 0, 1, 40, 1, 10.0, 421557.6] 0.9077879999999999
[1, 0, 1, 1, 1, 0.0, 0.0, 0, 1.0, 0, 1, 0, 1, 10.0, 424574.6] 0.9228729999999998
[1, 1.0, 0.0, 1.0, 1, 0.0, 0, 0, 1.0, 0.0, 1, 0.0, 256.0, 10, 422061.4] 0.9103070000000001
[1, 0, 0, 1, 1, 0, 0, 0, 1, 0, 0, 40, 1, 10, 420683.6] 0.9034179999999999
[1, 1, 1, 1, 1, 0, 0, 0.0, 0.0, 1, 0, 100.0, 512.0, 10, 303810.0] 0.13605714285714285
[1.0, 0.0, 0.0, 0.0, 1.0, 0.0, 0.0, 1.0, 0.0, 0.0, 1.0, 60.0, 128.0, 0.0, 12092.2] 0
[1.0, 1.0, 1.0, 1.0, 1.0, 0.0, 0.0, 0.0, 0.0, 1.0, 0.0, 100.0, 32.0, 4.0, 9190.4] 0
[1, 0.0, 0, 1, 1, 0, 0, 0.0, 1, 0, 1, 0, 16, 10.0, 421936.6] 0.9096829999999999
