[1. 1. 0. 1. 1. 1. 1. 0. 0. 1. 1. 1.] 0
[1. 1. 1. 1. 1. 1. 0. 1. 0. 0. 1. 0.] 0
[0. 1. 0. 1. 1. 1. 1. 1. 0. 0. 1. 1.] 0
[1. 0. 0. 1. 1. 1. 1. 0. 0. 1. 0. 0.] 0
[0. 0. 0. 1. 1. 1. 1. 1. 1. 1. 0. 0.] 0
[1. 0. 1. 1. 1. 1. 1. 0. 0. 1. 1. 1.] 0
[0. 1. 1. 1. 1. 0. 1. 0. 0. 1. 0. 1.] 0
[1. 1. 0. 1. 1. 0. 0. 0. 1. 0. 0. 1.] 0
[0. 1. 0. 1. 0. 1. 0. 1. 0. 0. 0. 0.] 0
[1. 1. 0. 1. 0. 1. 1. 1. 1. 0. 1. 0.] 0
[0.09311491 0.65165675 0.94254243 0.78914618 0.91619107 0.99282557
 0.78437161 0.78872973 0.48313621 0.03367253 0.75653464 0.07351088] 0
[0. 1. 0. 1. 1. 1. 1. 0. 1. 0. 1. 1.] 0
[1. 1. 0. 1. 0. 1. 1. 0. 0. 0. 0. 1.] 0
[0. 1. 1. 1. 1. 0. 1. 1. 0. 1. 0. 1.] 0
[0. 1. 1. 1. 1. 0. 1. 0. 0. 1. 0. 1.] 0
[0. 1. 0. 1. 0. 1. 1. 1. 1. 1. 0. 0.] 0
[0. 1. 0. 1. 1. 1. 0. 0. 0. 1. 0. 1.] 0
[1. 1. 1. 1. 0. 1. 1. 0. 0. 0. 0. 0.] 0
[1. 1. 1. 1. 1. 1. 1. 1. 0. 0. 1. 1.] 0
[0. 1. 0. 1. 0. 1. 1. 1. 1. 0. 1. 0.] 0
[1. 1. 1. 1. 0. 1. 1. 0. 0. 1. 1. 1.] 0
[1. 0. 0. 1. 1. 1. 1. 1. 0. 0. 1. 0.] 0
[1. 1. 1. 1. 0. 1. 1. 1. 1. 1. 0. 1.] 0
[1. 1. 1. 1. 1. 1. 0. 1. 0. 0. 1. 1.] 0
[1. 1. 0. 1. 0. 1. 0. 1. 0. 1. 0. 0.] 0
[0. 1. 1. 1. 1. 1. 0. 0. 0. 0. 1. 0.] 0
[0. 0. 0. 1. 1. 1. 1. 1. 1. 0. 0. 1.] 0
[0. 1. 0. 1. 1. 1. 0. 0. 0. 0. 1. 1.] 0
[0. 1. 1. 1. 1. 1. 1. 0. 1. 0. 1. 1.] 0
[1. 1. 1. 1. 1. 1. 0. 0. 1. 0. 0. 1.] 0

