[1.0, 0.0, 0.0, 1.0, 1.0, 0.0, 0.0, 0.0, 1.0, 0.0, 0.0, 20.0, 2048.0, 10.0, 417040.6] 0.7408119999999996
[1.0, 1.0, 1.0, 1.0, 1.0, 1.0, 0.0, 0.0, 0.0, 0.0, 0.0, 70.0, 8.0, 8.0, 108946.6] 0.14353927272727274
[1.0, 0.0, 0.0, 1.0, 1.0, 0.0, 0.0, 0.0, 0.0, 1.0, 1.0, 30.0, 2048.0, 8.0, 121339.4] 0.16607163636363637
[1.0, 1.0, 0.0, 1.0, 1.0, 1.0, 0.0, 0.0, 0.0, 0, 1.0, 10, 64.0, 6.0, 93990.2] 0.11634581818181818
[1.0, 1.0, 0.0, 0.0, 1.0, 0.0, 0.0, 0.0, 1.0, 0.0, 1.0, 20.0, 64.0, 10.0, 123961.0] 0.17083818181818183
[1.0, 0.0, 0.0, 1.0, 1.0, 0.0, 0.0, 0.0, 1.0, 0.0, 1, 0.0, 4.0, 10.0, 421055.8] 0.8211159999999997
[1, 0.0, 1.0, 1, 1.0, 1.0, 0.0, 0.0, 0.0, 0.0, 0, 0.0, 128.0, 8.0, 131688.8] 0.18488872727272726
[1.0, 0.0, 0.0, 0.0, 1.0, 0.0, 0.0, 0.0, 0.0, 1.0, 0.0, 40.0, 4.0, 10.0, 298448.8] 0.3218836923076923
[1.0, 0.0, 1.0, 1.0, 1.0, 0.0, 0.0, 0.0, 0.0, 1.0, 1.0, 100.0, 256.0, 8.0, 122183.8] 0.1676069090909091
[1.0, 1.0, 0.0, 1.0, 1.0, 0.0, 1.0, 0.0, 0.0, 0.0, 1.0, 50.0, 128.0, 10.0, 102888.2] 0.132524
[1.0, 0.0, 1.0, 1.0, 1.0, 0.0, 0.0, 0.0, 1.0, 0.0, 0.0, 50.0, 512.0, 8.0, 124934.2] 0.17260763636363638
[1.0, 0.0, 0, 1.0, 1, 1.0, 0, 0.0, 0.0, 0.0, 0.0, 20.0, 1.0, 10.0, 125205.8] 0.17310145454545456
[1.0, 0.0, 0.0, 1.0, 1.0, 1.0, 0.0, 0.0, 0.0, 0.0, 1.0, 10.0, 1024.0, 10.0, 105494.2] 0.1372621818181818
[1.0, 1.0, 1, 1.0, 1.0, 0.0, 0.0, 0.0, 1.0, 0.0, 1.0, 70.0, 64.0, 10.0, 415769.4] 0.7153880000000006
[1.0, 0.0, 0.0, 1.0, 1.0, 1.0, 0.0, 0.0, 0.0, 0.0, 0.0, 90.0, 2.0, 10, 117702.2] 0.15945854545454546
[1.0, 0.0, 1.0, 1.0, 1.0, 0.0, 0.0, 0.0, 1.0, 0.0, 1.0, 70.0, 512.0, 8.0, 125090.6] 0.17289200000000002
[1.0, 1.0, 0.0, 1.0, 1.0, 1.0, 0.0, 0.0, 0.0, 0.0, 0.0, 100, 32.0, 6.0, 91812.6] 0.11238654545454548
[1.0, 0.0, 1.0, 0.0, 1.0, 0.0, 0.0, 0.0, 0.0, 1.0, 1.0, 30.0, 256.0, 8.0, 121514.6] 0.16639018181818185
[1.0, 1.0, 0.0, 1.0, 1.0, 1.0, 0.0, 0.0, 0.0, 0.0, 1.0, 40.0, 512.0, 10.0, 102876.0] 0.1325018181818182
[1.0, 0.0, 1.0, 1.0, 1.0, 0.0, 1.0, 0.0, 0.0, 0.0, 0.0, 0.0, 64.0, 8.0, 131658.8] 0.1848341818181818
[1.0, 1.0, 0.0, 1.0, 1.0, 1.0, 0.0, 0.0, 0.0, 0.0, 1.0, 0.0, 256.0, 8.0, 131618.4] 0.18476072727272727
[1.0, 1.0, 0.0, 0.0, 1.0, 0.0, 0.0, 0.0, 0.0, 1.0, 0.0, 100.0, 128, 10.0, 302720.0] 0.32516923076923077
[1, 1.0, 0.0, 1.0, 1.0, 0.0, 0.0, 0.0, 1.0, 0.0, 1.0, 60.0, 8.0, 10.0, 416173.8] 0.7234759999999998
[1.0, 0.0, 0.0, 1.0, 1, 0.0, 0.0, 0.0, 1, 0.0, 0.0, 70.0, 32.0, 10, 415135.8] 0.7027159999999997
[1.0, 1.0, 0.0, 0.0, 1.0, 0.0, 1.0, 0.0, 0.0, 0.0, 0.0, 70.0, 1024.0, 10.0, 100502.8] 0.1281869090909091
[1.0, 0.0, 0.0, 0, 1.0, 0.0, 1, 0.0, 0.0, 0.0, 1.0, 20.0, 128.0, 6.0, 89240.2] 0.10770945454545454
[1.0, 0.0, 0.0, 0.0, 1.0, 0.0, 0.0, 0.0, 1.0, 0.0, 0.0, 20.0, 1.0, 10.0, 266143.8] 0.29703369230769233
[1.0, 0.0, 1.0, 1.0, 1, 0.0, 0, 0.0, 0.0, 1.0, 0.0, 0.0, 256.0, 10.0, 298348.2] 0.3218063076923077
[1.0, 1.0, 0.0, 0.0, 1.0, 0.0, 1.0, 0.0, 0.0, 0.0, 1.0, 80.0, 16, 10.0, 95181.6] 0.11851200000000002
[1, 0.0, 1.0, 1.0, 1.0, 0, 1.0, 0.0, 0.0, 0, 1.0, 40.0, 4.0, 6.0, 103361.4] 0.13338436363636363
