[1.0, 1, 0.0, 1, 1, 0, 1.0, 0, 0, 0.0, 0, 10, 2, 10, 118064.4] 0.1601170909090909
[1, 0, 1.0, 1.0, 1, 0.0, 0.0, 0.0, 0, 1.0, 0.0, 60, 256, 10.0, 303513.2] 0.32577938461538464
[1, 1, 1, 1.0, 1.0, 0.0, 0.0, 0.0, 1.0, 0, 0.0, 0.0, 128.0, 10.0, 422401.4] 0.8480280000000004
[1, 0, 0.0, 1.0, 1.0, 0, 0.0, 0.0, 1, 0.0, 0, 0, 8.0, 10.0, 422061.6] 0.8412319999999995
[1, 1, 1, 1, 1.0, 0.0, 0.0, 0, 1.0, 0.0, 0.0, 0, 128, 10.0, 422401.4] 0.8480280000000004
[1, 0, 0.0, 1, 1, 0.0, 0.0, 0.0, 1.0, 0, 0.0, 0.0, 8, 10.0, 422061.6] 0.8412319999999995
[1.0, 0.0, 1, 0, 1.0, 0.0, 0.0, 0.0, 0, 1.0, 0.0, 60, 512, 10.0, 303686.8] 0.3259129230769231
[1, 1.0, 1.0, 0, 1.0, 0.0, 0, 0.0, 0.0, 1.0, 1.0, 20, 4096.0, 10.0, 303343.4] 0.32564876923076924
[1.0, 0, 0.0, 1.0, 1, 0, 0, 0.0, 1, 0.0, 1.0, 0, 16.0, 10, 421936.6] 0.8387319999999996
[1.0, 1, 0.0, 1.0, 1, 0.0, 0.0, 0, 1, 0, 0, 10, 1, 10, 420377.2] 0.8075440000000003
[1.0, 1, 1, 1.0, 1.0, 0.0, 0, 0, 1.0, 0.0, 0.0, 0.0, 128.0, 10, 422401.4] 0.8480280000000004
[1, 1.0, 1, 1, 1, 1, 0.0, 0, 0.0, 0, 1, 0, 8, 8.0, 132275.8] 0.185956
[1, 0.0, 1.0, 1.0, 1.0, 0, 0.0, 0.0, 1.0, 0.0, 1.0, 0, 1.0, 10.0, 424574.6] 0.8914919999999995
[1, 1, 0.0, 1.0, 1.0, 0.0, 0.0, 0.0, 1.0, 0.0, 1, 0, 1, 10, 420997.4] 0.8199480000000006
[1, 1, 0.0, 1.0, 1.0, 1, 0.0, 0.0, 0, 0.0, 1, 0, 64, 8.0, 131931.4] 0.18532981818181818
[1, 0, 0.0, 1.0, 1.0, 0.0, 0.0, 0.0, 1, 0, 1.0, 70, 256, 10.0, 416125.0] 0.7224999999999999
[1.0, 1, 1.0, 1.0, 1, 0.0, 0.0, 0.0, 1.0, 0, 1, 70.0, 1.0, 10, 420009.4] 0.8001880000000006
[1, 0.0, 0.0, 1, 1.0, 0.0, 0.0, 0, 0.0, 1, 1.0, 40.0, 512, 10, 303336.2] 0.3256432307692308
[1, 1.0, 0.0, 1.0, 1, 0.0, 0.0, 0.0, 1, 0.0, 0, 0, 8, 10.0, 421809.2] 0.8361840000000003
[1, 0, 1, 1.0, 1, 0.0, 0.0, 0.0, 1, 0, 0, 0, 128, 10.0, 421752.2] 0.8350440000000002
[1, 0.0, 1, 0, 1, 0.0, 0.0, 0.0, 0.0, 1, 0, 60, 512, 10, 303686.8] 0.3259129230769231
[1.0, 1, 0.0, 1, 1.0, 0.0, 0.0, 0, 0, 1.0, 0, 100.0, 512, 10.0, 303407.4] 0.32569800000000004
[1, 1, 0.0, 1.0, 1, 0, 0.0, 0.0, 1.0, 0.0, 0.0, 0, 1, 10.0, 421349.8] 0.8269959999999998
[1.0, 0.0, 0.0, 0.0, 1, 0.0, 0.0, 0.0, 0, 1.0, 1.0, 60.0, 64, 10.0, 303355.8] 0.3256583076923077
[1.0, 1.0, 1.0, 0.0, 1, 0.0, 0, 0.0, 0.0, 1, 0.0, 40, 512, 10.0, 302923.2] 0.32532553846153844
[1.0, 1, 1, 1.0, 1.0, 0, 0.0, 0.0, 0, 1, 0, 100.0, 512, 10, 303810.0] 0.32600769230769233
[1.0, 1.0, 0.0, 1.0, 1.0, 0.0, 0.0, 0, 1, 0.0, 1.0, 0.0, 256, 10.0, 422061.4] 0.8412280000000005
[1.0, 0.0, 0, 1, 1, 0, 0, 0.0, 1.0, 0.0, 0.0, 0, 8.0, 10.0, 422061.6] 0.8412319999999995
[1.0, 1.0, 0, 1, 1, 0, 0.0, 0, 1, 0.0, 1, 40, 1.0, 10.0, 421557.6] 0.8311519999999996
[1, 1.0, 0.0, 0, 1.0, 0.0, 0, 0.0, 0.0, 1.0, 0.0, 40, 512, 10.0, 305319.4] 0.32716876923076926
