[1. 0. 1. 0. 1. 0. 0. 1. 0. 0. 1. 0. 0. 1. 0. 0. 0. 0. 1. 0. 0. 1. 0. 1.
 1. 1. 0. 1. 1. 0. 0. 1. 1. 0. 1. 1. 0. 0. 0.] 0.7218313845982767
[1. 0. 0. 0. 0. 0. 0. 1. 0. 0. 1. 0. 0. 1. 1. 0. 1. 0. 0. 0. 0. 0. 0. 1.
 1. 0. 1. 1. 0. 0. 1. 1. 1. 0. 1. 1. 0. 0. 0.] 0.3
[1. 1. 1. 0. 0. 0. 1. 1. 0. 0. 1. 0. 0. 1. 0. 0. 0. 1. 0. 0. 0. 0. 0. 1.
 1. 1. 0. 1. 1. 0. 0. 1. 1. 0. 1. 1. 0. 0. 0.] 0.4252992654456667
[1.         0.         0.         0.         0.         0.24494668
 0.04798568 1.         0.06016165 0.0923986  0.96823441 0.95686859
 1.         0.92989393 0.         1.         0.15842936 0.13366394
 0.         0.11447397 0.07693214 0.         0.         0.91405953
 0.81052316 0.         1.         1.         1.         0.43264048
 0.         0.94237217 1.         0.08087087 0.61181699 1.
 0.37922748 0.         0.14409254] 0.7294896077241672
[1. 0. 1. 0. 0. 0. 1. 1. 0. 0. 1. 0. 0. 1. 0. 0. 1. 0. 0. 0. 0. 1. 0. 1.
 1. 1. 0. 1. 1. 0. 0. 1. 1. 0. 1. 1. 0. 0. 0.] 0.6574395874968886
[1. 0. 1. 0. 0. 0. 1. 1. 0. 1. 1. 0. 0. 1. 0. 0. 1. 0. 0. 0. 0. 0. 0. 1.
 1. 1. 0. 1. 1. 0. 0. 1. 1. 0. 1. 1. 0. 0. 0.] 0.3
[1. 0. 1. 0. 0. 1. 0. 1. 0. 1. 1. 0. 0. 1. 0. 0. 0. 0. 0. 0. 0. 0. 1. 1.
 1. 1. 0. 1. 1. 0. 0. 1. 1. 0. 1. 1. 0. 0. 0.] 0.4202260964515003
[1. 1. 0. 0. 0. 0. 0. 1. 0. 0. 1. 1. 0. 1. 0. 0. 0. 0. 0. 0. 1. 0. 0. 1.
 1. 1. 0. 1. 1. 0. 0. 1. 1. 0. 1. 1. 0. 0. 0.] 0.2835811978835
[1. 1. 0. 0. 0. 0. 0. 1. 0. 0. 1. 0. 0. 1. 1. 0. 0. 0. 0. 0. 0. 0. 0. 1.
 1. 0. 1. 1. 1. 0. 0. 1. 1. 0. 1. 0. 0. 1. 0.] 0.4092235675382772
[1. 0. 0. 0. 0. 0. 0. 1. 0. 0. 1. 1. 1. 1. 0. 0. 0. 0. 0. 0. 0. 0. 0. 1.
 1. 0. 1. 1. 0. 0. 1. 1. 1. 0. 1. 1. 0. 0. 0.] 0.41484987100844384
[1. 0. 0. 0. 0. 0. 0. 1. 0. 1. 1. 0. 0. 1. 0. 0. 0. 1. 1. 0. 0. 0. 0. 1.
 1. 0. 1. 1. 1. 0. 0. 1. 1. 0. 1. 1. 0. 0. 0.] 0.7821863500948307
[1. 1. 1. 0. 1. 0. 0. 1. 0. 0. 1. 0. 0. 1. 0. 0. 0. 0. 1. 0. 0. 0. 0. 1.
 1. 1. 0. 1. 1. 0. 0. 1. 1. 0. 1. 1. 0. 0. 0.] 0.626098168662832
[1. 0. 1. 0. 0. 1. 0. 1. 0. 0. 1. 0. 0. 1. 0. 0. 0. 0. 0. 1. 0. 0. 0. 1.
 1. 0. 1. 1. 1. 0. 0. 1. 0. 1. 1. 1. 0. 0. 0.] 0.2932610034619003
[1. 0. 1. 0. 0. 0. 1. 1. 0. 0. 1. 0. 0. 1. 1. 0. 0. 0. 0. 0. 0. 0. 0. 1.
 1. 1. 0. 1. 1. 0. 0. 1. 1. 0. 1. 0. 0. 1. 0.] 0.43804878477444326
[1. 0. 1. 0. 0. 1. 0. 1. 0. 1. 1. 0. 0. 1. 0. 1. 0. 0. 0. 0. 0. 0. 0. 1.
 1. 1. 0. 1. 1. 0. 0. 1. 1. 0. 1. 1. 0. 0. 0.] 0.5830333013367768
[1. 0. 1. 0. 0. 1. 0. 1. 0. 0. 1. 0. 0. 1. 0. 0. 0. 0. 0. 0. 0. 0. 0. 1.
 1. 0. 1. 1. 0. 1. 0. 1. 1. 0. 1. 0. 0. 0. 1.] 0.5484130400327214
[1. 0. 1. 0. 1. 0. 0. 1. 1. 0. 1. 0. 0. 1. 0. 0. 0. 0. 0. 0. 0. 0. 1. 1.
 1. 1. 0. 1. 1. 0. 0. 1. 1. 0. 1. 1. 0. 0. 0.] 0.7234584919867753
[1. 0. 1. 0. 1. 0. 0. 1. 0. 0. 1. 0. 0. 1. 0. 0. 1. 0. 0. 0. 0. 1. 0. 1.
 1. 1. 0. 1. 1. 0. 0. 1. 1. 0. 1. 1. 0. 0. 0.] 0.4431374574217779
[1. 0. 1. 0. 0. 0. 1. 1. 1. 0. 1. 0. 0. 1. 0. 0. 0. 0. 0. 0. 1. 0. 0. 1.
 1. 1. 0. 1. 1. 0. 0. 1. 1. 0. 1. 1. 0. 0. 0.] 0.4788638854431664
[1. 0. 1. 0. 0. 0. 1. 1. 0. 0. 1. 0. 0. 1. 0. 0. 1. 0. 0. 0. 1. 0. 0. 1.
 1. 1. 0. 1. 1. 0. 0. 1. 1. 0. 1. 1. 0. 0. 0.] 0.7430966265710538
[1. 0. 1. 0. 0. 0. 1. 1. 0. 0. 1. 0. 0. 1. 1. 0. 0. 1. 0. 0. 0. 0. 0. 1.
 1. 1. 0. 1. 1. 0. 0. 1. 1. 0. 1. 1. 0. 0. 0.] 0.4824261705464446
[1. 0. 1. 0. 0. 0. 1. 1. 0. 0. 1. 0. 0. 1. 1. 0. 0. 0. 0. 0. 0. 1. 0. 1.
 1. 1. 0. 1. 1. 0. 0. 1. 1. 0. 1. 1. 0. 0. 0.] 0.3548453275037225
[1. 1. 1. 0. 0. 0. 1. 1. 1. 0. 1. 0. 0. 1. 0. 0. 0. 0. 0. 0. 0. 0. 0. 1.
 1. 1. 0. 1. 1. 0. 0. 1. 1. 0. 1. 1. 0. 0. 0.] 0.5365790722838881
[1. 0. 0. 0. 0. 0. 0. 1. 0. 1. 1. 0. 0. 1. 0. 0. 1. 0. 0. 0. 0. 1. 0. 1.
 1. 0. 1. 1. 1. 0. 0. 1. 1. 0. 1. 1. 0. 0. 0.] 0.8498781347906099
[1. 1. 1. 0. 1. 0. 0. 1. 0. 0. 1. 0. 0. 1. 0. 0. 0. 0. 0. 0. 0. 0. 0. 1.
 1. 1. 0. 1. 1. 0. 0. 1. 1. 0. 1. 0. 0. 0. 1.] 0.5505443532821108
[1. 0. 0. 0. 0. 0. 0. 1. 1. 0. 1. 0. 0. 1. 0. 0. 0. 1. 0. 0. 0. 0. 0. 1.
 1. 0. 1. 1. 0. 0. 1. 1. 1. 0. 1. 1. 0. 0. 0.] 0.3
[1. 0. 1. 0. 1. 0. 0. 1. 0. 0. 1. 1. 0. 1. 0. 0. 0. 0. 0. 0. 0. 1. 0. 1.
 1. 1. 0. 1. 1. 0. 0. 1. 1. 0. 1. 1. 0. 0. 0.] 0.35362107374038904
[1. 0. 1. 0. 1. 0. 0. 1. 0. 0. 1. 0. 0. 1. 0. 0. 0. 0. 1. 0. 0. 0. 0. 1.
 1. 1. 0. 1. 1. 0. 0. 1. 1. 0. 1. 0. 0. 1. 0.] 0.6316588899753326
[1. 0. 1. 0. 0. 0. 1. 1. 0. 0. 1. 1. 0. 1. 0. 0. 0. 0. 0. 0. 0. 0. 0. 1.
 1. 1. 0. 1. 1. 0. 0. 1. 1. 0. 1. 0. 0. 0. 1.] 0.8000681626950543
[1. 0. 1. 0. 0. 1. 0. 1. 0. 0. 1. 0. 0. 1. 0. 0. 0. 0. 0. 0. 1. 0. 0. 1.
 1. 1. 0. 1. 0. 0. 1. 1. 1. 0. 1. 1. 0. 0. 0.] 0.3773375838096107
