[1.0, 1.0, 0.0, 1.0, 0.0, 0.0, 1.0, 1.0, 0.0, 0.0, 0.0, 1.0, 0.0, 1.0, 2048.0, 9.0, 168.8358] 0.09290607734806636
[1.0, 1.0, 0.0, 1.0, 0.0, 1.0, 0.0, 1, 0.0, 0.0, 1.0, 1, 0.0, 1.0, 1024.0, 9.0, 168.5104] 0.05695027624309382
[1.0, 1.0, 0.0, 1.0, 1.0, 0.0, 0, 1.0, 0.0, 0.0, 0, 1.0, 0.0, 1.0, 1024.0, 1.0, 168.38] 0.04254143646408734
[1.0, 1.0, 0.0, 1.0, 0.0, 1.0, 0.0, 1.0, 0.0, 0.0, 1.0, 1.0, 0.0, 1.0, 512.0, 5.0, 168.2706] 0.030453038674032804
[1.0, 1.0, 0.0, 1.0, 0.0, 0.0, 1.0, 0.0, 1.0, 0.0, 0.0, 1.0, 0.0, 1.0, 4096.0, 0.0, 168.6812] 0
[1.0, 1.0, 0.0, 1.0, 0, 0.0, 1.0, 0.0, 1.0, 0.0, 0.0, 1.0, 0.0, 1.0, 1024.0, 0.0, 168.6234] 0.06943646408839761
[1.0, 1.0, 0.0, 1, 0.0, 1.0, 0, 1.0, 0.0, 0.0, 0.0, 1.0, 1.0, 0.0, 1024.0, 1.0, 168.0822] 0.009635359116021616
[1.0, 1, 0.0, 1.0, 1.0, 0.0, 1.0, 1.0, 0.0, 0, 1.0, 1.0, 0.0, 1.0, 2048.0, 1.0, 168.5614] 0.06258563535911454
[1.0, 1.0, 0.0, 1.0, 0.0, 1.0, 1.0, 1.0, 0.0, 0.0, 1.0, 1.0, 0.0, 1.0, 1024.0, 5.0, 168.792] 0.088066298342541
[1.0, 1.0, 0.0, 1.0, 0.0, 1.0, 0.0, 0.0, 1.0, 0.0, 0.0, 1.0, 0.0, 1.0, 4096.0, 0.0, 168.2954] 0.033193370165745396
[1.0, 1.0, 0.0, 1, 0.0, 1, 0.0, 1.0, 0.0, 0.0, 1.0, 1.0, 0.0, 1.0, 2048.0, 1.0, 168.6766] 0.07531491712707207
[1.0, 1.0, 0.0, 1.0, 0.0, 0.0, 1.0, 1.0, 0.0, 0.0, 1.0, 1.0, 0.0, 1.0, 2048.0, 5.0, 168.5768] 0.06428729281767805
[1.0, 1.0, 0.0, 1.0, 0.0, 0.0, 0.0, 1.0, 0.0, 0.0, 1.0, 1.0, 0.0, 1.0, 1024.0, 1.0, 168.913] 0.1052000000000021
[1.0, 1.0, 0.0, 1.0, 0.0, 1.0, 1.0, 1.0, 0.0, 0.0, 0.0, 1.0, 0.0, 1.0, 4096.0, 1.0, 168.1478] 0.016883977900550802
[1.0, 1.0, 0.0, 1.0, 0.0, 1.0, 0.0, 0.0, 1.0, 0.0, 1.0, 1.0, 0.0, 1.0, 1024.0, 0.0, 168.1336] 0.015314917127071443
[1.0, 1.0, 0.0, 1.0, 0.0, 1.0, 1.0, 0.0, 1.0, 0.0, 1.0, 1.0, 0.0, 1.0, 512.0, 0.0, 168.3842] 0
[1.0, 1.0, 1.0, 0.0, 0.0, 0.0, 0.0, 1.0, 0.0, 0.0, 0.0, 1.0, 0.0, 1.0, 4096.0, 9.0, 168.3426] 0.03840883977900547
[1.0, 1.0, 0.0, 1.0, 0.0, 0.0, 0.0, 1.0, 0.0, 0.0, 1.0, 1.0, 0.0, 1.0, 512.0, 5.0, 168.3582] 0.04013259668508351
[1.0, 1.0, 0.0, 1.0, 0.0, 0.0, 0.0, 1.0, 0.0, 0.0, 1.0, 1.0, 1.0, 0.0, 1024.0, 1.0, 167.6266] 0
[1.0, 1.0, 0.0, 1.0, 1.0, 0.0, 1.0, 1.0, 0.0, 0.0, 0.0, 1.0, 0.0, 1.0, 4096.0, 5.0, 168.3174] 0.03562430939226378
[1, 1.0, 1.0, 0.0, 0.0, 0.0, 0.0, 1.0, 0.0, 0.0, 0.0, 1.0, 0.0, 1.0, 1024.0, 5.0, 168.6366] 0.07089502762430738
[1.0, 1.0, 0.0, 1.0, 0.0, 0.0, 0.0, 1.0, 0.0, 0.0, 1.0, 1.0, 0.0, 1.0, 4096.0, 9.0, 168.6448] 0.0718011049723755
[1.0, 1.0, 0.0, 1.0, 0.0, 0.0, 1, 0.0, 1.0, 0.0, 0.0, 1.0, 0, 1.0, 4096.0, 0, 168.5556] 0.061944751381214705
[1.0, 1.0, 1.0, 0.0, 0.0, 0.0, 0.0, 1.0, 0.0, 0.0, 1.0, 1.0, 1.0, 0.0, 2048.0, 1.0, 168.0976] 0.011337016574585109
[1.0, 1.0, 0.0, 1.0, 1.0, 0.0, 1.0, 1.0, 0.0, 0.0, 0.0, 1.0, 0.0, 1.0, 2048.0, 5.0, 168.3796] 0.04249723756906139
[1.0, 1.0, 0.0, 1.0, 0.0, 0.0, 1.0, 1.0, 0.0, 0.0, 1.0, 1.0, 1.0, 0, 1024.0, 1.0, 168.3776] 0.042276243093922215
[1.0, 1.0, 0.0, 1.0, 0.0, 0.0, 0.0, 0.0, 1.0, 0.0, 1.0, 1.0, 1.0, 0.0, 4096.0, 0.0, 168.1914] 0.02170165745856161
[1.0, 1.0, 0.0, 1.0, 1.0, 0.0, 0.0, 1.0, 0.0, 0.0, 1.0, 1.0, 0.0, 1.0, 4096.0, 9.0, 168.5492] 0.06123756906077437
[1.0, 1.0, 0.0, 1.0, 0.0, 1.0, 1.0, 0.0, 1.0, 0.0, 1.0, 1.0, 0.0, 1.0, 2048.0, 0.0, 168.5526] 0.061613259668509085
[1.0, 1.0, 0.0, 1.0, 0.0, 0.0, 1.0, 1.0, 0.0, 0.0, 1, 1.0, 0.0, 1.0, 2048.0, 1.0, 168.5848] 0.06517127071823162
