[1.0, 1.0, 0.0, 1.0, 0.0, 1.0, 1.0, 0.0, 0.0, 1.0, 1.0, 1.0, 124.0587096] 0.8671633569319299
[0.0, 1, 0, 1.0, 0, 1, 1.0, 0.0, 0, 1.0, 0.0, 0.0, 124.4973402] 0.8683878574990371
[1.0, 1.0, 1.0, 1.0, 1.0, 1.0, 1.0, 0.0, 1.0, 0.0, 0.0, 0.0, 169.4888957] 0.9939882721184992
[1.0, 1.0, 0.0, 1.0, 0, 1.0, 1.0, 1.0, 0.0, 1.0, 0, 0.0, 123.7164381] 0.8662078566867245
[0.0, 1.0, 0.0, 1.0, 1.0, 1.0, 1.0, 1, 1.0, 0.0, 0.0, 0, 170.6651847] 0.9972720524739552
[1.0, 1.0, 1.0, 1.0, 1.0, 1.0, 1, 0.0, 0.0, 0.0, 0.0, 0.0, 169.5646741] 0.9941998184487699
[1.0, 1.0, 1.0, 1.0, 1.0, 1.0, 1.0, 1, 1.0, 1.0, 0.0, 0.0, 169.639502] 0.9944087113212359
[1.0, 1.0, 0.0, 1, 1.0, 1.0, 1.0, 1.0, 1.0, 0.0, 0.0, 0, 169.744452] 0.9947016943792302
[0.0, 1.0, 0.0, 1, 1.0, 1.0, 1, 1.0, 1, 0.0, 1.0, 1, 170.4742329] 0.9967389829904534
[1.0, 1, 1.0, 1.0, 1.0, 1.0, 1, 0.0, 0.0, 1.0, 1.0, 0.0, 169.9866829] 0.9953779168644397
[1.0, 1.0, 1, 1.0, 1.0, 1.0, 1.0, 1.0, 0, 1, 1.0, 0.0, 169.1205559] 0.9929599984549925
[0.0, 1.0, 1.0, 1.0, 1.0, 1.0, 1.0, 1.0, 1.0, 1.0, 1.0, 0.0, 170.2764871] 0.9961869470763081
[0.0, 1.0, 1.0, 1, 0.0, 1.0, 1.0, 0.0, 0.0, 1, 1.0, 0.0, 123.6209595] 0.8659413144075342
[0.0, 1.0, 0.0, 1.0, 1.0, 1.0, 1.0, 0.0, 0.0, 0.0, 1.0, 1, 169.7205956] 0.9946350957987182
[0.0, 1.0, 1.0, 1, 1.0, 1.0, 1.0, 0.0, 1, 0.0, 1.0, 0, 170.2916942] 0.9962293998887066
[1.0, 1.0, 0.0, 1.0, 1.0, 1.0, 1.0, 0, 0.0, 1.0, 0.0, 0.0, 170.1990225] 0.9959706934756001
[1.0, 1.0, 1.0, 1.0, 1.0, 1.0, 1.0, 0.0, 1.0, 0.0, 1.0, 1, 169.8158512] 0.9949010155412535
[0.0, 1.0, 0, 1, 0.0, 1.0, 1.0, 1.0, 0.0, 1, 0.0, 0, 124.4638379] 0.8682943309978094
[1.0, 1.0, 0.0, 1.0, 1.0, 1.0, 1.0, 0.0, 0.0, 1.0, 1.0, 0.0, 170.7705431] 0.9975661756394378
[0.0, 1.0, 1.0, 1.0, 0.0, 1.0, 1.0, 0.0, 1.0, 0.0, 0.0, 0.0, 124.5356865] 0.8684949067247328
[0.0, 1, 1.0, 1.0, 0.0, 1.0, 0.0, 0.0, 0.0, 0, 1.0, 0.0, 78.33945584] 0.5111927445333333
[0.0, 1.0, 1.0, 1.0, 1.0, 1.0, 1.0, 1.0, 1.0, 1.0, 1.0, 0.0, 170.2764871] 0.9961869470763081
[0.0, 1.0, 1, 1.0, 0, 1.0, 1.0, 0, 1.0, 0.0, 1.0, 1.0, 125.1841562] 0.8703052033966974
[1.0, 1.0, 0.0, 1.0, 1.0, 1, 1.0, 0.0, 1, 1.0, 1.0, 0.0, 169.8940532] 0.9951193277003891
[1.0, 1.0, 0.0, 1.0, 1.0, 0.0, 1.0, 0.0, 1.0, 1.0, 0.0, 1.0, 116.6074905] 0.846362204404975
[1, 1.0, 1.0, 1, 1.0, 1.0, 1.0, 0.0, 0.0, 1.0, 1.0, 1.0, 170.6573937] 0.9972503027740521
[0, 1, 1, 1.0, 1.0, 1.0, 1.0, 1.0, 0.0, 1.0, 1.0, 1, 169.2667727] 0.9933681837355465
[1.0, 1.0, 1.0, 1, 1.0, 1.0, 1.0, 0.0, 0.0, 1.0, 1.0, 1.0, 170.6573937] 0.9972503027740521
[0.0, 1.0, 1, 1, 1.0, 1.0, 1.0, 0.0, 0.0, 1.0, 0.0, 1.0, 170.6936717] 0.9973515780420648
[0.0, 1.0, 1.0, 1.0, 1, 1.0, 1.0, 0, 0.0, 0, 1.0, 1.0, 170.6176486] 0.99713934859646
