[0, 1.0, 0, 1, 1.0, 1.0, 1.0, 0.0, 1, 1, 0.0, 1.0, 171.1972303] 0.9987573344832972
[0, 1.0, 1.0, 1, 1, 1.0, 1.0, 0.0, 0, 0.0, 0.0, 1.0, 171.5690527] 0.9997953303268684
[0.0, 1.0, 1.0, 1.0, 1.0, 1.0, 1.0, 0.0, 0, 0, 0.0, 1.0, 171.5690527] 0.9997953303268684
[0, 1.0, 1.0, 1.0, 1, 1.0, 1, 0.0, 0, 0, 0.0, 1, 171.5690527] 0.9997953303268684
[0.0, 1.0, 0.0, 1.0, 1, 1, 1.0, 1, 0, 0, 1.0, 0, 170.735281] 0.9974677364027602
[1, 1, 0.0, 1.0, 1.0, 1.0, 1.0, 0, 0.0, 1, 1, 0.0, 170.7705431] 0.9975661756394378
[0, 1, 1.0, 1.0, 1.0, 1.0, 1.0, 0, 0.0, 0.0, 1, 0, 171.6423678] 1.0
[0, 1.0, 1, 1.0, 1, 1.0, 1, 0.0, 0.0, 0, 1, 0.0, 171.6423678] 1.0
[0, 1, 0, 1.0, 1, 1.0, 1, 0.0, 1.0, 1, 0, 1.0, 171.1972303] 0.9987573344832972
[1.0, 1, 0.0, 1.0, 1.0, 1.0, 1.0, 0, 0.0, 1.0, 1.0, 0.0, 170.7705431] 0.9975661756394378
[0, 1, 1.0, 1, 1.0, 1, 1.0, 0, 0, 0, 1.0, 0.0, 171.6423678] 1.0
[1, 1.0, 0.0, 1, 1, 1.0, 1, 0.0, 0, 1.0, 1.0, 0.0, 170.7705431] 0.9975661756394378
[0, 1, 1.0, 1, 1, 1.0, 1.0, 0, 0, 0.0, 1, 0.0, 171.6423678] 1.0
[0, 1.0, 1, 1, 1.0, 1, 1.0, 0, 0.0, 0.0, 1, 0.0, 171.6423678] 1.0
[1.0, 1, 0, 1.0, 1, 1.0, 1.0, 0, 0.0, 1.0, 1.0, 0.0, 170.7705431] 0.9975661756394378
[1.0, 1.0, 1.0, 1.0, 1.0, 1.0, 1.0, 0.0, 0.0, 1, 1.0, 1.0, 170.6573937] 0.9972503027740521
[0, 1.0, 0.0, 1.0, 1.0, 1.0, 1.0, 0.0, 1.0, 1.0, 0, 1.0, 171.1972303] 0.9987573344832972
[0.0, 1.0, 1.0, 1.0, 1.0, 1.0, 1, 0, 0, 0, 0.0, 1.0, 171.5690527] 0.9997953303268684
[0, 1.0, 1, 1.0, 1, 1.0, 1.0, 0, 0, 0, 0.0, 1.0, 171.5690527] 0.9997953303268684
[0, 1.0, 1, 1.0, 1, 1.0, 1, 0.0, 0, 0, 0.0, 1.0, 171.5690527] 0.9997953303268684
[0, 1.0, 0.0, 1.0, 1.0, 1.0, 1.0, 1.0, 0.0, 0.0, 1, 0.0, 170.735281] 0.9974677364027602
[0.0, 1.0, 1, 1, 1.0, 1.0, 1, 0.0, 0, 0, 1, 0.0, 171.6423678] 1.0
[0, 1.0, 0, 1.0, 1.0, 1, 1.0, 1.0, 0, 0, 1, 0, 170.735281] 0.9974677364027602
[0.0, 1.0, 1.0, 1.0, 1.0, 1.0, 1, 0, 0.0, 0, 1.0, 0, 171.6423678] 1.0
[0, 1, 1, 1.0, 1, 1, 1, 0, 0.0, 0, 1, 0.0, 171.6423678] 1.0
[0, 1.0, 1, 1.0, 1, 1, 1.0, 0.0, 0.0, 0, 1, 0, 171.6423678] 1.0
[0, 1, 1, 1.0, 1.0, 1.0, 1.0, 0.0, 0.0, 0.0, 1.0, 0.0, 171.6423678] 1.0
[0.0, 1.0, 1, 1, 1.0, 1, 1.0, 0, 0, 0, 0, 1, 171.5690527] 0.9997953303268684
[0.0, 1.0, 1.0, 1.0, 1, 1.0, 1.0, 0.0, 0.0, 0, 1.0, 0, 171.6423678] 1.0
[0.0, 1.0, 1, 1.0, 1, 1.0, 1, 0.0, 0, 0.0, 0, 1.0, 171.5690527] 0.9997953303268684
