[1.0, 1.0, 0.0, 0.0, 1.0, 1.0, 0.0, 1.0, 1, 0.0, 0, 1.0, 1.0, 1, 0, 0, 0.0, 1, 0.0, 0, 0.0, 1.0, 0.0, 0.0, 0.0, 0.0, 0.0, 1.0, 0.0, 1.0, 0.0, 1429.27] 0.07089997840574107
[1.0, 1.0, 1.0, 1.0, 1.0, 1.0, 0.0, 1.0, 1.0, 0.0, 1.0, 1.0, 1.0, 0.0, 0.0, 1.0, 0.0, 1.0, 0.0, 0.0, 0.0, 0.0, 1.0, 1.0, 0.0, 0.0, 0.0, 0.0, 0.0, 0.0, 0.0, 3277.554] 0.16371933489682466
[1.0, 1.0, 1.0, 1.0, 1.0, 1.0, 0.0, 0.0, 0.0, 0.0, 0.0, 1.0, 1.0, 0.0, 0.0, 1.0, 1.0, 1.0, 1.0, 0.0, 0.0, 1.0, 0.0, 0.0, 0.0, 1.0, 0.0, 1.0, 0.0, 0.0, 0.0, 2188.014] 0.10900350027871662
[1.0, 1.0, 0.0, 0.0, 0.0, 0, 0, 1, 0, 0.0, 0.0, 1.0, 1, 1.0, 1.0, 1, 0, 0, 0.0, 0, 0.0, 1.0, 0.0, 1, 0, 0.0, 0, 1.0, 0.0, 0, 0.0, 3473.01] 0.17353498018852292
[1.0, 1.0, 1.0, 0.0, 1.0, 0, 0.0, 1.0, 0.0, 0.0, 0.0, 1.0, 1.0, 0.0, 1.0, 0.0, 0.0, 0.0, 0.0, 0.0, 0.0, 0, 1.0, 1.0, 0.0, 0.0, 0.0, 1.0, 0.0, 0.0, 0.0, 4080.452] 0.24597257142857157
[1.0, 0.0, 1.0, 1.0, 0.0, 0.0, 0.0, 1.0, 0.0, 0.0, 1.0, 1.0, 1.0, 0.0, 1.0, 0.0, 0.0, 1.0, 1.0, 0.0, 0.0, 1.0, 0.0, 1.0, 0.0, 0.0, 0.0, 0.0, 0.0, 0.0, 0.0, 4166.636] 0.29522057142857167
[1.0, 1.0, 0.0, 0.0, 1.0, 1.0, 0.0, 1.0, 0, 0.0, 0.0, 1.0, 1.0, 1.0, 1, 0.0, 0.0, 1.0, 0.0, 0.0, 0.0, 1, 0.0, 0.0, 0.0, 0.0, 0.0, 1.0, 0, 1.0, 0.0, 1443.912] 0.07163528803226082
[1.0, 0.0, 1, 0, 1.0, 0.0, 0.0, 0, 0.0, 0.0, 0.0, 1, 1, 0, 0, 0.0, 0, 0.0, 0, 0.0, 0.0, 0.0, 1.0, 1.0, 0.0, 0.0, 0.0, 1, 0.0, 0.0, 0, 4018.112] 0.21034971428571433
[1.0, 0.0, 1.0, 0.0, 0.0, 0.0, 0.0, 0.0, 1.0, 0.0, 0.0, 1.0, 1.0, 1.0, 0.0, 0.0, 0.0, 0.0, 0.0, 0.0, 0.0, 0.0, 1.0, 1.0, 0.0, 0.0, 0.0, 0.0, 0.0, 0.0, 0.0, 3168.482] 0.158241825568607
[1, 0.0, 1.0, 0, 1, 0, 0.0, 0, 1, 0, 0, 1.0, 1.0, 0, 0.0, 0.0, 0.0, 0, 0.0, 0, 0.0, 0, 1.0, 1, 0, 0.0, 0, 0.0, 0, 0.0, 0.0, 3231.044] 0.16138363958679636
[1.0, 0.0, 0.0, 0.0, 0.0, 0, 1.0, 0.0, 0, 0.0, 0.0, 1.0, 1.0, 0.0, 0.0, 0.0, 0.0, 0, 0.0, 0.0, 0.0, 1.0, 0.0, 0.0, 0, 0.0, 0.0, 1, 0.0, 0.0, 0.0, 1483.41] 0.0736188462639421
[1.0, 1.0, 1, 0.0, 0, 0.0, 0.0, 1.0, 1.0, 0.0, 0.0, 1, 1.0, 1, 0, 0.0, 0.0, 0, 0.0, 0.0, 1.0, 0.0, 0.0, 1.0, 0.0, 0, 0.0, 1.0, 0.0, 0.0, 0.0, 4728.254] 0.6470335597283259
[1.0, 1, 0.0, 0.0, 1.0, 0.0, 0.0, 1.0, 0, 0.0, 0.0, 1.0, 1.0, 1, 1.0, 0.0, 0.0, 0.0, 0.0, 0.0, 1.0, 0.0, 0.0, 1.0, 0.0, 0, 0.0, 1.0, 0.0, 0.0, 0.0, 3289.876] 0.1643381359634806
[1, 1.0, 1.0, 1.0, 0.0, 1, 0.0, 0, 1.0, 0.0, 1.0, 1.0, 1.0, 0.0, 1.0, 1.0, 0.0, 0, 1.0, 0.0, 0.0, 1.0, 0.0, 0.0, 1.0, 0.0, 0.0, 1.0, 0.0, 0.0, 0.0, 2309.51] 0.1151049330326877
[1.0, 0.0, 1.0, 0.0, 1, 0.0, 0, 1.0, 0, 0.0, 0, 1.0, 1.0, 1.0, 0.0, 0.0, 0.0, 0.0, 0.0, 0.0, 0.0, 0, 1.0, 1, 0, 1, 0.0, 1.0, 0.0, 0.0, 0.0, 4065.202] 0.23725828571428587
[1.0, 0.0, 1.0, 0.0, 1.0, 0.0, 0.0, 0.0, 1.0, 0.0, 0.0, 1.0, 1.0, 0.0, 0.0, 0.0, 0.0, 0.0, 0.0, 0.0, 0.0, 0.0, 1.0, 1.0, 0.0, 0.0, 0.0, 0.0, 0.0, 0.0, 0.0, 3231.044] 0.16138363958679636
[1, 0.0, 1.0, 0, 0.0, 0.0, 0.0, 1.0, 0, 0, 1, 1.0, 1, 0, 1.0, 0.0, 0.0, 0.0, 0, 0.0, 0.0, 0, 1.0, 1, 0.0, 1, 0.0, 1, 0, 0, 0.0, 4047.816] 0.22732342857142845
[1.0, 0.0, 1.0, 0.0, 1.0, 0.0, 0.0, 1.0, 0, 0, 0, 1.0, 1.0, 1.0, 1.0, 0.0, 0.0, 0.0, 0.0, 0, 1.0, 0.0, 0.0, 1, 0.0, 0, 0.0, 1, 0.0, 0.0, 0.0, 4698.032] 0.5988754285714286
[1.0, 1.0, 1.0, 0.0, 1.0, 1.0, 1.0, 0.0, 1.0, 0.0, 1.0, 1.0, 1.0, 1.0, 1.0, 1.0, 0.0, 0.0, 0.0, 0.0, 0.0, 0.0, 1.0, 0.0, 0.0, 1.0, 0.0, 0.0, 0.0, 0.0, 0.0, 1837.308] 0.09139132312544257
[1.0, 1.0, 0.0, 0.0, 1.0, 0.0, 0.0, 1.0, 1.0, 0.0, 0.0, 1.0, 1.0, 1.0, 1.0, 0.0, 0.0, 1.0, 0.0, 0.0, 0.0, 1.0, 0.0, 0.0, 0.0, 0.0, 0.0, 1.0, 0.0, 1.0, 0.0, 1443.722] 0.07162574638296164
[1, 1.0, 1.0, 0.0, 0, 0, 0.0, 1.0, 1.0, 0, 0.0, 1, 1.0, 1.0, 0, 0, 0.0, 0, 0.0, 0.0, 1.0, 0.0, 0, 1.0, 0.0, 0, 0.0, 1, 0, 0.0, 0.0, 4728.254] 0.6470335597283259
[1.0, 0.0, 0, 0.0, 0.0, 0.0, 0, 0.0, 0.0, 0.0, 0.0, 1.0, 1, 0.0, 0, 0.0, 0.0, 0.0, 1, 0, 0.0, 1, 0, 1, 0, 0.0, 0.0, 0, 0.0, 0.0, 0.0, 2969.388] 0.14824348280243263
[1.0, 0.0, 0.0, 0.0, 0.0, 0.0, 0.0, 1.0, 1.0, 0.0, 1.0, 1.0, 1.0, 1.0, 1.0, 0.0, 0.0, 0.0, 0.0, 0.0, 1.0, 0.0, 0.0, 1.0, 0.0, 1.0, 0.0, 0.0, 0.0, 0.0, 0.0, 2807.502] 0.1401136962842809
[1.0, 1.0, 1.0, 0.0, 1.0, 1.0, 1.0, 1.0, 1.0, 0.0, 0.0, 1.0, 1.0, 0.0, 0.0, 1.0, 0.0, 1.0, 0.0, 0.0, 1.0, 0.0, 0.0, 0.0, 0.0, 1.0, 0.0, 1.0, 0.0, 0.0, 0.0, 3084.696] 0.15403415910449111
[1.0, 1.0, 1, 0, 0, 0.0, 0, 1, 0, 0, 0, 1.0, 1, 0, 1, 0.0, 0.0, 0.0, 0.0, 0.0, 0.0, 0.0, 1, 1.0, 0, 1, 0.0, 1, 0.0, 0.0, 0.0, 4012.634] 0.20721942857142858
[1.0, 1.0, 1.0, 0.0, 0.0, 0.0, 0, 1.0, 0.0, 0.0, 1.0, 1.0, 1.0, 1, 0.0, 0.0, 0.0, 0.0, 0, 0.0, 0.0, 0.0, 1.0, 1.0, 0.0, 0, 0, 1, 0.0, 0.0, 0.0, 4068.426] 0.23910057142857138
[1.0, 1.0, 0.0, 1, 1.0, 1.0, 0.0, 1, 1.0, 0.0, 0.0, 1.0, 1.0, 1.0, 0.0, 1.0, 0, 1.0, 0.0, 0.0, 0.0, 0.0, 1.0, 1.0, 0, 0.0, 0.0, 1.0, 0.0, 0.0, 0.0, 2910.41] 0.14528165442155005
[1.0, 1.0, 0.0, 0.0, 1.0, 0.0, 0.0, 1, 1.0, 0.0, 0.0, 1.0, 1.0, 1.0, 0.0, 0.0, 0.0, 0.0, 0, 0.0, 0.0, 0.0, 1.0, 1.0, 0.0, 0.0, 0.0, 1.0, 0.0, 0.0, 0.0, 2884.75] 0.1439930295740909
[1.0, 1.0, 0.0, 1.0, 1.0, 1.0, 0.0, 1.0, 1.0, 0.0, 0.0, 1.0, 1.0, 1.0, 0.0, 1.0, 0.0, 1.0, 0.0, 0.0, 0.0, 0.0, 1.0, 1.0, 0.0, 0.0, 0, 1.0, 0.0, 0.0, 0.0, 2910.41] 0.14528165442155005
[1.0, 0.0, 1.0, 0.0, 1, 0.0, 0.0, 0.0, 1.0, 0.0, 0.0, 1.0, 1.0, 0.0, 0, 0.0, 0.0, 0.0, 0, 0.0, 0, 0.0, 1.0, 1, 0.0, 0.0, 0, 0.0, 0.0, 0, 0, 3231.044] 0.16138363958679636
