[] 0
[] 0
[] 0
[] 0
[] 0
[] 0
[] 0
[] 0
[] 0
[] 0
[] 0
[] 0
[] 0
[] 0
[] 0
[] 0
[1.0, 0.0, 0.0, 0.0, 0.0, 1.0, 4.0, 0.0, 1.0, 8.0, 8.0, 32.0] 0.6326519999999998
[] 0
[] 0
[] 0
[] 0
[] 0
[1, 0, 1, 1, 1, 0, 3, 0, 1, 8, 8, 128] 0.2582120000000001
[1.0, 0.0, 0.0, 0.0, 0.0, 0.0, 3.0, 0.0, 4.0, 8.0, 8.0, 8.0] 0.21016400000000018
[1, 0, 0, 0, 0, 1, 3, 0, 1, 8, 10, 16] 0.5003880000000003
[1, 0, 0, 0, 0, 0, 4, 0, 2, 10, 8, 32] 0.5295159999999999
[1, 1, 0, 0, 0, 1, 3, 0, 1, 8, 8, 8] 0.12453333333333345
[1, 0, 0, 0, 0, 0, 2, 0, 2, 8, 8, 8] 0.3994080000000003
[1, 0, 0, 0, 0, 0, 2, 0, 2, 8, 8, 64] 0.4145440000000002
[1, 0, 0, 0, 0, 0, 3, 0, 2, 8, 10, 20] 0.7184080000000004
