[ 1.  1.  1.  1.  1.  1.  0.  0.  0.  0.  0. 40.  1.  8.] 0
[ 1.  0.  1.  1.  1.  1.  0.  0.  0.  0.  1. 60.  4.  6.] 0
[  1.   0.   0.   1.   1.   0.   1.   0.   0.   0.   0.  20. 256.   6.] 0
[1.000e+00 0.000e+00 0.000e+00 1.000e+00 1.000e+00 1.000e+00 0.000e+00
 0.000e+00 0.000e+00 0.000e+00 0.000e+00 7.000e+01 2.048e+03 6.000e+00] 0
[  1.   0.   0.   0.   1.   0.   0.   0.   0.   1.   0. 100.   8.  10.] 0
[ 1.  0.  0.  1.  1.  1.  0.  0.  0.  0.  1. 50.  1.  8.] 0
[ 1.  1.  0.  0.  1.  0.  0.  0.  0.  1.  0. 20. 64. 10.] 0
[  1.   0.   1.   1.   1.   0.   0.   0.   1.   0.   0.  20. 256.  10.] 0
[ 1.  1.  1.  1.  1.  0.  0.  0.  1.  0.  1. 60. 32. 10.] 0
[ 1.  1.  0.  0.  1.  0.  0.  0.  1.  0.  0.  0.  8. 10.] 0
[1.000e+00 0.000e+00 0.000e+00 1.000e+00 1.000e+00 0.000e+00 0.000e+00
 0.000e+00 1.000e+00 0.000e+00 0.000e+00 4.000e+01 2.048e+03 1.000e+01] 0
[ 1.  1.  0.  0.  1.  0.  0.  0.  0.  1.  0. 50.  2. 10.] 0
[  1.   1.   0.   1.   1.   1.   0.   0.   0.   0.   0.   0. 512.   8.] 0
[ 1.  1.  1.  0.  1.  0.  0.  0.  0.  1.  0.  0.  2. 10.] 0
[  1.   1.   0.   1.   1.   0.   0.   0.   0.   1.   1.  70. 512.  10.] 0
[  1.   1.   1.   0.   1.   0.   0.   0.   1.   0.   1.  20. 256.  10.] 0
[  1.   1.   0.   0.   1.   0.   1.   0.   0.   0.   0.  50. 512.  10.] 0
[5.23937816e-01 7.44335288e-01 8.43777478e-01 1.37453024e-01
 3.04994226e-01 2.77778551e-02 1.59077391e-01 2.79353330e-01
 4.19653836e-01 5.39756511e-01 6.30447673e-01 4.82946166e+01
 2.21995388e+01 8.87771428e+00] 0
[  1.   1.   0.   1.   1.   0.   0.   0.   1.   0.   1.  90. 256.   8.] 0
[ 1.  1.  0.  1.  1.  0.  0.  0.  1.  0.  0. 80. 64. 10.] 0
[ 1.  1.  1.  1.  1.  0.  1.  0.  0.  0.  1. 50.  2.  6.] 0
[ 1.  0.  1.  1.  1.  0.  0.  0.  1.  0.  1. 80. 32.  8.] 0
[ 1.  0.  1.  1.  1.  0.  0.  0.  1.  0.  1. 90. 32. 10.] 0
[9.94675023e-01 4.60560029e-03 9.56852198e-01 1.47787213e-01
 9.70516247e-01 2.00267866e-01 4.08458970e-02 1.89065452e-02
 4.12390053e-04 9.66193643e-01 7.20661998e-01 9.16871905e+01
 1.27247459e+02 8.47265124e+00] 0
[  1.   0.   0.   1.   1.   0.   0.   0.   0.   1.   1.  30. 128.  10.] 0
[  1.   1.   1.   1.   1.   0.   0.   0.   0.   1.   1.  80. 128.  10.] 0
[  1.   0.   1.   0.   1.   1.   0.   0.   0.   0.   1.  60. 128.   6.] 0
[ 1.  1.  0.  1.  1.  0.  0.  0.  0.  1.  0.  0. 16. 10.] 0
[ 1.  0.  1.  0.  1.  0.  0.  0.  0.  1.  1. 70.  1. 10.] 0
[ 1.  1.  1.  1.  1.  0.  0.  0.  0.  1.  0. 90. 16.  8.] 0

