[0.0, 1.0, 1.0, 1.0, 1.0, 1.0, 1.0, 1.0, 1.0, 1.0, 0, 0.0, 169.9679244] 0.9424706922590093
[1.0, 0.0, 0.0, 0.0, 0.0, 1.0, 1.0, 0.0, 0.0, 1.0, 1.0, 0.0, 33.28295922] 0
[1.0, 0.0, 0.0, 0.0, 1.0, 1.0, 0.0, 0.0, 0.0, 0.0, 1.0, 0.0, 30.02923107] 0
[1.0, 1.0, 0.0, 1.0, 0.0, 0.0, 0.0, 1.0, 0.0, 0.0, 0.0, 1.0, 55.59525943] 0
[1, 1.0, 0, 1.0, 1.0, 1.0, 1.0, 0.0, 1.0, 0, 0.0, 1.0, 170.3206944] 0.9545909071864236
[1.0, 1.0, 0.0, 1.0, 1, 1.0, 1.0, 1, 1.0, 0.0, 1.0, 1.0, 169.6186669] 0.9304711572503319
[0.0, 0.0, 0.0, 0.0, 1.0, 0.0, 0.0, 1.0, 0.0, 0.0, 0.0, 1.0, 1.074379206] 0
[0.0, 1.0, 0.0, 0.0, 1.0, 0.0, 0.0, 0.0, 0.0, 0.0, 0.0, 0.0, 45.50662231] 0
[0.0, 1.0, 1.0, 1.0, 1.0, 1.0, 1.0, 0.0, 0.0, 0.0, 1.0, 1.0, 170.6176486] 0.9647934434780528
[1.0, 1.0, 0.0, 1.0, 1.0, 1.0, 1.0, 1.0, 1.0, 0.0, 1.0, 0.0, 168.4995322] 0.8920207416913941
[0.0, 1.0, 0.0, 1.0, 1.0, 1.0, 0.0, 1.0, 1.0, 1.0, 1.0, 1.0, 124.4216874] 0.002846504902579854
[1.0, 1, 0.0, 1.0, 1.0, 1.0, 1, 1, 0, 1.0, 0.0, 0.0, 170.4227512] 0.9580973004477664
[0.0, 0.0, 1.0, 1.0, 1.0, 1.0, 1.0, 1.0, 0.0, 1.0, 0.0, 0.0, 105.8266685] 0
[0.0, 1.0, 0.0, 0.0, 1.0, 0.0, 0.0, 1.0, 1.0, 0.0, 1.0, 0.0, 45.90898848] 0
[1.0, 1.0, 1.0, 0.0, 0.0, 0.0, 1.0, 1.0, 1.0, 1.0, 0.0, 1.0, 32.92509484] 0
[0.0, 1.0, 0.0, 1.0, 0.0, 1.0, 1, 1.0, 1.0, 0.0, 0.0, 0, 124.7782342] 0.021839547312179113
[0.0, 1.0, 1.0, 1.0, 1.0, 1.0, 1.0, 0.0, 0, 0.0, 0.0, 1.0, 171.5690527] 0.9974810931501408
[0.0, 1.0, 1.0, 0.0, 0.0, 0.0, 0.0, 0.0, 1.0, 1.0, 0.0, 1.0, 30.91070604] 0
[0.0, 1.0, 1.0, 1.0, 1.0, 1.0, 0.0, 1.0, 0.0, 1.0, 1.0, 1.0, 125.9674156] 0.08518655466971616
[1.0, 1.0, 1.0, 1.0, 1.0, 1.0, 1, 1.0, 1.0, 1.0, 1.0, 1.0, 169.4363217] 0.9242062735726324
[1.0, 1.0, 0.0, 1.0, 1.0, 1.0, 0.0, 1.0, 0.0, 0.0, 0.0, 1.0, 123.1458366] 0
[0.0, 1.0, 0, 1.0, 1, 1.0, 1.0, 0.0, 1.0, 0.0, 0.0, 0, 169.5498407] 0.9281064767598225
[0, 1.0, 1.0, 1.0, 1.0, 1.0, 1.0, 0.0, 1.0, 0.0, 1, 0, 170.2916942] 0.9535945394200656
[1.0, 1.0, 0, 1.0, 1.0, 1.0, 1.0, 1.0, 0.0, 1.0, 0.0, 0.0, 170.4227512] 0.9580973004477664
[1, 1.0, 1, 1.0, 1.0, 1, 1.0, 1.0, 0, 0.0, 1.0, 1.0, 170.0389183] 0.9449098490085501
[1.0, 1.0, 1.0, 1.0, 1.0, 1.0, 1.0, 0.0, 1, 0.0, 0.0, 1.0, 169.9796426] 0.9428732976465497
[0.0, 1.0, 1.0, 1.0, 1.0, 1.0, 0.0, 0.0, 0.0, 1.0, 0.0, 1.0, 124.9946375] 0.03336722629983827
[0.0, 1.0, 1.0, 1.0, 1.0, 1.0, 1.0, 0.0, 1, 0, 0.0, 1.0, 169.3875732] 0.9225314080869358
[1.0, 0.0, 0.0, 1.0, 1.0, 0.0, 1.0, 0.0, 1.0, 1.0, 1.0, 1.0, 51.76359653] 0
[0.0, 1.0, 1.0, 1, 1.0, 1.0, 0.0, 0.0, 1.0, 0.0, 0.0, 0.0, 125.0410345] 0.035838767731925576
