[0.0, 1.0, 1.0, 0.0, 1.0, 0.0, 0.0, 1.0, 0.0, 1.0, 0.0, 0.0, 45.83051896] 0
[0.0, 1, 1, 1.0, 1.0, 1.0, 1.0, 0.0, 0.0, 0.0, 0.0, 1.0, 171.5690527] 0.9974810931501408
[0, 1.0, 1.0, 1, 1.0, 1.0, 1.0, 0.0, 0.0, 0.0, 0.0, 1.0, 171.5690527] 0.9974810931501408
[0.0, 1.0, 0.0, 1.0, 1.0, 1.0, 1.0, 0.0, 0.0, 1.0, 1.0, 0.0, 170.5559134] 0.9626723904049834
[1.0, 0.0, 1.0, 0.0, 1.0, 1.0, 0.0, 1.0, 1.0, 1.0, 1.0, 1.0, 29.57490993] 0
[0.0, 1.0, 1.0, 1.0, 1.0, 1, 1.0, 0.0, 0.0, 0.0, 1.0, 0.0, 171.6423678] 1.0
[0.0, 1, 0.0, 1.0, 1, 1.0, 1.0, 0, 0.0, 1.0, 0.0, 0.0, 170.2871644] 0.9534389078482817
[0.0, 1.0, 1.0, 1.0, 0.0, 0.0, 1.0, 0.0, 0.0, 1.0, 0.0, 0.0, 69.24898458] 0
[0.0, 0.0, 1.0, 0.0, 1.0, 1.0, 1.0, 1.0, 1.0, 1.0, 0.0, 1.0, 35.88699007] 0
[0.0, 1.0, 0.0, 1.0, 1.0, 1.0, 1.0, 1, 1.0, 0.0, 0.0, 0, 170.6651847] 0.9664266542068877
[0.0, 1.0, 1.0, 1.0, 1.0, 1.0, 1.0, 1, 1.0, 0.0, 1.0, 1.0, 170.6282685] 0.9651583142734934
[0.0, 1, 1.0, 1.0, 1.0, 1.0, 1.0, 0.0, 0.0, 1.0, 1.0, 0.0, 170.1198454] 0.9476902834146852
[0.0, 1.0, 0.0, 1, 1.0, 1.0, 1.0, 1.0, 0.0, 0.0, 1.0, 0.0, 170.735281] 0.9688349718688667
[1.0, 1.0, 0, 1, 1.0, 1, 1.0, 0.0, 0, 0.0, 0.0, 0.0, 170.0170183] 0.9441574247465365
[1.0, 1.0, 0.0, 1.0, 1.0, 1.0, 1.0, 1.0, 0.0, 1.0, 1.0, 1.0, 169.7437859] 0.9347699047954838
[0.0, 1.0, 1.0, 1.0, 1.0, 1.0, 1.0, 0.0, 0.0, 0.0, 1, 0.0, 171.6423678] 1.0
[0.0, 1.0, 0.0, 1.0, 1.0, 1.0, 1.0, 1.0, 0.0, 0.0, 1.0, 0.0, 170.735281] 0.9688349718688667
[0.0, 1.0, 1.0, 0.0, 1.0, 0.0, 1.0, 1.0, 1.0, 0.0, 0.0, 0.0, 47.27789783] 0
[0.0, 1.0, 0, 1.0, 1.0, 1.0, 0.0, 1.0, 0, 0.0, 1.0, 1.0, 124.7568684] 0.020701403468187312
[0.0, 1.0, 0.0, 1.0, 1.0, 1.0, 1.0, 0.0, 1.0, 1.0, 0.0, 1.0, 171.1972303] 0.9847062897291395
[0.0, 1.0, 0, 1.0, 1.0, 1.0, 0.0, 1, 1.0, 1.0, 1.0, 0.0, 124.9219778] 0.029496685984881595
[1.0, 1.0, 1.0, 1.0, 1, 1.0, 1.0, 0.0, 1.0, 0.0, 0, 1.0, 169.9796426] 0.9428732976465497
[1.0, 0.0, 0.0, 0.0, 0.0, 0.0, 1.0, 0.0, 1.0, 1.0, 0.0, 1.0, 14.8066752] 0
[0.0, 1.0, 0.0, 0.0, 0.0, 1.0, 1.0, 1.0, 0.0, 1.0, 0.0, 0.0, 51.31164837] 0
[0.0, 0.0, 0.0, 1.0, 0.0, 1.0, 1.0, 1.0, 0.0, 0.0, 1.0, 0.0, 99.4203198] 0
[0.0, 1, 1, 1.0, 1.0, 1.0, 1.0, 0.0, 1.0, 1.0, 1.0, 0.0, 170.1067212] 0.9472393717023789
[0.0, 1.0, 1.0, 1.0, 1.0, 1.0, 1.0, 0.0, 0, 1.0, 0.0, 1.0, 170.6936717] 0.9674053898211331
[0.0, 1.0, 1.0, 1.0, 0.0, 1.0, 1.0, 0.0, 1.0, 1.0, 1.0, 1.0, 123.0653319] 0
[0.0, 1.0, 0.0, 1.0, 1.0, 1.0, 1.0, 1.0, 1.0, 0.0, 0, 0.0, 170.6651847] 0.9664266542068877
[0.0, 0.0, 1.0, 0.0, 0.0, 1.0, 0.0, 0.0, 0.0, 1.0, 0.0, 1.0, 28.30082583] 0
