[1, 1, 1.0, 0, 0.0, 0.0, 1.0, 1.0, 0.0, 0.0, 1.0, 1.0, 0.0, 1.0, 0.0, 0.0, 0.0, 0.0, 0.0, 0.0, 0.0, 0.0, 0.0, 1, 1.0, 1.0, 0, 1.0, 1.0, 0.0, 0, 1.0, 1.0, 0.0, 1.0, 1.0, 0.0, 0, 0.0, 16.533944379797802] 0.8744135443321115
[1.0, 1.0, 1, 0.0, 0.0, 0.0, 1.0, 1.0, 0, 0.0, 1, 1, 0.0, 1.0, 0.0, 0.0, 0, 0.0, 0, 0, 0.0, 0.0, 0, 1.0, 1.0, 1, 0, 1.0, 1, 0.0, 0.0, 1, 1, 0.0, 1.0, 1.0, 0.0, 0.0, 0.0, 16.533944379797802] 0.8744135443321115
[1, 0.0, 1.0, 0.0, 0.0, 1.0, 0.0, 1, 0.0, 0.0, 1, 0.0, 0.0, 1.0, 0.0, 0.0, 0.0, 0.0, 0.0, 0.0, 0, 0.0, 1, 1.0, 1.0, 1.0, 0.0, 1.0, 1.0, 0.0, 0.0, 1.0, 1, 0.0, 1.0, 0.0, 0.0, 0.0, 1.0, 16.568342700664] 0.8935237225911108
[1.0, 1.0, 1.0, 0.0, 0.0, 1.0, 0.0, 1.0, 0.0, 0.0, 1.0, 0.0, 0.0, 1.0, 0.0, 0.0, 0.0, 0.0, 0.0, 0.0, 0.0, 0.0, 0.0, 1.0, 1.0, 1.0, 0.0, 1.0, 1.0, 0.0, 0.0, 1.0, 1.0, 0.0, 1.0, 0.0, 1.0, 0.0, 0.0, 16.2024060882143] 0.6902256045634994
[1.0, 0.0, 1.0, 0.0, 0.0, 1.0, 0.0, 1.0, 1.0, 0.0, 1.0, 0.0, 0.0, 1.0, 0.0, 0.0, 0.0, 0.0, 0.0, 0.0, 0.0, 0.0, 0.0, 1.0, 1.0, 1.0, 0.0, 1.0, 0.0, 1.0, 0.0, 1.0, 1.0, 0.0, 1.0, 1.0, 0.0, 0.0, 0.0, 16.1068279558997] 0.6371266421664994
[1.0, 0.0, 0, 0.0, 0.0, 0.0, 0.0, 1.0, 1.0, 0.0, 1.0, 0.0, 0.0, 1.0, 0.0, 0.0, 0, 0.0, 1.0, 0.0, 0.0, 0.0, 0, 1.0, 1.0, 0, 1, 1.0, 0.0, 0.0, 1.0, 1.0, 1.0, 0.0, 1.0, 1.0, 0, 0.0, 0.0, 16.0220601620635] 0.5900334233686109
[1.0, 0.0, 1.0, 0, 0, 0.0, 1, 1, 0.0, 0.0, 1.0, 0.0, 0, 1.0, 0.0, 0.0, 0.0, 0.0, 0.0, 0.0, 0.0, 1, 0, 1, 1.0, 1.0, 0.0, 1.0, 1, 0, 0, 1.0, 1.0, 0.0, 1.0, 0.0, 0, 1, 0, 16.2807718539136] 0.73376214106311
[1.0, 0.0, 0.0, 0.0, 0, 0, 0.0, 1.0, 0.0, 0.0, 1.0, 0, 0.0, 1.0, 0.0, 1, 0, 0.0, 0.0, 0.0, 0.0, 1.0, 0.0, 1.0, 1.0, 0.0, 1.0, 1, 1.0, 0.0, 0.0, 1.0, 1.0, 0.0, 1.0, 0.0, 1.0, 0.0, 0.0, 15.7432041564974] 0.4351134202763334
[1.0, 1.0, 1.0, 0.0, 0.0, 0, 1.0, 1, 0.0, 1, 1.0, 0, 0.0, 1.0, 0.0, 0.0, 0, 0.0, 0, 0.0, 0.0, 0, 0.0, 1.0, 1.0, 1.0, 0.0, 1.0, 1.0, 0, 0.0, 1.0, 1, 0.0, 1.0, 1.0, 0.0, 0.0, 0.0, 16.850945398615902] 1.0
[1.0, 0.0, 1.0, 0.0, 0, 0.0, 1, 1, 0, 0.0, 1.0, 0.0, 0.0, 1.0, 0.0, 1.0, 0.0, 0, 0, 0.0, 1.0, 0.0, 0, 1.0, 1.0, 1.0, 0, 1.0, 1, 0.0, 0, 1.0, 1.0, 0.0, 1.0, 1.0, 0, 0.0, 0, 16.725972887992302] 0.9810960488846114
[1.0, 0.0, 1.0, 0.0, 1.0, 0.0, 0.0, 1.0, 1, 0.0, 1.0, 0.0, 0, 1, 0.0, 0, 0, 0, 1.0, 0.0, 0.0, 0, 0.0, 1.0, 1.0, 1.0, 0.0, 1, 1.0, 0.0, 0.0, 1.0, 1.0, 0.0, 1.0, 1.0, 0, 0, 0.0, 16.6942842723616] 0.96349126242311
[1.0, 1, 1.0, 0.0, 0, 1, 0.0, 1.0, 0, 0, 1.0, 0, 0.0, 1.0, 1, 0, 0, 0, 0.0, 0, 0, 0, 0.0, 1, 1, 1.0, 0.0, 1, 1, 0.0, 0, 1.0, 1, 0, 1, 1.0, 0.0, 0.0, 0.0, 16.3997340131835] 0.7998522295463888
[1.0, 0, 0.0, 0.0, 0.0, 0, 0.0, 1.0, 0, 0.0, 1.0, 0.0, 1, 1.0, 0.0, 1, 0, 0.0, 0.0, 0.0, 0.0, 0, 0.0, 1.0, 1.0, 0, 1.0, 1, 0.0, 1, 0, 1.0, 1.0, 0.0, 1.0, 1.0, 0.0, 0.0, 0, 16.095229590711803] 0.6306831059510012
[1.0, 0.0, 1.0, 0.0, 0.0, 0.0, 1.0, 1.0, 0.0, 0.0, 1.0, 0.0, 0.0, 1.0, 0.0, 0.0, 0.0, 0.0, 0.0, 0.0, 0.0, 1.0, 0.0, 1.0, 1.0, 1.0, 0.0, 1.0, 0.0, 1.0, 0.0, 1.0, 1.0, 0.0, 1.0, 1.0, 0.0, 0.0, 0.0, 15.700861329289598] 0.41158962738310984
[1.0, 0, 0.0, 0.0, 0.0, 0, 0.0, 1.0, 0.0, 0, 1.0, 0.0, 1, 1.0, 0.0, 0.0, 1.0, 0.0, 0.0, 0.0, 0.0, 0.0, 0, 1.0, 1.0, 0.0, 1.0, 1.0, 0, 0.0, 1, 1.0, 1.0, 0.0, 1.0, 1.0, 0.0, 0.0, 0.0, 15.3007886121925] 0.3
[1.0, 0.0, 1.0, 0.0, 1, 0, 0, 1, 0.0, 0.0, 1.0, 0.0, 1.0, 1.0, 0.0, 0.0, 1, 0, 0.0, 0.0, 0.0, 0.0, 0.0, 1.0, 1.0, 1.0, 0.0, 1.0, 1.0, 0.0, 0.0, 1.0, 1.0, 0.0, 1.0, 1, 0, 0.0, 0.0, 16.4140091178129] 0.8077828432293876
[1.0, 0, 1.0, 0.0, 0.0, 1, 0.0, 1.0, 0, 0.0, 1.0, 1.0, 0.0, 1.0, 0, 0.0, 1, 0.0, 0.0, 0.0, 0.0, 0.0, 0.0, 1.0, 1.0, 1.0, 0.0, 1.0, 1, 0.0, 0.0, 1.0, 1.0, 0.0, 1.0, 1.0, 0.0, 0.0, 0.0, 16.1676822623265] 0.670934590181389
[1.0, 1.0, 0.0, 0.0, 0.0, 0.0, 0.0, 1.0, 1.0, 0.0, 1.0, 0.0, 0.0, 1.0, 0.0, 0.0, 0.0, 0.0, 1.0, 0, 0.0, 0.0, 0.0, 1.0, 1, 1.0, 0.0, 1.0, 1.0, 0.0, 0.0, 1.0, 1, 0.0, 1, 1.0, 0.0, 0.0, 0.0, 16.257492626451498] 0.7208292369174982
[1.0, 0.0, 1.0, 0.0, 0.0, 0.0, 1.0, 1.0, 1.0, 0.0, 1.0, 0.0, 0.0, 1.0, 0.0, 0.0, 1.0, 0.0, 0.0, 0.0, 0.0, 0.0, 0.0, 1.0, 1.0, 1.0, 0.0, 1.0, 1.0, 0.0, 0.0, 1.0, 1.0, 0.0, 1.0, 1.0, 0.0, 0.0, 0.0, 16.0727945773675] 0.6182192096486104
[1.0, 0, 1.0, 0.0, 0.0, 1, 0, 1.0, 1.0, 0.0, 1.0, 0, 0.0, 1.0, 1, 0.0, 0.0, 0.0, 0.0, 0.0, 0, 0.0, 0.0, 1, 1, 1.0, 0.0, 1.0, 1.0, 0.0, 0.0, 1.0, 1.0, 0.0, 1.0, 1, 0.0, 0.0, 0.0, 16.2876241963985] 0.7375689979991662
[1.0, 0, 1.0, 0.0, 0.0, 0.0, 1.0, 1.0, 0.0, 0.0, 1, 1, 0, 1.0, 0.0, 0, 0.0, 0.0, 0, 0.0, 0, 0.0, 0.0, 1.0, 1, 1.0, 0.0, 1, 0.0, 0.0, 1.0, 1.0, 1, 0.0, 1.0, 1.0, 0.0, 0.0, 0.0, 15.6238439392954] 0.3688021884974441
[1.0, 0.0, 1.0, 0.0, 1.0, 0.0, 0.0, 1.0, 0.0, 0.0, 1.0, 0.0, 0.0, 1.0, 0.0, 0.0, 0.0, 1.0, 0.0, 0.0, 0.0, 1.0, 0.0, 1.0, 1.0, 1.0, 0.0, 1.0, 1.0, 0.0, 0.0, 1.0, 1.0, 0.0, 1.0, 1.0, 0.0, 0.0, 0.0, 16.036455961872498] 0.5980310899291653
[1.0, 0.0, 1.0, 0.0, 1.0, 0.0, 0.0, 1.0, 1.0, 0.0, 1.0, 0.0, 0.0, 1.0, 0.0, 0.0, 0.0, 0.0, 1, 0.0, 0.0, 0.0, 0.0, 1.0, 1.0, 1.0, 0.0, 1.0, 1.0, 0.0, 0.0, 1.0, 1.0, 0.0, 1.0, 1.0, 0, 0.0, 0.0, 16.6942842723616] 0.96349126242311
[1.0, 0.0, 1, 0.0, 1.0, 0.0, 0.0, 1.0, 0.0, 0, 1.0, 0.0, 0.0, 1.0, 1, 0, 0.0, 0.0, 0.0, 1.0, 0.0, 0.0, 0.0, 1.0, 1.0, 1, 0.0, 1.0, 1.0, 0.0, 0.0, 1, 1.0, 0.0, 1, 1.0, 0.0, 0.0, 0.0, 15.9678455775859] 0.5599142097699439
[1, 1, 0.0, 0, 0, 0.0, 0, 1.0, 0.0, 0, 1, 0.0, 0.0, 1.0, 0.0, 0.0, 0.0, 0.0, 0, 0.0, 0, 0.0, 1, 1.0, 1.0, 0.0, 1.0, 1, 1.0, 0.0, 0, 1.0, 1.0, 0.0, 1, 0.0, 0, 0.0, 1, 15.0083633090151] 0.3
[1.0, 0.0, 1.0, 0.0, 0.0, 0.0, 1.0, 1.0, 0.0, 0.0, 1.0, 0.0, 0.0, 1, 1.0, 0.0, 0.0, 0.0, 0.0, 0.0, 0.0, 0.0, 1.0, 1.0, 1.0, 1, 0.0, 1.0, 1.0, 0.0, 0.0, 1.0, 1.0, 0.0, 1.0, 1.0, 0.0, 0.0, 0.0, 16.0423956774092] 0.6013309318939994
[1.0, 0.0, 1.0, 0.0, 0.0, 0.0, 1.0, 1.0, 0, 1, 1.0, 0.0, 0.0, 1.0, 0, 0.0, 0.0, 0.0, 0.0, 0.0, 1.0, 0.0, 0, 1.0, 1.0, 1.0, 0.0, 1.0, 1.0, 0.0, 0.0, 1.0, 1.0, 0.0, 1.0, 1.0, 0.0, 0.0, 0.0, 16.5810339927283] 0.900574440404611
[1.0, 0.0, 1.0, 0.0, 0, 1.0, 0.0, 1.0, 0.0, 0.0, 1.0, 0.0, 0.0, 1.0, 0.0, 0.0, 0.0, 0.0, 0.0, 0.0, 1, 0.0, 0.0, 1.0, 1.0, 1, 0.0, 1.0, 1.0, 0.0, 0.0, 1.0, 0.0, 1.0, 1.0, 1.0, 0.0, 0.0, 0.0, 15.9881988783566] 0.571221599087
[1.0, 0.0, 1.0, 0.0, 0.0, 0.0, 1.0, 1.0, 0.0, 0.0, 1.0, 0.0, 0.0, 1.0, 0.0, 0.0, 1.0, 1.0, 0.0, 0.0, 0.0, 0.0, 0.0, 1.0, 1.0, 1.0, 0.0, 1.0, 1.0, 0.0, 0.0, 1.0, 1.0, 0.0, 1.0, 1.0, 0.0, 0.0, 0.0, 16.493419593821002] 0.8518997743450005
[1.0, 0.0, 0, 0.0, 0.0, 0, 0, 1.0, 0, 1.0, 1.0, 0.0, 0.0, 1.0, 0.0, 0.0, 0, 1, 1, 0.0, 0.0, 0.0, 0.0, 1.0, 1.0, 0.0, 1.0, 1.0, 1.0, 0.0, 0.0, 1, 1, 0.0, 1.0, 1.0, 0.0, 0.0, 0.0, 16.367935430170697] 0.7821863500948307
