[1, 1, 1, 0, 0, 0, 0, 1, 0, 0, 0, 1, 0, 1, 2048, 9] 0.052545454545448955
[1, 1, 0, 1, 1, 0, 0, 1, 0, 0, 1, 1, 1, 0, 2048, 9] 0
[1.0, 1.0, 0.0, 1.0, 0.0, 0.0, 1.0, 1.0, 0.0, 0.0, 1.0, 1.0, 0.0, 1.0, 4096.0, 1.0] 0
[1.0, 1.0, 1.0, 0.0, 0.0, 0.0, 0.0, 1.0, 0.0, 0.0, 0.0, 1.0, 0.0, 1.0, 1024.0, 5.0] 0
[1, 1, 1, 0, 0, 0, 1, 1, 0, 0, 1, 1, 0, 1, 2048, 9] 0.6858750000000036
[1, 1, 1, 0, 0, 0, 1, 1, 0, 0, 1, 1, 1, 0, 4096, 9] 0.622875000000001
[1, 1, 1, 0, 0, 0, 0, 1, 0, 0, 0, 1, 0, 1, 2048, 9] 0.052545454545448955
[1, 1, 0, 1, 1, 0, 0, 1, 0, 0, 1, 1, 1, 0, 2048, 9] 0
[1.0, 1.0, 0.0, 1.0, 0.0, 0.0, 1.0, 1.0, 0.0, 0.0, 1.0, 1.0, 0.0, 1.0, 4096.0, 1.0] 0
[1.0, 1.0, 1.0, 0.0, 0.0, 0.0, 0.0, 1.0, 0.0, 0.0, 0.0, 1.0, 0.0, 1.0, 1024.0, 5.0] 0
[1, 1, 1, 0, 0, 0, 1, 1, 0, 0, 1, 1, 0, 1, 2048, 9] 0.6858750000000036
[1, 1, 1, 0, 0, 0, 1, 1, 0, 0, 1, 1, 1, 0, 4096, 9] 0.622875000000001
[1, 1, 0, 1, 0, 1, 1, 1, 0, 0, 0, 1, 0, 1, 4096, 9] 0.4142750000000014
[1, 1, 0, 1, 0, 1, 0, 1, 0, 0, 1, 1, 1, 0, 2048, 9] 0
[1.0, 1.0, 0.0, 1.0, 0.0, 0.0, 0.0, 1.0, 0.0, 0.0, 0.0, 1.0, 0.0, 1.0, 512.0, 1.0] 0
[1.0, 1.0, 1.0, 0.0, 0.0, 0.0, 1.0, 1.0, 0.0, 0.0, 1.0, 1.0, 1.0, 0.0, 1024.0, 9.0] 0
[1.0, 1.0, 0.0, 1.0, 1.0, 0.0, 0.0, 1.0, 0.0, 0.0, 1.0, 1.0, 0.0, 1.0, 4096.0, 9.0] 0
[1.0, 1.0, 0.0, 1.0, 0.0, 0.0, 0.0, 0.0, 1.0, 0.0, 1.0, 1.0, 1.0, 0.0, 2048.0, 0.0] 0
[1.0, 1.0, 1.0, 0.0, 0.0, 0.0, 0.0, 1.0, 0.0, 0.0, 0.0, 1.0, 0.0, 1.0, 1024.0, 5.0] 0
[1.0, 1.0, 1.0, 0.0, 0.0, 0.0, 1.0, 1.0, 0.0, 0.0, 0.0, 1.0, 1.0, 0.0, 4096.0, 1.0] 0
[1.0, 1.0, 0.0, 1.0, 1.0, 0.0, 0.0, 0.0, 1.0, 0.0, 1.0, 1.0, 0.0, 1.0, 4096.0, 0.0] 0
[1.0, 1.0, 0.0, 1.0, 0.0, 0.0, 1.0, 1.0, 0.0, 0.0, 1.0, 1.0, 0.0, 1.0, 4096.0, 1.0] 0.049636363636364436
[1.0, 1.0, 0.0, 1.0, 1.0, 0.0, 0.0, 1.0, 0.0, 0.0, 0.0, 1.0, 0.0, 1.0, 2048.0, 1.0] 0
[1.0, 1.0, 0.0, 1.0, 0.0, 1.0, 0.0, 1.0, 0.0, 0.0, 1.0, 1.0, 1.0, 0.0, 512.0, 1.0] 0
[1.0, 1.0, 1.0, 0.0, 0.0, 0.0, 0.0, 1.0, 0.0, 0.0, 1.0, 1.0, 1.0, 0.0, 2048.0, 5.0] 0
[1, 1, 1, 0, 0, 0, 0, 1, 0, 0, 1, 1, 0, 1, 2048, 9] 0.33211249999999676
[1.0, 1.0, 0.0, 1.0, 0.0, 0.0, 0.0, 1.0, 0.0, 0.0, 0.0, 1.0, 1.0, 0.0, 1024.0, 1.0] 0
[1.0, 1.0, 0.0, 1.0, 0.0, 1.0, 1.0, 0.0, 1.0, 0.0, 0.0, 1.0, 0.0, 1.0, 2048.0, 0.0] 0
[1.0, 1.0, 1.0, 0.0, 0.0, 0.0, 0.0, 1.0, 0.0, 0.0, 0.0, 1.0, 0.0, 1.0, 1024.0, 5.0] 0.4522499999999938
[1.0, 1.0, 0.0, 1.0, 1.0, 0.0, 1.0, 1.0, 0.0, 0.0, 0.0, 1.0, 0.0, 1.0, 512.0, 5.0] 0
[1.0, 1.0, 0.0, 1.0, 0.0, 1.0, 0.0, 1.0, 0.0, 0.0, 1.0, 1.0, 1.0, 0.0, 1024.0, 9.0] 0
[1, 1, 0, 1, 0, 0, 0, 0, 1, 0, 1, 1, 1, 0, 2048, 0] 0
[1.0, 1.0, 1.0, 0.0, 0.0, 0.0, 1.0, 0.0, 1.0, 0.0, 0.0, 1.0, 1.0, 0.0, 512.0, 0.0] 0
[1.0, 1.0, 0.0, 1.0, 1.0, 0.0, 1.0, 1.0, 0.0, 0.0, 0.0, 1.0, 0.0, 1.0, 4096.0, 5.0] 0
[1, 1, 0, 1, 1, 0, 1, 1, 0, 0, 1, 1, 1, 0, 4096, 5] 0
[1, 1, 0, 1, 1, 0, 1, 1, 0, 0, 1, 1, 1, 0, 1024, 9] 0
[1.0, 1.0, 0.0, 1.0, 0.0, 0.0, 1.0, 1.0, 0.0, 0.0, 1.0, 1.0, 0.0, 1.0, 4096.0, 1.0] 0
[1, 1, 1, 0, 0, 0, 1, 1, 0, 0, 1, 1, 0, 1, 2048, 9] 0.6858750000000036
[1.0, 1.0, 1.0, 0.0, 0.0, 0.0, 0.0, 1.0, 0.0, 0.0, 0.0, 1.0, 0.0, 1.0, 1024.0, 5.0] 0
[1, 1, 1, 0, 0, 0, 1, 1, 0, 0, 1, 1, 1, 0, 4096, 9] 0.622875000000001
[1, 1, 0, 1, 1, 0, 0, 1, 0, 0, 1, 1, 1, 0, 2048, 9] 0
[1, 1, 1, 0, 0, 0, 0, 1, 0, 0, 0, 1, 0, 1, 2048, 9] 0.052545454545448955
[1, 1, 0, 1, 0, 1, 0, 1, 0, 0, 1, 1, 1, 0, 2048, 9] 0
[1, 1, 0, 1, 0, 1, 1, 1, 0, 0, 0, 1, 0, 1, 4096, 9] 0.4142750000000014
[1.0, 1.0, 0.0, 1.0, 0.0, 1.0, 1.0, 0.0, 1.0, 0.0, 0.0, 1.0, 0.0, 1.0, 2048.0, 0.0] 0
[1.0, 1.0, 1.0, 0.0, 0.0, 0.0, 1.0, 1.0, 0.0, 0.0, 0.0, 1.0, 1.0, 0.0, 4096.0, 1.0] 0
[1, 1, 0, 1, 1, 0, 1, 1, 0, 0, 1, 1, 1, 0, 4096, 5] 0
[1.0, 1.0, 1.0, 0.0, 0.0, 0.0, 0.0, 1.0, 0.0, 0.0, 0.0, 1.0, 0.0, 1.0, 1024.0, 5.0] 0.4522499999999938
[1.0, 1.0, 0.0, 1.0, 1.0, 0.0, 0.0, 0.0, 1.0, 0.0, 1.0, 1.0, 0.0, 1.0, 4096.0, 0.0] 0
[1.0, 1.0, 0.0, 1.0, 1.0, 0.0, 1.0, 1.0, 0.0, 0.0, 0.0, 1.0, 0.0, 1.0, 4096.0, 5.0] 0
[1.0, 1.0, 0.0, 1.0, 1.0, 0.0, 1.0, 1.0, 0.0, 0.0, 0.0, 1.0, 0.0, 1.0, 512.0, 5.0] 0
[1.0, 1.0, 0.0, 1.0, 0.0, 0.0, 0.0, 1.0, 0.0, 0.0, 0.0, 1.0, 0.0, 1.0, 512.0, 1.0] 0
[1, 1, 1, 0, 0, 0, 0, 1, 0, 0, 1, 1, 0, 1, 2048, 9] 0.33211249999999676
[1.0, 1.0, 1.0, 0.0, 0.0, 0.0, 0.0, 1.0, 0.0, 0.0, 0.0, 1.0, 0.0, 1.0, 1024.0, 5.0] 0
[1.0, 1.0, 0.0, 1.0, 0.0, 1.0, 0.0, 1.0, 0.0, 0.0, 1.0, 1.0, 1.0, 0.0, 1024.0, 9.0] 0
[1.0, 1.0, 0.0, 1.0, 0.0, 0.0, 0.0, 1.0, 0.0, 0.0, 0.0, 1.0, 1.0, 0.0, 1024.0, 1.0] 0
[1.0, 1.0, 0.0, 1.0, 0.0, 0.0, 0.0, 0.0, 1.0, 0.0, 1.0, 1.0, 1.0, 0.0, 2048.0, 0.0] 0
[1.0, 1.0, 0.0, 1.0, 0.0, 0.0, 1.0, 1.0, 0.0, 0.0, 1.0, 1.0, 0.0, 1.0, 4096.0, 1.0] 0.049636363636364436
[1.0, 1.0, 0.0, 1.0, 1.0, 0.0, 0.0, 1.0, 0.0, 0.0, 1.0, 1.0, 0.0, 1.0, 4096.0, 9.0] 0
[1.0, 1.0, 0.0, 1.0, 0.0, 1.0, 0.0, 1.0, 0.0, 0.0, 1.0, 1.0, 1.0, 0.0, 512.0, 1.0] 0
[1, 1, 0, 1, 0, 0, 0, 0, 1, 0, 1, 1, 1, 0, 2048, 0] 0
[1.0, 1.0, 0.0, 1.0, 1.0, 0.0, 0.0, 1.0, 0.0, 0.0, 0.0, 1.0, 0.0, 1.0, 2048.0, 1.0] 0
[1.0, 1.0, 1.0, 0.0, 0.0, 0.0, 0.0, 1.0, 0.0, 0.0, 1.0, 1.0, 1.0, 0.0, 2048.0, 5.0] 0
[1, 1, 0, 1, 1, 0, 1, 1, 0, 0, 1, 1, 1, 0, 1024, 9] 0
[1.0, 1.0, 1.0, 0.0, 0.0, 0.0, 1.0, 1.0, 0.0, 0.0, 1.0, 1.0, 1.0, 0.0, 1024.0, 9.0] 0
[1.0, 1.0, 1.0, 0.0, 0.0, 0.0, 1.0, 0.0, 1.0, 0.0, 0.0, 1.0, 1.0, 0.0, 512.0, 0.0] 0
