[1, 0, 0, 0.0, 0, 0, 4, 0.0, 2, 8, 8.0, 0, 19707.8] 0.9420341463414633
[1, 0, 0, 0, 0, 0, 4, 0, 2, 8, 8.0, 0, 19707.8] 0.9420341463414633
[1, 0.0, 0.0, 0, 0, 0, 3, 0, 2, 8, 8, 0, 19692.2] 0.9408926829268294
[1.0, 0.0, 0, 0, 0.0, 0, 4, 0.0, 2, 8, 8, 0, 19707.8] 0.9420341463414633
[1.0, 0, 0, 0.0, 0.0, 0, 4, 0, 2, 8.0, 8, 0, 19707.8] 0.9420341463414633
[1, 0, 0, 0, 0, 0, 3, 0, 1, 8, 8, 128, 19583.4] 0.9329317073170733
[1, 0, 0, 0, 0, 0, 4, 0, 2, 8, 8, 0, 19707.8] 0.9420341463414633
[1, 0.0, 0, 0.0, 0, 0.0, 4, 0, 2, 8.0, 8, 0.0, 19707.8] 0.9420341463414633
[1, 0, 0, 0.0, 0.0, 0.0, 4.0, 0.0, 2, 8.0, 8, 0.0, 19707.8] 0.9420341463414633
[1.0, 0, 0, 0.0, 0.0, 0.0, 3, 0, 1, 8.0, 8, 64, 19555.0] 0.9308536585365854
[1, 0, 1.0, 1, 1, 0, 2, 0, 1, 8, 8, 0, 16447.8] 0.7034975609756097
[1, 0, 0, 0.0, 0, 0, 4, 0.0, 2, 8, 8, 0, 19707.8] 0.9420341463414633
[1, 0, 0, 0, 0, 0.0, 3, 0, 2, 8, 8.0, 0, 19692.2] 0.9408926829268294
[1, 0, 0, 0, 0, 0, 4, 0, 2, 8, 8, 0, 19707.8] 0.9420341463414633
[1, 0.0, 0, 0.0, 0, 0, 4, 0, 2.0, 8.0, 8, 0.0, 19707.8] 0.9420341463414633
[1, 0, 0, 0, 0.0, 0, 4, 0.0, 2, 8, 8, 0, 19707.8] 0.9420341463414633
[1.0, 0.0, 0.0, 0, 0, 0, 4, 0.0, 2, 8, 8.0, 0, 19707.8] 0.9420341463414633
[1.0, 0, 0, 0.0, 0, 0, 4, 0.0, 2, 8, 8, 0.0, 19707.8] 0.9420341463414633
[1, 0, 0, 0, 0.0, 0.0, 4, 0.0, 2, 8, 8, 0, 19707.8] 0.9420341463414633
[1, 0, 0, 0, 0.0, 0, 3.0, 0.0, 2, 8, 8, 32, 18826.2] 0.8775268292682927
[1, 0, 0, 0.0, 0, 0, 4, 0, 2, 8, 8, 0.0, 19707.8] 0.9420341463414633
[1, 0, 0, 0, 0, 0, 3, 0.0, 2, 8.0, 8, 0, 19692.2] 0.9408926829268294
[1, 0.0, 0, 0.0, 0, 0.0, 4, 0, 2.0, 8.0, 8, 0, 19707.8] 0.9420341463414633
[1, 0.0, 0, 0, 0.0, 0, 4, 0, 2.0, 8, 8, 0, 19707.8] 0.9420341463414633
[1, 0.0, 0, 0.0, 0, 0.0, 4, 0, 2, 8, 8, 0, 19707.8] 0.9420341463414633
[1, 0.0, 0.0, 0, 0.0, 0, 4, 0, 2, 8, 8, 0, 19707.8] 0.9420341463414633
[1, 0.0, 0, 0, 0, 0, 4, 0.0, 2, 8.0, 8, 0, 19707.8] 0.9420341463414633
[1, 0, 0.0, 0.0, 0, 0, 4, 0, 2, 8.0, 8, 0, 19707.8] 0.9420341463414633
[1, 0, 1.0, 1.0, 1, 1, 3.0, 0.0, 2.0, 8.0, 8.0, 0, 16305.0] 0.6208333333333333
[1, 0, 0.0, 0.0, 0, 0.0, 3, 0.0, 1.0, 8, 10, 0.0, 18899.0] 0.8828536585365854
