[0.0, 1.0, 1.0, 1.0, 1.0, 1, 1.0, 1.0, 1.0, 1.0, 1.0, 0.0, 170.2764871] 0.9765360324727073
[0.0, 1.0, 0, 1.0, 1.0, 1.0, 1.0, 1.0, 1.0, 1.0, 1.0, 1.0, 169.8953624] 0.9699888299354367
[1.0, 0.0, 1.0, 0.0, 1.0, 0.0, 1.0, 0.0, 1.0, 1.0, 1.0, 0.0, 16.58548737] 0
[1.0, 1.0, 1.0, 1.0, 1.0, 1.0, 1.0, 1.0, 1.0, 1.0, 0.0, 0.0, 169.639502] 0.9655934972265694
[0.0, 1.0, 1, 1.0, 1.0, 1.0, 0.0, 1.0, 1.0, 1.0, 0.0, 0.0, 125.0409369] 0.025308555546544827
[1.0, 0.0, 0.0, 1.0, 1.0, 1.0, 0.0, 1.0, 0.0, 0.0, 0.0, 0.0, 58.54216123] 0
[0.0, 1.0, 1.0, 1.0, 1.0, 1.0, 1.0, 1.0, 1.0, 1.0, 1.0, 1.0, 169.8049326] 0.9684353693069208
[0.0, 1.0, 1, 1.0, 0.0, 1, 1.0, 1.0, 1.0, 1.0, 1, 1.0, 125.0057473] 0.023984611524768024
[0.0, 0.0, 0.0, 0.0, 0.0, 1.0, 0.0, 0.0, 1.0, 0.0, 0.0, 0.0, 2.464471102] 0
[1.0, 1.0, 1.0, 1.0, 0.0, 0.0, 1.0, 1.0, 1.0, 0.0, 1.0, 0.0, 69.98096538] 0
[0.0, 1.0, 1.0, 1.0, 1.0, 1.0, 1.0, 1.0, 1.0, 1.0, 1, 0.0, 170.2764871] 0.9765360324727073
[0.0, 0.0, 0.0, 0.0, 0.0, 1.0, 1.0, 0.0, 1.0, 0.0, 0.0, 0.0, 3.123730183] 0
[0.0, 1.0, 1.0, 1, 1.0, 1.0, 0.0, 1, 1.0, 0, 1.0, 0, 124.9958396] 0.023611852522547095
[0.0, 1.0, 1.0, 1.0, 1.0, 1, 1.0, 0.0, 0.0, 0.0, 1.0, 0.0, 171.6423678] 1.0
[0.0, 1.0, 0, 1.0, 1.0, 1.0, 1.0, 0.0, 1.0, 1, 0.0, 1.0, 171.1972303] 0.9923531448645697
[1.0, 1.0, 0.0, 0.0, 0.0, 0.0, 0.0, 1.0, 1.0, 0.0, 1.0, 1.0, 32.16589665] 0
[0.0, 1, 0.0, 1.0, 1, 1.0, 1, 0.0, 0.0, 0.0, 0.0, 1.0, 171.4235804] 0.9962415308679735
[0.0, 1.0, 0, 1.0, 1.0, 1.0, 1.0, 1.0, 0.0, 0.0, 1.0, 0.0, 170.735281] 0.9844174859344333
[1.0, 1.0, 1.0, 1.0, 1.0, 1.0, 1.0, 0.0, 1.0, 0.0, 1.0, 1, 169.8158512] 0.9686229359632498
[0.0, 0.0, 1.0, 0.0, 1.0, 1.0, 0.0, 0.0, 0.0, 1.0, 1.0, 1.0, 30.52079368] 0
[1.0, 0.0, 0.0, 1.0, 0.0, 0.0, 0.0, 0.0, 1.0, 1.0, 0.0, 1.0, 31.21130991] 0
[0.0, 1, 0.0, 1.0, 1, 1, 1.0, 0.0, 0.0, 0, 0.0, 1.0, 171.4235804] 0.9962415308679735
[1.0, 1.0, 0.0, 0.0, 1.0, 1.0, 1.0, 1.0, 0.0, 0.0, 1.0, 0.0, 65.24552107] 0
[0, 1.0, 1.0, 1.0, 1, 1.0, 1, 0, 0.0, 0, 0.0, 1.0, 171.5690527] 0.9987405465750704
[0.0, 0.0, 0.0, 1.0, 0.0, 1.0, 1.0, 1.0, 0.0, 1.0, 0.0, 0.0, 98.64186454] 0
[0, 1.0, 1.0, 1.0, 1.0, 1.0, 1.0, 0.0, 0.0, 0, 0.0, 0.0, 171.3028867] 0.9941681777138152
[1.0, 1.0, 0.0, 1.0, 1.0, 1.0, 1.0, 1.0, 0, 1.0, 1.0, 0, 169.7495425] 0.9674838429344244
[0.0, 0.0, 0.0, 1.0, 1.0, 1.0, 0.0, 1.0, 0.0, 1.0, 0.0, 0.0, 59.05579805] 0
[1.0, 1, 0.0, 1.0, 1, 1.0, 1.0, 0.0, 1.0, 0.0, 1.0, 1.0, 170.3253386] 0.9773752346150758
[0.0, 1.0, 0.0, 1.0, 1.0, 1.0, 1.0, 1, 1.0, 0.0, 0.0, 0.0, 170.6651847] 0.9832133271034438
