[0, 1.0, 1.0, 1.0, 1.0, 1, 1.0, 1.0, 0.0, 1.0, 0.0, 1.0, 170.3886647] 0.9784630906438122
[0.0, 0.0, 0.0, 1.0, 1.0, 0.0, 0.0, 1.0, 1.0, 1.0, 0.0, 0.0, 36.27873731] 0
[1.0, 1.0, 0, 1, 1.0, 1, 1.0, 0.0, 0, 1.0, 0.0, 1.0, 170.3418882] 0.977659534171391
[1.0, 1.0, 0, 1.0, 1.0, 1.0, 1, 0.0, 1.0, 0.0, 1.0, 1.0, 170.3253386] 0.9773752346150758
[0.0, 1.0, 1.0, 0.0, 1.0, 1.0, 1.0, 1.0, 0.0, 1.0, 0.0, 0.0, 8.557540894] 0
[0.0, 1.0, 0, 1.0, 1.0, 1.0, 1.0, 0.0, 0.0, 0.0, 0.0, 1.0, 171.4235804] 0.9962415308679735
[1.0, 0.0, 0.0, 0.0, 1.0, 0.0, 1.0, 1.0, 0.0, 0.0, 0.0, 0.0, 16.42365909] 0
[0.0, 1.0, 1.0, 1, 1.0, 1, 1.0, 1, 0.0, 1, 1.0, 0.0, 170.2567158] 0.9761963885044073
[0, 1.0, 0.0, 1.0, 1.0, 1.0, 1.0, 0.0, 1.0, 1.0, 0.0, 1.0, 171.1972303] 0.9923531448645697
[0.0, 1.0, 1.0, 1.0, 1.0, 1.0, 1, 1, 1, 0.0, 0, 1.0, 170.5469792] 0.9811827178316772
[0.0, 1.0, 0.0, 1.0, 1.0, 1, 1, 0.0, 0.0, 1.0, 0.0, 0.0, 170.2871644] 0.9767194539241408
[0.0, 1.0, 1.0, 1.0, 1, 1.0, 1.0, 0.0, 0, 1.0, 0.0, 0.0, 170.2257285] 0.9756640689533964
[0.0, 1.0, 1.0, 1.0, 1.0, 1.0, 1, 0, 1.0, 0.0, 1.0, 0.0, 170.2916942] 0.9767972697100328
[1.0, 1.0, 0.0, 0.0, 0.0, 1.0, 0.0, 1.0, 1.0, 1.0, 0.0, 1.0, 46.31775928] 0
[0.0, 0.0, 0.0, 1.0, 0.0, 1.0, 0.0, 1.0, 1.0, 1.0, 0.0, 0.0, 53.57447648] 0
[0.0, 1.0, 1.0, 1.0, 1.0, 1.0, 1, 0.0, 0.0, 0.0, 1.0, 0.0, 171.6423678] 1.0
[0, 1, 0.0, 1.0, 1.0, 1.0, 0.0, 1.0, 0.0, 0.0, 1.0, 1.0, 124.7568684] 0.014621000349838846
[1.0, 1.0, 1.0, 1.0, 0.0, 0.0, 0.0, 1.0, 1.0, 0.0, 0.0, 1.0, 55.23287129] 0
[1.0, 1.0, 0.0, 1.0, 1.0, 1.0, 0.0, 1.0, 0.0, 1.0, 1.0, 1.0, 123.3091505] 0
[0.0, 1.0, 0.0, 1.0, 1.0, 1.0, 1.0, 1.0, 1.0, 0.0, 0.0, 0.0, 170.6651847] 0.9832133271034438
[0.0, 1, 1.0, 1.0, 1.0, 1.0, 1.0, 1, 0.0, 0.0, 1.0, 0.0, 169.5056827] 0.9632946641661674
[1.0, 1.0, 0, 1.0, 1, 1.0, 1.0, 0.0, 1.0, 0, 0.0, 0, 170.2000723] 0.9752233304293993
[0.0, 1.0, 0.0, 0.0, 1.0, 1.0, 0.0, 1.0, 0.0, 1.0, 0.0, 0.0, 61.05728316] 0
[0.0, 1.0, 0, 1.0, 1.0, 1, 1.0, 1.0, 1.0, 0.0, 1.0, 1.0, 170.4742329] 0.979933035614972
[1.0, 1.0, 0.0, 0.0, 1.0, 0.0, 1.0, 1.0, 1.0, 1.0, 1.0, 1.0, 47.31587982] 0
[0, 1.0, 0.0, 1.0, 1, 1.0, 1.0, 0.0, 1, 0.0, 0, 1.0, 170.4570768] 0.9796383172158506
[0.0, 1, 1.0, 1.0, 1.0, 1.0, 1.0, 0.0, 0, 0.0, 0, 0.0, 171.3028867] 0.9941681777138152
[1.0, 1, 0.0, 1.0, 1.0, 1, 1.0, 0.0, 1.0, 1.0, 1.0, 1.0, 170.2500155] 0.9760812864888189
[1.0, 1.0, 0.0, 1.0, 1.0, 1.0, 1.0, 0.0, 1.0, 0.0, 1, 1, 170.3253386] 0.9773752346150758
[0.0, 1.0, 1.0, 1.0, 1, 1.0, 1.0, 0, 0.0, 0.0, 1.0, 1.0, 170.6176486] 0.9823967217390265
