[1.0, 1, 1.0, 0, 0, 0.0, 0.0, 1, 0, 0.0, 1.0, 1.0, 1.0, 0.0, 1.0, 0, 0.0, 0.0, 0.0, 0.0, 1.0, 0.0, 0.0, 1, 0.0, 0, 0.0, 1, 0.0, 0, 0.0, 4685.064] 0.7985775238095238
[1, 0.0, 0.0, 0.0, 0.0, 0.0, 0.0, 1, 1.0, 0, 0.0, 1.0, 1.0, 1.0, 1.0, 0.0, 0, 0.0, 0.0, 0.0, 0, 0.0, 1.0, 1.0, 0.0, 1.0, 0, 1, 0.0, 0.0, 0.0, 2865.028] 0.625240761904762
[1.0, 1, 1, 0.0, 1, 0, 0, 1, 0, 0.0, 0, 1.0, 1, 1.0, 0, 0.0, 0.0, 0, 0, 0, 1.0, 0.0, 0.0, 1.0, 0.0, 0, 0, 1, 0.0, 0.0, 0.0, 4727.22] 0.8226561459581838
[1.0, 1.0, 1.0, 1.0, 0.0, 0.0, 0.0, 1.0, 0.0, 0.0, 0, 1.0, 1.0, 1, 0.0, 0.0, 0.0, 1.0, 1.0, 0.0, 0.0, 1.0, 0.0, 1, 0.0, 0.0, 0.0, 0.0, 0.0, 0.0, 0.0, 4318.426] 0.7636596190476191
[1.0, 1, 1.0, 0.0, 1.0, 0, 0, 1.0, 0.0, 0.0, 0.0, 1.0, 1.0, 1.0, 0, 0.0, 0.0, 0.0, 0, 0.0, 1.0, 0.0, 0.0, 1.0, 0.0, 1.0, 0, 0.0, 0.0, 0.0, 0.0, 3742.512] 0.7088106666666667
[1.0, 0.0, 0.0, 0.0, 1.0, 0.0, 0.0, 1.0, 1.0, 0.0, 0.0, 1.0, 1.0, 0.0, 1.0, 0.0, 0.0, 0.0, 0.0, 0.0, 0.0, 0.0, 1.0, 1.0, 0.0, 1.0, 0.0, 1.0, 0.0, 0.0, 0.0, 2892.104] 0.6278194285714286
[1.0, 1.0, 1, 1.0, 0.0, 1.0, 0.0, 1.0, 1.0, 1.0, 1.0, 0.0, 1.0, 1.0, 0, 1.0, 0.0, 1, 0.0, 0.0, 0.0, 1.0, 0.0, 0.0, 0.0, 0.0, 0.0, 0.0, 0.0, 1.0, 0.0, 177.226] 0.08562147841882528
[1.0, 0.0, 1.0, 0.0, 0.0, 1, 1.0, 0.0, 0, 0.0, 0.0, 1.0, 1, 0, 0, 0.0, 0.0, 0.0, 0.0, 0.0, 1.0, 0.0, 0.0, 0.0, 0, 0, 0.0, 0, 0, 0, 0.0, 2013.986] 0.5441891428571429
[1, 0.0, 1, 0.0, 1.0, 0, 0.0, 1.0, 0, 0.0, 0, 1.0, 1.0, 1, 0.0, 0.0, 0.0, 0, 0.0, 0.0, 0.0, 0.0, 1.0, 1, 0.0, 1.0, 0, 1, 0.0, 0.0, 0.0, 4065.202] 0.7395430476190477
[1, 1, 0.0, 1.0, 0.0, 0, 0, 0, 0.0, 0.0, 0.0, 1.0, 1.0, 0.0, 0.0, 0.0, 0, 0.0, 0.0, 0.0, 1.0, 0.0, 0.0, 1.0, 0.0, 0.0, 0.0, 0.0, 0.0, 0.0, 0.0, 2777.668] 0.616920761904762
[1.0, 0.0, 0.0, 0.0, 1.0, 0.0, 0.0, 1.0, 1.0, 0.0, 1.0, 1.0, 1.0, 1.0, 1.0, 0.0, 0.0, 0.0, 0.0, 0.0, 1.0, 0.0, 0.0, 1.0, 0.0, 0.0, 0.0, 0.0, 0.0, 0.0, 0.0, 2801.35] 0.6191761904761905
[1, 0, 1, 0.0, 1, 0.0, 0, 1.0, 0.0, 0.0, 1, 1.0, 1, 0.0, 1.0, 0, 0, 0.0, 0.0, 0.0, 0.0, 0, 1, 1, 0.0, 0, 0, 1.0, 0.0, 0, 0.0, 4050.336] 0.7381272380952382
[1.0, 0.0, 0.0, 0.0, 1.0, 0.0, 1.0, 0.0, 0.0, 0.0, 0.0, 1.0, 1.0, 1.0, 1.0, 0.0, 0.0, 0.0, 0.0, 0.0, 0.0, 1.0, 0.0, 0.0, 0.0, 0.0, 0.0, 0.0, 0.0, 0.0, 0.0, 1484.698] 0.49378076190476194
[1.0, 0.0, 0, 1, 0.0, 0.0, 0.0, 0.0, 0, 1.0, 0.0, 0, 1.0, 0, 0.0, 0.0, 0, 0, 0.0, 0.0, 0.0, 1.0, 0.0, 1, 0, 0.0, 0.0, 0.0, 0.0, 0.0, 0.0, 642.614] 0.41358228571428574
[1.0, 0.0, 0.0, 0.0, 0.0, 0.0, 0, 1.0, 1, 0.0, 1.0, 1.0, 1.0, 1.0, 1.0, 1.0, 0, 1.0, 1.0, 0, 0.0, 0.0, 1.0, 1.0, 0.0, 0.0, 0.0, 0.0, 0.0, 0.0, 0.0, 2539.962] 0.5942820952380953
[1.0, 0.0, 1.0, 0.0, 0.0, 0.0, 1.0, 0.0, 0.0, 0.0, 0.0, 1.0, 1.0, 0.0, 0.0, 0.0, 0.0, 0.0, 0.0, 0.0, 0.0, 1.0, 0.0, 0.0, 0.0, 0.0, 0.0, 0.0, 0.0, 0.0, 0.0, 1930.714] 0.5362584761904762
[1, 0, 1, 0.0, 1.0, 0.0, 0.0, 1.0, 0.0, 0.0, 0.0, 1.0, 1.0, 1, 1.0, 0.0, 0.0, 0.0, 0.0, 0.0, 1.0, 0.0, 0.0, 1.0, 0, 0.0, 0.0, 1.0, 0.0, 0.0, 0.0, 4698.032] 0.7998125714285715
[1.0, 1.0, 1.0, 0.0, 0.0, 0.0, 0.0, 1.0, 0.0, 0.0, 1.0, 1, 1.0, 0.0, 1.0, 0.0, 0.0, 0.0, 0.0, 0.0, 1, 0.0, 0.0, 1, 0, 0.0, 0, 1, 0.0, 0.0, 0, 4685.064] 0.7985775238095238
[1.0, 0.0, 1.0, 1.0, 0.0, 1.0, 0.0, 1.0, 1.0, 0.0, 1.0, 1.0, 1.0, 1.0, 1.0, 1.0, 0.0, 1.0, 0.0, 0.0, 1.0, 0.0, 0.0, 1.0, 0.0, 0.0, 0.0, 0.0, 0.0, 0.0, 0.0, 3686.444] 0.7034708571428572
[1.0, 0.0, 0.0, 0.0, 0.0, 0.0, 0.0, 1.0, 1.0, 0.0, 1.0, 1.0, 1.0, 1.0, 0.0, 0.0, 0.0, 0.0, 0.0, 0.0, 0.0, 0.0, 1.0, 1.0, 0.0, 1.0, 0.0, 1.0, 0.0, 0.0, 0.0, 2873.862] 0.6260820952380953
[1.0, 0.0, 0.0, 0.0, 0.0, 0.0, 0.0, 0.0, 0.0, 0.0, 0.0, 1.0, 1.0, 0.0, 0.0, 0.0, 0.0, 0.0, 1.0, 0.0, 0.0, 1.0, 0.0, 1.0, 0.0, 0.0, 0.0, 0.0, 0.0, 0.0, 0.0, 2969.388] 0.6351798095238096
[1.0, 1.0, 0.0, 0, 1.0, 0.0, 0, 1, 0.0, 0.0, 0.0, 1.0, 1.0, 1.0, 1.0, 1, 0.0, 0, 0.0, 0.0, 0.0, 1.0, 0.0, 1.0, 0.0, 0, 0.0, 0.0, 0.0, 0.0, 0.0, 3117.156] 0.6492529523809525
[1.0, 0.0, 0.0, 0.0, 0.0, 0.0, 0.0, 0.0, 0.0, 0.0, 0.0, 1.0, 1.0, 0.0, 0.0, 0.0, 0.0, 1.0, 0.0, 0.0, 1.0, 0.0, 0.0, 1.0, 0.0, 0.0, 0.0, 0.0, 0.0, 0.0, 0.0, 2716.862] 0.6111297142857144
[1.0, 1, 1.0, 0, 1.0, 1.0, 1.0, 0.0, 1.0, 0.0, 0.0, 1.0, 1.0, 0.0, 1.0, 1.0, 0.0, 1.0, 1.0, 0.0, 0.0, 1.0, 0.0, 0.0, 0.0, 1.0, 0.0, 0.0, 0.0, 0.0, 0.0, 2330.43] 0.5743266666666667
[1.0, 0.0, 1.0, 0.0, 0.0, 0.0, 0.0, 0.0, 0.0, 0.0, 0.0, 1.0, 1.0, 0.0, 0.0, 0.0, 0.0, 0.0, 0.0, 0.0, 1.0, 0.0, 0.0, 1.0, 0.0, 0.0, 0.0, 0.0, 0.0, 0.0, 0.0, 3605.418] 0.6957540952380953
[1.0, 0, 1.0, 0.0, 0.0, 0.0, 1.0, 0.0, 0.0, 0.0, 0.0, 1, 1.0, 0, 0, 0.0, 0.0, 0.0, 0.0, 0.0, 0, 0.0, 1.0, 0, 0.0, 0, 0.0, 0.0, 0.0, 0.0, 0.0, 1804.0] 0.5241904761904762
[1, 1.0, 1, 0.0, 0, 0, 0.0, 1.0, 1.0, 0.0, 0, 1, 1.0, 1, 0.0, 0.0, 0.0, 0, 0.0, 0.0, 1.0, 0, 0.0, 1.0, 0.0, 0, 0.0, 1.0, 0.0, 0.0, 0.0, 4728.254] 0.823516779864163
[1.0, 0, 0.0, 0.0, 1, 0.0, 0.0, 1.0, 0.0, 0.0, 0.0, 1.0, 1.0, 1.0, 1.0, 1.0, 0.0, 0.0, 0.0, 0.0, 0.0, 1.0, 0.0, 1.0, 0, 1.0, 0.0, 0.0, 0.0, 0.0, 0.0, 3118.216] 0.6493539047619048
[1, 0.0, 1, 1.0, 0, 0, 0.0, 0, 1, 0.0, 0.0, 1.0, 1, 0, 0, 0, 0, 0.0, 0.0, 0.0, 0.0, 0.0, 1.0, 1.0, 0.0, 0.0, 0.0, 0, 0.0, 0.0, 0.0, 3184.782] 0.6556935238095238
[1.0, 1.0, 1.0, 1.0, 0.0, 1.0, 1.0, 1.0, 0.0, 0.0, 1.0, 1.0, 1.0, 1.0, 1.0, 1.0, 0.0, 0.0, 0.0, 0.0, 0.0, 0.0, 1.0, 0.0, 0.0, 1.0, 0.0, 0.0, 0.0, 0.0, 0.0, 1847.124] 0.5282975238095239
