[1, 0, 0, 0.0, 0, 0.0, 4, 0.0, 2.0, 8.0, 8.0, 0, 19707.8] 0.9791285714285713
[1, 0, 0, 0.0, 0.0, 0.0, 4, 0, 2.0, 8.0, 8, 0, 19707.8] 0.9791285714285713
[1, 0.0, 0, 0.0, 0.0, 0, 4, 0, 2.0, 8.0, 8, 0, 19707.8] 0.9791285714285713
[1.0, 0, 1.0, 1.0, 1, 0, 1, 0.0, 1, 8, 8, 0, 16523.4] 0.7516714285714287
[1.0, 0, 0.0, 0.0, 0.0, 0.0, 3, 0.0, 1, 8.0, 8.0, 64.0, 19555.0] 0.9682142857142857
[1.0, 0, 0, 0, 0, 0.0, 3, 0, 1, 8.0, 8, 0, 19673.8] 0.9766999999999999
[1, 0.0, 1, 1.0, 1.0, 0.0, 3, 0, 1, 8.0, 8, 0, 16281.4] 0.7343857142857142
[1, 0.0, 0, 0, 0, 0, 4, 0.0, 2, 8, 8, 0, 19707.8] 0.9791285714285713
[1, 0, 0, 0, 0.0, 0, 3, 0.0, 2.0, 8.0, 8.0, 0.0, 19692.2] 0.9780142857142857
[1, 0, 0, 0.0, 0.0, 0, 3, 0.0, 1.0, 10, 10.0, 0, 16004.4] 0.7145999999999999
[1.0, 0, 0, 0.0, 0, 0, 3, 0.0, 2, 8.0, 8.0, 0, 19692.2] 0.9780142857142857
[1, 0.0, 0.0, 0, 0.0, 0.0, 4.0, 0.0, 2, 8, 8, 0, 19707.8] 0.9791285714285713
[1.0, 0.0, 0.0, 0.0, 0.0, 0.0, 4, 0, 2, 8.0, 8.0, 0.0, 19707.8] 0.9791285714285713
[1, 0.0, 0, 0.0, 0, 0, 4, 0.0, 2.0, 8.0, 8, 0, 19707.8] 0.9791285714285713
[1, 0, 0, 0, 0, 0, 3, 0.0, 2.0, 8, 8.0, 0, 19692.2] 0.9780142857142857
[1, 0.0, 0, 0.0, 0.0, 0, 3, 0, 1, 8.0, 8, 0, 19673.8] 0.9766999999999999
[1, 0, 1, 1, 1, 0, 1, 0, 1, 8, 8.0, 0, 16523.4] 0.7516714285714287
[1, 0, 0, 0, 0, 0, 4, 0, 2.0, 8.0, 8, 128, 19600.2] 0.9714428571428572
[1, 0, 0, 0, 0, 0.0, 3, 0.0, 2, 8.0, 8, 64, 19541.8] 0.9672714285714286
[1, 0.0, 0.0, 0, 0, 0.0, 3, 0.0, 1.0, 8, 8, 0, 19673.8] 0.9766999999999999
[1, 0.0, 0, 0.0, 0, 0, 4, 0.0, 2.0, 8, 8.0, 0, 19707.8] 0.9791285714285713
[1.0, 0, 0.0, 0.0, 0.0, 0.0, 4.0, 0.0, 2, 8, 8.0, 0.0, 19707.8] 0.9791285714285713
[1.0, 0.0, 0.0, 0.0, 0, 0.0, 4, 0, 2.0, 8, 8, 0, 19707.8] 0.9791285714285713
[1, 0, 0.0, 0.0, 0.0, 0, 4, 0, 2, 8.0, 8.0, 0, 19707.8] 0.9791285714285713
[1, 0, 0, 0, 0.0, 0, 3, 0, 2, 8.0, 8, 0, 19692.2] 0.9780142857142857
[1, 0, 0, 0.0, 0, 0.0, 3, 0, 1, 8, 10, 0.0, 18899.0] 0.9213571428571429
[1, 0.0, 0.0, 0.0, 0.0, 0, 3, 0.0, 1.0, 8, 8, 0, 19673.8] 0.9766999999999999
[1, 0, 0.0, 0.0, 0, 0.0, 3.0, 0.0, 2, 8.0, 8, 0, 19692.2] 0.9780142857142857
[1, 0, 0, 0.0, 0.0, 0, 3.0, 0, 2, 8.0, 8.0, 0, 19692.2] 0.9780142857142857
[1.0, 0.0, 0.0, 0.0, 0.0, 0.0, 3, 0.0, 1.0, 8, 8, 64, 19555.0] 0.9682142857142857
