[1.0, 0.0, 0, 0, 0.0, 0.0, 2.0, 0, 2.0, 8.0, 0.0, 20.0, 10777.4] 0.17773999999999998
[1, 0.0, 0.0, 0, 0.0, 0.0, 2.0, 0.0, 1.0, 20.0, 10.0, 64.0, 11373.2] 0.23732000000000006
[1.0, 0.0, 0.0, 0.0, 0.0, 0.0, 3, 0.0, 1.0, 8.0, 128.0, 16.0, 10542.8] 0.15427999999999992
[1.0, 0, 1.0, 0, 0.0, 0, 2, 0.0, 1, 10.0, 8, 0, 15695.2] 0.6889684210526317
[1.0, 0.0, 1, 0.0, 0.0, 1, 2.0, 0.0, 2.0, 8.0, 8.0, 10.0, 15619.6] 0.6810105263157895
[1.0, 0.0, 1.0, 1.0, 1.0, 0.0, 4.0, 0.0, 1.0, 32.0, 10.0, 8, 9196.2] 0.01962000000000007
[1.0, 0, 1.0, 0.0, 0.0, 1.0, 2.0, 0.0, 2.0, 10, 10.0, 8, 13757.2] 0.4849684210526316
[1, 1.0, 0.0, 0.0, 0.0, 0.0, 4, 0.0, 3, 20.0, 8.0, 128.0, 10064.4] 0.10643999999999997
[1.0, 1.0, 1.0, 0, 0.0, 0, 3.0, 0.0, 3.0, 10, 8.0, 0.0, 13535.8] 0.4616631578947368
[1.0, 0, 1.0, 0, 0.0, 1, 2.0, 0.0, 2, 8.0, 8.0, 128.0, 16343.0] 0.7387857142857143
[1.0, 1.0, 1.0, 1.0, 1.0, 0.0, 4.0, 0, 3.0, 8.0, 10, 128.0, 13333.0] 0.4403157894736842
[1, 0.0, 1.0, 0, 0.0, 0.0, 2, 0, 2.0, 8.0, 10.0, 16.0, 14632.6] 0.5771157894736842
[1.0, 1.0, 0.0, 0.0, 0.0, 1.0, 4.0, 0.0, 2.0, 8, 8.0, 64.0, 15246.2] 0.6417052631578948
[1.0, 0.0, 1.0, 1.0, 1.0, 0.0, 3.0, 0.0, 3.0, 10.0, 8, 64.0, 13164.4] 0.42256842105263154
[1.0, 0.0, 1.0, 1.0, 1.0, 1.0, 3.0, 0.0, 1.0, 8.0, 10, 10.0, 14497.4] 0.5628842105263157
[1, 0.0, 1.0, 0.0, 0.0, 0.0, 1.0, 0.0, 4.0, 8.0, 8, 32.0, 15093.2] 0.6256
[1.0, 0, 0.0, 0.0, 0.0, 1, 3, 0.0, 2, 10.0, 8, 0.0, 15179.2] 0.6346526315789474
[1, 0, 1.0, 1.0, 1.0, 1, 2.0, 0.0, 2.0, 10, 10, 0.0, 13538.2] 0.4619157894736843
[1.0, 1.0, 0.0, 0.0, 0.0, 1.0, 2, 0.0, 1.0, 8.0, 20, 0.0, 10804.8] 0.18047999999999995
[1, 1.0, 1.0, 1.0, 1.0, 1.0, 3.0, 0, 3.0, 8.0, 10.0, 0, 13897.6] 0.4997473684210526
[1.0, 0, 1.0, 0.0, 0.0, 0.0, 4.0, 0, 1.0, 10.0, 10.0, 64, 12962.4] 0.40130526315789466
[1, 1.0, 0.0, 0.0, 0.0, 1.0, 2.0, 0.0, 1.0, 16, 8.0, 0.0, 10806.4] 0.18063999999999994
[1, 0.0, 0.0, 0.0, 0.0, 0.0, 3.0, 0.0, 4.0, 8.0, 8.0, 32.0, 15882.6] 0.7059
[1.0, 0.0, 0.0, 0.0, 0.0, 1.0, 2.0, 0.0, 2.0, 32, 8.0, 0.0, 10234.6] 0.12346000000000004
[1.0, 0, 1.0, 0.0, 0.0, 1, 4.0, 0.0, 1.0, 8.0, 10.0, 20.0, 14407.4] 0.5534105263157894
[1.0, 0.0, 1.0, 0.0, 0, 1.0, 2.0, 0.0, 4.0, 8.0, 8.0, 20.0, 14214.6] 0.5331157894736842
[1.0, 0.0, 1, 0.0, 0.0, 0.0, 2.0, 0.0, 2.0, 16.0, 8.0, 64.0, 12372.6] 0.339221052631579
[1.0, 0.0, 0.0, 0.0, 0.0, 1.0, 4.0, 0.0, 2.0, 10.0, 10.0, 32.0, 15631.8] 0.6822947368421052
[1, 0.0, 0.0, 0.0, 0.0, 0.0, 4.0, 0, 2.0, 10.0, 10.0, 16.0, 16400.0] 0.7428571428571428
[1.0, 0.0, 0.0, 0.0, 0.0, 1, 4.0, 0.0, 1, 10, 10.0, 8.0, 15423.0] 0.6603157894736842
