[1.0, 0.0, 0, 0.0, 0.0, 0, 3.0, 0.0, 2.0, 8.0, 20.0, 64.0, 13545.0] 0.4626315789473684
[1.0, 0.0, 0.0, 0, 0.0, 0.0, 3.0, 0.0, 2.0, 8.0, 8.0, 128, 19576.0] 0.9697142857142858
[1.0, 0.0, 0.0, 0.0, 0.0, 1, 2.0, 0.0, 1.0, 8.0, 8.0, 0.0, 17116.2] 0.7940142857142858
[1.0, 0.0, 1.0, 0.0, 0, 0.0, 2.0, 0.0, 2.0, 8, 8.0, 0.0, 16868.0] 0.7762857142857142
[1, 0, 1.0, 1.0, 1.0, 0.0, 4.0, 0.0, 3, 8, 8.0, 8, 14763.8] 0.5909263157894735
[1, 1.0, 1.0, 0.0, 0.0, 0.0, 1.0, 0.0, 3.0, 8, 16.0, 32.0, 10018.2] 0.10182000000000008
[1.0, 0.0, 0, 0.0, 0.0, 1, 3.0, 0.0, 1, 8.0, 8, 20, 17626.2] 0.8304428571428571
[1.0, 0, 0.0, 0.0, 0.0, 0.0, 3, 0.0, 1.0, 8.0, 10.0, 32.0, 18370.0] 0.8835714285714286
[1.0, 0.0, 0.0, 0.0, 0.0, 1.0, 4.0, 0.0, 1, 8.0, 8.0, 0, 17575.4] 0.8268142857142857
[1, 0.0, 0.0, 0.0, 0.0, 1.0, 4, 0.0, 2.0, 10.0, 10, 10, 15285.4] 0.6458315789473683
[1, 1.0, 0.0, 0.0, 0.0, 1.0, 3, 0.0, 4, 8.0, 8.0, 0, 15528.2] 0.6713894736842105
[1, 0.0, 1.0, 1.0, 1.0, 1.0, 4, 0.0, 4, 8, 8.0, 64.0, 14830.8] 0.5979789473684209
[1.0, 0.0, 1.0, 0.0, 0.0, 0.0, 2.0, 0.0, 1.0, 10.0, 10, 20.0, 13915.2] 0.5016
[1.0, 0.0, 0.0, 0.0, 0, 0.0, 3.0, 0.0, 2, 10.0, 8.0, 64.0, 15229.6] 0.6399578947368421
[1.0, 0.0, 1.0, 1.0, 1.0, 1.0, 3.0, 0.0, 2.0, 16.0, 8.0, 8.0, 11083.6] 0.20836000000000002
[1.0, 1.0, 1.0, 0.0, 0.0, 0, 4.0, 0.0, 3.0, 10.0, 8.0, 32.0, 12442.4] 0.3465684210526315
[1.0, 0.0, 0.0, 0.0, 0.0, 0.0, 1.0, 0.0, 2.0, 10.0, 10.0, 10.0, 13498.2] 0.4577052631578948
[1.0, 0, 0.0, 0.0, 0.0, 0.0, 4.0, 0.0, 4.0, 10.0, 10, 0, 13690.2] 0.4779157894736843
[1.0, 0.0, 0.0, 0, 0.0, 1.0, 2.0, 0.0, 2.0, 16, 10, 8.0, 10995.4] 0.19953999999999997
[1.0, 0.0, 0, 0.0, 0.0, 0, 3, 0.0, 2.0, 8, 8.0, 16.0, 18409.2] 0.8863714285714286
[1.0, 0.0, 0.0, 0.0, 0.0, 0.0, 1.0, 0.0, 3.0, 8.0, 20.0, 0.0, 11309.4] 0.23093999999999998
[1.0, 0.0, 1.0, 0.0, 0.0, 0.0, 3.0, 0.0, 2.0, 20.0, 8.0, 0.0, 11095.0] 0.2095
[1.0, 0.0, 1.0, 0.0, 0.0, 0.0, 1.0, 0.0, 2.0, 8.0, 8.0, 32.0, 16028.6] 0.7163285714285714
[1.0, 0.0, 1.0, 0, 0, 0, 2, 0.0, 1.0, 8.0, 10, 20.0, 14785.2] 0.593178947368421
[1, 0.0, 0.0, 0.0, 0.0, 0.0, 3.0, 0.0, 1, 8.0, 10.0, 20.0, 17921.4] 0.8515285714285715
[1.0, 0, 1.0, 0.0, 0.0, 1.0, 2, 0.0, 2.0, 8.0, 8.0, 8.0, 15657.0] 0.6849473684210525
[1.0, 1.0, 0.0, 0, 0.0, 0, 2.0, 0.0, 2.0, 8.0, 8.0, 128.0, 14668.6] 0.5809052631578948
[1.0, 0.0, 1.0, 0.0, 0.0, 1.0, 2.0, 0.0, 1.0, 8, 8.0, 128.0, 16397.2] 0.7426571428571429
[1.0, 0.0, 0.0, 0.0, 0.0, 0.0, 3.0, 0, 1, 8, 16.0, 16, 14374.2] 0.5499157894736842
[1.0, 0, 0.0, 0, 0.0, 0.0, 4, 0.0, 2.0, 8, 10.0, 32.0, 18298.4] 0.8784571428571429
