[1.0, 0.0, 0.0, 0, 0.0, 0.0, 2.0, 0.0, 1, 8.0, 8, 10, 16461.2] 0.7472285714285715
[1.0, 0.0, 0.0, 0, 0.0, 1.0, 3, 0.0, 1.0, 8, 10.0, 10.0, 16979.8] 0.7842714285714285
[1.0, 0, 1, 0.0, 0, 0.0, 4, 0.0, 1.0, 8.0, 10, 16.0, 14311.4] 0.5433052631578946
[1.0, 0, 0, 0, 0.0, 0.0, 3, 0, 1, 8, 8, 0, 19673.8] 0.9766999999999999
[1.0, 0.0, 0.0, 0.0, 0.0, 0.0, 3, 0.0, 2.0, 8.0, 8.0, 0, 19692.2] 0.9780142857142857
[1.0, 0.0, 0, 0, 0, 0.0, 4.0, 0, 1, 8, 10.0, 0, 18857.4] 0.9183857142857144
[1.0, 0, 1.0, 0.0, 0, 0, 1, 0.0, 1, 8, 10.0, 128, 15344.0] 0.6519999999999999
[1.0, 0.0, 1.0, 0, 0.0, 0.0, 2, 0.0, 2, 10, 8.0, 0.0, 15685.0] 0.6878947368421052
[1, 0, 1.0, 1.0, 1, 0, 1, 0, 1, 8, 8.0, 0.0, 16523.4] 0.7516714285714287
[1.0, 0, 0, 0, 0.0, 0, 4, 0.0, 2, 8.0, 8.0, 128.0, 19600.2] 0.9714428571428572
[1, 0, 0, 0.0, 0.0, 0.0, 4.0, 0, 2, 8.0, 10, 8, 17975.6] 0.8553999999999999
[1.0, 0.0, 0.0, 0, 0.0, 0.0, 3, 0.0, 2.0, 8.0, 10.0, 32.0, 18314.8] 0.8796285714285714
[1, 0, 0, 0.0, 0, 0, 3, 0.0, 2, 8, 8.0, 64.0, 19541.8] 0.9672714285714286
[1.0, 0.0, 1.0, 1.0, 1.0, 0, 3.0, 0, 3, 8, 8, 0, 15213.6] 0.6382736842105263
[1.0, 0.0, 1.0, 1.0, 1.0, 1.0, 3.0, 0, 1.0, 8.0, 10, 0, 15483.8] 0.6667157894736842
[1.0, 0, 1, 0, 0.0, 0.0, 2, 0.0, 2, 8, 8, 32.0, 16169.2] 0.7263714285714286
[1, 0, 0.0, 0.0, 0, 0, 3.0, 0.0, 1, 10.0, 8, 0, 16464.2] 0.7474428571428572
[1, 0.0, 1, 1.0, 1.0, 1, 2.0, 0.0, 1, 10, 8, 0, 14975.2] 0.613178947368421
[1, 0, 0, 0, 0.0, 1, 4, 0, 1, 8.0, 10, 0.0, 16839.0] 0.7742142857142856
[1, 0, 1.0, 1.0, 1, 0, 3.0, 0, 1, 8.0, 10.0, 0, 15572.8] 0.6760842105263156
[1.0, 0, 0.0, 0.0, 0.0, 0.0, 4, 0, 2.0, 8, 10.0, 64, 18618.2] 0.9013
[1, 1.0, 0.0, 0.0, 0, 0, 4, 0.0, 1.0, 16, 8.0, 0.0, 11529.4] 0.25293999999999994
[1, 0.0, 0, 0.0, 0.0, 0, 4, 0.0, 2, 8.0, 8, 0, 19707.8] 0.9791285714285713
[1.0, 0.0, 1, 0.0, 0.0, 0, 2, 0.0, 2.0, 8, 8.0, 0.0, 16868.0] 0.7762857142857142
[1.0, 0.0, 0.0, 0.0, 0.0, 0.0, 4, 0, 1.0, 8.0, 8, 0, 19332.8] 0.9523428571428572
[1.0, 0, 1.0, 0, 0, 0, 2.0, 0.0, 2, 8, 8.0, 0, 16868.0] 0.7762857142857142
[1.0, 0.0, 1, 0.0, 0.0, 0.0, 2.0, 0.0, 2.0, 10, 8.0, 64.0, 15501.4] 0.6685684210526315
[1, 0.0, 0.0, 0, 0.0, 0, 4.0, 0.0, 2.0, 8, 10.0, 64, 18618.2] 0.9013
[1.0, 0.0, 0, 0.0, 0.0, 0.0, 4.0, 0.0, 2.0, 10.0, 10.0, 0, 17325.0] 0.8089285714285714
[1.0, 0.0, 0.0, 0, 0.0, 0, 4.0, 0.0, 1, 10, 10.0, 128, 17367.4] 0.8119571428571429
