[1, 0, 0, 0.0, 0, 0.0, 4, 0.0, 2.0, 8.0, 8.0, 0, 19707.8] 0.9791285714285713
[1, 0, 0, 0.0, 0.0, 0.0, 4, 0, 2.0, 8.0, 8, 0, 19707.8] 0.9791285714285713
[1, 0.0, 0, 0.0, 0.0, 0, 4, 0, 2.0, 8.0, 8, 0, 19707.8] 0.9791285714285713
[1.0, 0, 1.0, 1.0, 1, 0, 1, 0.0, 1, 8, 8, 0, 16523.4] 0.7516714285714287
[1, 0, 0.0, 0, 0.0, 0.0, 3, 0.0, 1, 8.0, 8.0, 0, 19673.8] 0.9766999999999999
[1.0, 0, 0, 0, 0, 0.0, 3, 0, 1, 8.0, 8, 0, 19673.8] 0.9766999999999999
[1, 0, 1, 0, 0, 0, 1, 0, 1, 8.0, 8, 0, 16629.0] 0.7592142857142856
[1, 0.0, 0, 0, 0, 0, 4, 0.0, 2, 8, 8, 0, 19707.8] 0.9791285714285713
[1, 0, 0, 0, 0.0, 0, 4, 0, 2.0, 8.0, 8.0, 0.0, 19707.8] 0.9791285714285713
[1, 0, 0, 0.0, 0, 0, 4, 0.0, 2, 8, 8, 0, 19707.8] 0.9791285714285713
[1.0, 0, 0.0, 0, 0, 0, 4, 0.0, 2, 8.0, 8.0, 0, 19707.8] 0.9791285714285713
[1, 0.0, 0.0, 0, 0.0, 0.0, 4.0, 0.0, 2, 8, 8, 0, 19707.8] 0.9791285714285713
[1, 0.0, 0, 0.0, 0.0, 0.0, 4, 0, 2, 8.0, 8.0, 0.0, 19707.8] 0.9791285714285713
[1, 0.0, 0, 0.0, 0, 0, 4, 0.0, 2.0, 8.0, 8, 0, 19707.8] 0.9791285714285713
[1, 0, 0, 0, 0, 0, 4, 0.0, 2.0, 8, 8.0, 0, 19707.8] 0.9791285714285713
[1, 0.0, 0, 0.0, 0.0, 0, 4, 0, 2, 8.0, 8, 0, 19707.8] 0.9791285714285713
[1, 0, 0, 0, 0, 0, 4, 0, 2, 8, 8.0, 0, 19707.8] 0.9791285714285713
[1, 0, 0, 0, 0, 0, 4, 0, 2.0, 8.0, 8, 0, 19707.8] 0.9791285714285713
[1, 0, 0, 0, 0, 0.0, 4, 0.0, 2, 8.0, 8, 0.0, 19707.8] 0.9791285714285713
[1, 0, 0.0, 0, 0, 0.0, 3, 0.0, 2, 8, 8, 0, 19692.2] 0.9780142857142857
[1, 0.0, 0, 0.0, 0, 0, 4, 0.0, 2.0, 8, 8.0, 0, 19707.8] 0.9791285714285713
[1.0, 0, 0.0, 0.0, 0.0, 0.0, 4.0, 0.0, 2, 8, 8.0, 0.0, 19707.8] 0.9791285714285713
[1.0, 0.0, 0.0, 0.0, 0, 0.0, 4, 0, 2.0, 8, 8, 0, 19707.8] 0.9791285714285713
[1, 0, 0.0, 0.0, 0.0, 0, 4, 0, 2, 8.0, 8.0, 0, 19707.8] 0.9791285714285713
[1, 0, 0, 0, 0.0, 0, 4, 0, 2, 8.0, 8, 0, 19707.8] 0.9791285714285713
[1.0, 0, 0, 0.0, 0, 0.0, 4, 0, 2, 8, 8, 0.0, 19707.8] 0.9791285714285713
[1, 0.0, 0.0, 0.0, 0.0, 0, 4, 0.0, 2, 8, 8, 0, 19707.8] 0.9791285714285713
[1, 0, 0.0, 0, 0, 0.0, 4, 0.0, 2, 8.0, 8, 0, 19707.8] 0.9791285714285713
[1, 0.0, 0, 0.0, 0, 0, 4, 0, 2, 8.0, 8.0, 0, 19707.8] 0.9791285714285713
[1.0, 0.0, 0.0, 0, 0.0, 0.0, 4, 0.0, 2, 8, 8, 0, 19707.8] 0.9791285714285713
