[1, 0, 1, 1, 1.0, 0.0, 1, 0.0, 1.0, 8.0, 8.0, 0, 16523.4] 0.7516714285714287
[1.0, 0.0, 0, 0.0, 0.0, 0.0, 4.0, 0.0, 2.0, 10, 8.0, 128, 17769.8] 0.8406999999999999
[1.0, 0.0, 0.0, 0.0, 0.0, 0, 4.0, 0.0, 2.0, 10.0, 8, 0, 17862.4] 0.8473142857142858
[1, 0.0, 0.0, 0.0, 0, 0.0, 4, 0.0, 1.0, 8, 8.0, 64.0, 19121.2] 0.9372285714285715
[1.0, 0.0, 0, 0.0, 0.0, 0.0, 4.0, 0.0, 1.0, 16.0, 10.0, 0.0, 13265.0] 0.4331578947368421
[1.0, 0, 1.0, 0.0, 0.0, 0, 2.0, 0, 2.0, 8.0, 8.0, 0.0, 16868.0] 0.7762857142857142
[1.0, 0.0, 0.0, 0.0, 0.0, 0, 4.0, 0, 1.0, 8.0, 10.0, 10.0, 18025.0] 0.8589285714285714
[1, 0.0, 0, 0, 0, 0, 3, 0.0, 1.0, 8, 10.0, 128.0, 18822.0] 0.9158571428571429
[1, 0.0, 1.0, 1.0, 1.0, 0.0, 4.0, 0, 1, 8.0, 8.0, 0.0, 16275.6] 0.7339714285714286
[1.0, 0.0, 0.0, 0.0, 0.0, 0.0, 3.0, 0.0, 2.0, 8.0, 8, 128.0, 19576.0] 0.9697142857142858
[1, 0.0, 0.0, 0.0, 0, 0.0, 3.0, 0, 1.0, 8.0, 8, 64, 19555.0] 0.9682142857142857
[1, 0, 0.0, 0.0, 0.0, 0, 3, 0.0, 2, 8.0, 16.0, 64, 14554.4] 0.5688842105263157
[1.0, 0.0, 0, 0, 0, 0.0, 3.0, 0.0, 1, 8.0, 8, 128, 19583.4] 0.9702428571428572
[1, 0, 1.0, 1.0, 1.0, 0.0, 4, 0.0, 1.0, 8.0, 8.0, 8, 15687.0] 0.6881052631578947
[1, 0, 0.0, 0.0, 0.0, 0.0, 4.0, 0.0, 1, 10.0, 10.0, 64, 17328.4] 0.8091714285714287
[1.0, 0.0, 0, 0.0, 0.0, 0.0, 4.0, 0.0, 2.0, 8.0, 8.0, 0.0, 19707.8] 0.9791285714285713
[1.0, 0.0, 0, 0.0, 0.0, 0, 3.0, 0.0, 1.0, 8.0, 8, 128, 19583.4] 0.9702428571428572
[1, 0, 1.0, 1.0, 1.0, 0.0, 1.0, 0.0, 4, 8, 10, 128, 13451.2] 0.45275789473684214
[1, 0.0, 1.0, 0.0, 0.0, 0.0, 4, 0, 1.0, 8, 10, 20.0, 14364.4] 0.5488842105263156
[1, 0, 0.0, 0.0, 0.0, 1.0, 4.0, 0, 2, 8.0, 8, 128, 17970.0] 0.855
[1.0, 0.0, 0, 0, 0, 0, 4.0, 0.0, 2, 10.0, 8.0, 64.0, 17750.6] 0.8393285714285713
[1.0, 0, 0, 0, 0.0, 0, 3.0, 0.0, 1.0, 8.0, 8, 128, 19583.4] 0.9702428571428572
[1, 0, 1.0, 0.0, 0.0, 0.0, 2.0, 0.0, 1.0, 8.0, 10.0, 32.0, 15126.8] 0.629136842105263
[1.0, 0.0, 1.0, 1.0, 1.0, 1, 4.0, 0.0, 3.0, 8.0, 8.0, 128, 14932.6] 0.6086947368421053
[1.0, 0, 0.0, 0.0, 0, 0.0, 4.0, 0.0, 1.0, 8.0, 10.0, 0, 18857.4] 0.9183857142857144
[1.0, 0.0, 1.0, 0.0, 0.0, 0.0, 2.0, 0, 2.0, 10.0, 8.0, 128.0, 15570.0] 0.6757894736842105
[1.0, 0.0, 1.0, 0.0, 0.0, 0, 2.0, 0.0, 3, 8, 8, 0, 15595.0] 0.6784210526315789
[1.0, 0.0, 0, 0.0, 0.0, 0, 1, 0.0, 2, 8, 10, 0, 15331.6] 0.6506947368421052
[1.0, 0.0, 0, 0.0, 0, 1.0, 4.0, 0, 1.0, 8.0, 10.0, 0.0, 16839.0] 0.7742142857142856
[1.0, 0.0, 0.0, 0.0, 0.0, 0.0, 4.0, 0, 2, 8.0, 8, 128.0, 19600.2] 0.9714428571428572
