[1.0, 0, 0, 0.0, 0.0, 0, 4, 0.0, 1, 8.0, 10, 64.0, 18757.6] 0.9112571428571428
[1.0, 0.0, 0.0, 0, 0.0, 0.0, 3.0, 0.0, 1, 8.0, 8.0, 128, 19583.4] 0.9702428571428572
[1.0, 0.0, 0.0, 0, 0.0, 0.0, 3, 0.0, 2, 8.0, 8.0, 0.0, 19692.2] 0.9780142857142857
[1.0, 0.0, 0, 0.0, 0, 0.0, 3, 0.0, 2.0, 8, 8.0, 0.0, 19692.2] 0.9780142857142857
[1, 0, 1, 1, 1, 0, 1, 0, 1, 8, 8.0, 0, 16523.4] 0.7516714285714287
[1, 0, 0.0, 0, 0.0, 0.0, 4, 0.0, 3.0, 8, 10, 32, 14689.6] 0.5831157894736843
[1.0, 0.0, 0.0, 0, 0.0, 0, 3.0, 0.0, 2, 8, 8, 0, 19692.2] 0.9780142857142857
[1.0, 0, 0.0, 0.0, 0.0, 0.0, 3, 0.0, 1.0, 8.0, 10.0, 128, 18822.0] 0.9158571428571429
[1.0, 0, 0, 0.0, 0.0, 0, 4, 0.0, 2, 8.0, 8.0, 0, 19707.8] 0.9791285714285713
[1, 0.0, 0.0, 0.0, 0.0, 0, 3, 0, 1, 8, 10, 0, 18899.0] 0.9213571428571429
[1, 0.0, 0.0, 0.0, 0.0, 0, 3, 0.0, 4, 8.0, 8.0, 0, 16479.6] 0.748542857142857
[1, 0.0, 1.0, 1, 1.0, 0, 2, 0.0, 1.0, 8, 8.0, 64, 15998.2] 0.7141571428571428
[1, 0.0, 0.0, 0.0, 0.0, 0.0, 4, 0.0, 1.0, 10.0, 8.0, 0, 17556.0] 0.8254285714285714
[1, 0.0, 0, 0.0, 0.0, 0, 4.0, 0, 2, 10.0, 8.0, 0, 17862.4] 0.8473142857142858
[1.0, 0.0, 0, 0, 0.0, 0, 1, 0.0, 1, 10, 8.0, 8.0, 14431.0] 0.5558947368421052
[1.0, 0.0, 1, 1.0, 1, 0, 4.0, 0.0, 1, 8, 8.0, 128, 15861.8] 0.7044142857142857
[1, 0.0, 0.0, 0, 0.0, 0.0, 4, 0, 1, 8, 10.0, 128.0, 18754.8] 0.9110571428571428
[1.0, 0, 0, 0.0, 0.0, 0.0, 4.0, 0.0, 1, 10.0, 8, 0, 17556.0] 0.8254285714285714
[1, 0.0, 0.0, 0.0, 0.0, 0, 3, 0, 1, 8, 10, 0, 18899.0] 0.9213571428571429
[1, 0.0, 0, 0.0, 0.0, 0, 3, 0.0, 2, 8, 8.0, 0, 19692.2] 0.9780142857142857
[1, 0.0, 0, 0.0, 0.0, 0.0, 3.0, 0.0, 1, 8.0, 8.0, 0.0, 19673.8] 0.9766999999999999
[1, 0.0, 0.0, 0.0, 0.0, 0.0, 3.0, 0.0, 2.0, 8, 8.0, 0.0, 19692.2] 0.9780142857142857
[1.0, 0.0, 1.0, 0.0, 0.0, 0.0, 2, 0.0, 2.0, 8.0, 8.0, 128, 16856.4] 0.775457142857143
[1, 0.0, 0, 0, 0, 1, 4, 0.0, 1.0, 8.0, 8, 10, 17511.4] 0.8222428571428573
[1, 0.0, 0.0, 0, 0.0, 0, 3.0, 0.0, 2, 8.0, 8, 0, 19692.2] 0.9780142857142857
[1, 0, 0, 0.0, 0.0, 0.0, 4, 0.0, 2.0, 8.0, 8.0, 0, 19707.8] 0.9791285714285713
[1, 0, 1, 0, 0.0, 0, 2.0, 0.0, 2, 8.0, 8.0, 0, 16868.0] 0.7762857142857142
[1.0, 0.0, 0.0, 0, 0, 0, 3, 0.0, 1.0, 8, 8.0, 64, 19555.0] 0.9682142857142857
[1, 0, 0.0, 0, 0, 0, 3, 0.0, 1, 8.0, 10, 64, 18790.8] 0.9136285714285713
[1.0, 0, 0, 0.0, 0.0, 0.0, 3, 0.0, 1.0, 8, 8, 128, 19583.4] 0.9702428571428572
