[1.0, 0.0, 1.0, 0.0, 0.0, 1.0, 3.0, 0.0, 4.0, 8.0, 16.0, 0.0, 11262.2] 0.22622000000000006
[1.0, 0.0, 1.0, 1.0, 1.0, 0.0, 3.0, 0.0, 4.0, 16.0, 8.0, 64.0, 10858.8] 0.1858799999999999
[1.0, 1, 0.0, 0.0, 0.0, 1.0, 2.0, 0.0, 4.0, 8.0, 8.0, 16, 14263.8] 0.5382947368421052
[1, 0.0, 0.0, 0.0, 0.0, 0.0, 3.0, 0.0, 1.0, 8.0, 10, 10.0, 18015.4] 0.8582428571428573
[1.0, 0.0, 1.0, 1, 1, 1.0, 2.0, 0.0, 1.0, 10.0, 16.0, 10.0, 10496.2] 0.14962000000000006
[1.0, 0.0, 0.0, 0.0, 0.0, 0.0, 1.0, 0.0, 2.0, 10.0, 20.0, 8.0, 9979.2] 0.09792000000000008
[1, 1.0, 0, 0.0, 0.0, 1.0, 2.0, 0.0, 4.0, 8, 8.0, 0.0, 15023.0] 0.6182105263157894
[1.0, 0.0, 1.0, 0.0, 0.0, 0.0, 3.0, 0.0, 1.0, 8.0, 128.0, 128.0, 9543.2] 0.05432000000000007
[1.0, 1, 0, 0.0, 0.0, 0, 4.0, 0.0, 1.0, 8.0, 10.0, 0.0, 14787.8] 0.5934526315789472
[1.0, 0, 1.0, 0.0, 0.0, 0, 4, 0.0, 1.0, 8.0, 128.0, 128.0, 9493.6] 0.049360000000000036
[1.0, 0.0, 0.0, 0.0, 0.0, 0, 4, 0.0, 4.0, 16.0, 8.0, 64.0, 11067.2] 0.20672000000000007
[1.0, 0.0, 1.0, 0.0, 0.0, 1.0, 4.0, 0.0, 2.0, 8, 10.0, 0.0, 14850.8] 0.6000842105263158
[1.0, 0.0, 1.0, 1.0, 1.0, 1.0, 3.0, 0.0, 1.0, 16.0, 8.0, 8.0, 11015.4] 0.20153999999999994
[1.0, 0.0, 1.0, 1.0, 1.0, 1.0, 4.0, 0.0, 2.0, 20.0, 8.0, 0.0, 11167.8] 0.21677999999999994
[1.0, 1.0, 1, 0.0, 0.0, 0.0, 1.0, 0.0, 2.0, 10.0, 10.0, 32.0, 11620.6] 0.26206
[1.0, 1.0, 0.0, 0, 0.0, 0, 2.0, 0.0, 3.0, 8, 20.0, 0.0, 10735.6] 0.17356000000000002
[1.0, 0.0, 0.0, 0.0, 0.0, 1.0, 3.0, 0.0, 2.0, 10.0, 16.0, 16.0, 11149.0] 0.2149
[1.0, 1.0, 1.0, 1.0, 1.0, 1, 3.0, 0.0, 3.0, 8.0, 10.0, 16, 13146.2] 0.42065263157894744
[1.0, 0.0, 1.0, 0.0, 0, 0.0, 1.0, 0.0, 4.0, 8.0, 16.0, 8.0, 10945.2] 0.19452000000000005
[1.0, 1.0, 0.0, 0.0, 0.0, 0.0, 2.0, 0.0, 4.0, 8.0, 32.0, 128.0, 8071.6] 0
[1.0, 0.0, 1, 0.0, 0.0, 1.0, 4, 0.0, 1.0, 16.0, 10.0, 128.0, 10979.6] 0.19796000000000005
[1, 0.0, 0.0, 0.0, 0.0, 0.0, 1.0, 0.0, 3.0, 20, 8.0, 64, 10033.8] 0.10337999999999992
[1.0, 1.0, 0.0, 0.0, 0.0, 1.0, 2.0, 0.0, 3, 8.0, 16.0, 16.0, 9930.2] 0.09302000000000007
[1.0, 0.0, 1.0, 0.0, 0.0, 1.0, 3.0, 0.0, 1.0, 64.0, 128.0, 10.0, 6740.0] 0
[1.0, 0.0, 0.0, 0.0, 0.0, 0.0, 2.0, 0, 1.0, 8.0, 10.0, 8.0, 15604.0] 0.6793684210526315
[1.0, 0.0, 1.0, 1.0, 1, 1.0, 4, 0.0, 4.0, 8, 16.0, 0.0, 10999.4] 0.19993999999999995
[1.0, 0.0, 1.0, 0.0, 0.0, 0, 2, 0.0, 2.0, 8.0, 8.0, 128, 16856.4] 0.775457142857143
[1.0, 0.0, 1.0, 0, 0.0, 0.0, 2.0, 0.0, 4, 10.0, 8.0, 8.0, 13348.4] 0.4419368421052631
[1, 0.0, 0.0, 0.0, 0.0, 0.0, 4.0, 0.0, 2.0, 8.0, 8, 16.0, 18308.2] 0.8791571428571429
[1.0, 0.0, 1.0, 0.0, 0.0, 0.0, 1.0, 0.0, 2.0, 10.0, 8.0, 32, 14819.0] 0.5967368421052631
