[1, 0, 1.0, 1, 1.0, 0.0, 1, 0.0, 1, 8, 8, 0.0, 16523.4] 0.7516714285714287
[1, 0.0, 0, 0.0, 0, 1, 3.0, 0.0, 1, 8.0, 8, 64, 19190.0] 0.9421428571428572
[1, 0, 0.0, 0.0, 0.0, 1.0, 3.0, 0.0, 1, 8, 8, 0.0, 18647.2] 0.9033714285714286
[1, 0.0, 0.0, 0.0, 0.0, 0.0, 3.0, 0.0, 2.0, 8.0, 10.0, 64, 18690.8] 0.9064857142857142
[1, 0, 1, 1.0, 1, 0, 1, 0.0, 1, 8, 8.0, 0, 16523.4] 0.7516714285714287
[1, 0.0, 0, 0.0, 0.0, 0.0, 4, 0, 2, 10.0, 8.0, 0.0, 17862.4] 0.8473142857142858
[1, 0.0, 1, 0, 0, 0.0, 2, 0, 2, 8.0, 8.0, 0.0, 16868.0] 0.7762857142857142
[1, 0.0, 0, 0.0, 0.0, 0, 4, 0, 1, 8, 8, 0, 19332.8] 0.9523428571428572
[1, 0.0, 0.0, 0.0, 0, 0, 2, 0.0, 1.0, 8, 10.0, 0.0, 16374.6] 0.7410428571428571
[1.0, 0.0, 0, 0.0, 0, 0.0, 4.0, 0.0, 2, 8.0, 8, 8, 18511.4] 0.8936714285714287
[1.0, 0.0, 0.0, 0.0, 0.0, 0.0, 4, 0.0, 2.0, 10.0, 8, 0, 17862.4] 0.8473142857142858
[1, 0, 0, 0.0, 0, 1, 2, 0, 1.0, 8, 8, 128, 16608.6] 0.7577571428571427
[1.0, 0.0, 0.0, 0.0, 0, 0.0, 4, 0.0, 2.0, 8.0, 8, 0, 19707.8] 0.9791285714285713
[1, 0.0, 0, 0.0, 0.0, 0, 2, 0.0, 2, 10.0, 10, 64.0, 13715.4] 0.48056842105263153
[1, 0, 1.0, 0.0, 0.0, 0, 2.0, 0, 2, 8, 10.0, 128, 15493.2] 0.6677052631578948
[1.0, 0.0, 1.0, 1.0, 1.0, 0.0, 4.0, 0, 1, 8, 16.0, 32.0, 11414.0] 0.24139999999999998
[1.0, 0, 0.0, 0, 0.0, 0.0, 3.0, 0.0, 1, 8.0, 8.0, 64, 19555.0] 0.9682142857142857
[1.0, 0.0, 0, 0.0, 0.0, 0, 3, 0.0, 2.0, 8, 10.0, 0.0, 18819.2] 0.915657142857143
[1.0, 0.0, 0, 0, 0, 0.0, 4, 0.0, 2, 8, 8.0, 0.0, 19707.8] 0.9791285714285713
[1.0, 0.0, 0.0, 0.0, 0.0, 0.0, 4.0, 0.0, 2.0, 8.0, 8, 128.0, 19600.2] 0.9714428571428572
[1.0, 0.0, 0, 0, 0.0, 0, 4, 0.0, 1, 8, 8, 0, 19332.8] 0.9523428571428572
[1.0, 0.0, 0.0, 0.0, 0, 0.0, 4, 0.0, 2, 8, 8.0, 128.0, 19600.2] 0.9714428571428572
[1.0, 0.0, 0.0, 0.0, 0.0, 0, 3.0, 0.0, 1.0, 8.0, 10, 8.0, 18189.2] 0.8706571428571429
[1.0, 0, 0.0, 0.0, 0, 1.0, 2, 0, 4.0, 8, 8.0, 0, 15348.4] 0.6524631578947367
[1, 0, 1.0, 1.0, 1.0, 1, 3, 0.0, 3.0, 8.0, 8, 0, 15287.0] 0.6459999999999999
[1, 0.0, 1.0, 1.0, 1.0, 0.0, 1.0, 0.0, 2, 8, 8.0, 128, 16310.4] 0.7364571428571428
[1, 0, 0.0, 0.0, 0.0, 0.0, 4, 0.0, 2, 8, 8.0, 0.0, 19707.8] 0.9791285714285713
[1.0, 1.0, 0.0, 0.0, 0.0, 1.0, 3.0, 0.0, 3, 8.0, 10.0, 0, 14321.4] 0.544357894736842
[1.0, 0, 0.0, 0.0, 0, 0.0, 4.0, 0.0, 1.0, 8.0, 10.0, 8.0, 18240.4] 0.8743142857142858
[1.0, 0, 1, 0, 0, 0, 2.0, 0.0, 2, 10, 8.0, 128.0, 15570.0] 0.6757894736842105
