[1, 1.0, 0, 0.0, 1.0, 0, 0, 1, 1.0, 0.0, 0.0, 1.0, 1.0, 1, 1, 1.0, 0.0, 1.0, 0.0, 0.0, 0.0, 0, 1, 0.0, 0.0, 0.0, 0, 0, 1.0, 0.0, 0, 131.208] 0.05964913946136831
[1.0, 1.0, 1.0, 1, 1.0, 1.0, 0.0, 1.0, 0.0, 0.0, 0.0, 1.0, 1.0, 1.0, 0.0, 1.0, 1.0, 1.0, 0.0, 0.0, 1.0, 0.0, 0.0, 0.0, 0.0, 1.0, 0.0, 0.0, 0, 0.0, 0.0, 997.298] 0.3950860909090909
[1.0, 0.0, 0.0, 1.0, 1.0, 1, 0.0, 0.0, 1.0, 1.0, 0.0, 0.0, 1.0, 0.0, 1.0, 0.0, 0.0, 0.0, 1.0, 0.0, 0.0, 1.0, 0.0, 0.0, 0.0, 0.0, 1.0, 0.0, 0.0, 0.0, 0.0, 70.496] 0
[1.0, 1.0, 1, 1.0, 0.0, 0.0, 0.0, 1.0, 0.0, 1.0, 0.0, 0.0, 1.0, 0, 1.0, 0.0, 0.0, 1.0, 1.0, 0.0, 0.0, 1.0, 0.0, 1.0, 0, 0.0, 0, 0.0, 0.0, 0.0, 0.0, 328.702] 0.3039139090909091
[1, 0, 1.0, 1.0, 0.0, 0.0, 0, 1, 0, 0, 1, 1, 1, 1.0, 0.0, 0.0, 0.0, 1.0, 1.0, 0.0, 0, 1.0, 0.0, 1.0, 0.0, 0, 0.0, 0.0, 0, 0, 0.0, 4325.746] 0.8489653636363637
[1, 0.0, 1.0, 1.0, 1.0, 0.0, 0.0, 0.0, 0.0, 1.0, 0.0, 0.0, 1, 0.0, 0.0, 1.0, 0, 1.0, 1.0, 0.0, 0.0, 1.0, 0, 1, 0.0, 0.0, 0.0, 1.0, 0.0, 0.0, 0, 298.472] 0.2978242089974463
[1, 0.0, 0, 0.0, 1, 0, 1, 0, 0.0, 0.0, 0.0, 1, 1.0, 0.0, 0.0, 0.0, 0, 0, 0, 0, 0, 1, 0, 0.0, 0.0, 0, 0.0, 0.0, 0, 0, 0, 1371.748] 0.44614745454545457
[1, 1.0, 1.0, 1.0, 0.0, 0.0, 0.0, 1, 0, 1.0, 1, 0.0, 1.0, 0, 0.0, 0.0, 0.0, 1.0, 1, 0, 0.0, 1.0, 0.0, 1.0, 0, 0.0, 0.0, 0.0, 0.0, 0.0, 0.0, 351.5] 0.3070227272727273
[1.0, 0.0, 0.0, 0.0, 0, 0, 1, 0.0, 0.0, 1.0, 0.0, 0, 1, 0.0, 1.0, 1, 0, 0.0, 0, 0.0, 0, 1.0, 0.0, 0, 0.0, 0, 0.0, 0.0, 0, 0, 0.0, 329.506] 0.30402354545454546
[1.0, 0, 0.0, 1.0, 0.0, 0.0, 0.0, 0.0, 0.0, 1.0, 0.0, 0.0, 1.0, 0.0, 0.0, 0.0, 0, 0.0, 0.0, 0, 0.0, 1.0, 0.0, 1.0, 0.0, 0.0, 0.0, 0.0, 0.0, 0.0, 0.0, 642.614] 0.3467200909090909
[1.0, 0.0, 0.0, 0.0, 0.0, 0.0, 1.0, 0.0, 0, 0.0, 1, 1.0, 1, 0.0, 1.0, 0.0, 0.0, 0.0, 0.0, 0.0, 1.0, 0.0, 0.0, 0.0, 0.0, 0.0, 0.0, 0.0, 0.0, 0.0, 0.0, 1111.326] 0.41063536363636366
[1, 0.0, 1, 0.0, 0, 1, 1.0, 0.0, 0, 0.0, 0.0, 1.0, 1, 0, 0.0, 0.0, 0.0, 0.0, 0, 0.0, 1.0, 0, 0.0, 0.0, 0.0, 0, 0.0, 0.0, 0, 0.0, 0.0, 2013.986] 0.5337253636363637
[1, 0.0, 1, 0.0, 0.0, 0.0, 1, 0.0, 0.0, 0.0, 0, 1.0, 1, 0.0, 0, 0.0, 0, 0.0, 0.0, 0.0, 0.0, 0, 1.0, 0.0, 0.0, 0, 0, 0.0, 0.0, 0, 0.0, 1804.0] 0.505090909090909
[1.0, 0, 0.0, 1.0, 0.0, 1, 0.0, 0.0, 0.0, 1.0, 0.0, 0.0, 1, 0.0, 0.0, 0.0, 0.0, 0.0, 0.0, 0.0, 0, 0.0, 1.0, 1.0, 0, 0.0, 0.0, 0.0, 0.0, 0.0, 0.0, 174.21] 0.12088170797695104
[1, 0, 0.0, 0, 0, 0.0, 1.0, 0.0, 0.0, 0.0, 0.0, 1.0, 1, 0, 0.0, 0, 0, 0, 1, 0.0, 0.0, 1.0, 0.0, 0.0, 0, 0.0, 0, 0.0, 0, 0, 0, 1508.17] 0.46475045454545455
[1, 1.0, 1, 1.0, 0.0, 0, 0.0, 0.0, 0.0, 1.0, 0.0, 0.0, 1, 0, 0, 1, 0.0, 1, 1, 0, 0.0, 1.0, 0.0, 0.0, 0.0, 0.0, 1.0, 1.0, 0.0, 0.0, 0, 145.17] 0.07953028735250281
[1.0, 0.0, 1, 0.0, 0.0, 0.0, 0.0, 0.0, 1.0, 0.0, 0.0, 0.0, 1.0, 0.0, 0.0, 0.0, 0.0, 0, 0.0, 1.0, 0.0, 0.0, 1.0, 0.0, 1, 0.0, 0.0, 1, 0, 0.0, 0, 91.444] 0.0030273113032912224
[1.0, 1, 1.0, 0.0, 1, 0.0, 0, 1.0, 0.0, 0, 0, 1, 1.0, 1.0, 0, 0.0, 0, 0.0, 0.0, 0.0, 1.0, 0.0, 0, 1.0, 0, 0, 0.0, 1, 0.0, 0.0, 0.0, 4727.22] 0.9113280729790919
[1, 0.0, 1, 0, 1.0, 0.0, 0, 0.0, 0.0, 0.0, 0, 1, 1, 0, 1.0, 0, 0.0, 0, 0.0, 0, 1, 0.0, 0.0, 0, 0.0, 0.0, 1.0, 0.0, 0, 0.0, 0.0, 957.92] 0.38971636363636364
[1.0, 0.0, 0.0, 0.0, 1.0, 1.0, 0.0, 1.0, 1.0, 1.0, 1.0, 0.0, 1, 0.0, 0.0, 0, 0.0, 1.0, 1.0, 0.0, 0.0, 0.0, 1.0, 1.0, 0.0, 0.0, 0.0, 1.0, 0.0, 0.0, 0.0, 114.39] 0.03570119896336659
[1.0, 0.0, 1.0, 0, 1, 0.0, 0.0, 0, 0, 0.0, 0.0, 1.0, 1.0, 0, 0, 0.0, 0, 0, 0, 0.0, 0, 0, 1, 1, 0.0, 0.0, 0.0, 1, 0, 0.0, 0, 4018.112] 0.8070152727272728
[1, 0.0, 1.0, 0, 1, 0.0, 0.0, 0.0, 0, 0, 0.0, 1.0, 1, 0, 0, 0.0, 0.0, 0, 0, 0.0, 0.0, 0.0, 1, 1.0, 0.0, 0, 0.0, 1, 0.0, 0.0, 0.0, 4018.112] 0.8070152727272728
[1, 0.0, 1, 0, 0.0, 0.0, 0.0, 1, 0, 0.0, 0.0, 1.0, 1, 0.0, 1.0, 0, 0.0, 0.0, 0.0, 0.0, 1, 0, 0, 0.0, 0.0, 0, 1.0, 0.0, 0, 0.0, 0.0, 928.222] 0.38566663636363635
[1.0, 0.0, 1.0, 0.0, 0.0, 1.0, 1.0, 1.0, 1.0, 0.0, 1.0, 1.0, 1.0, 1.0, 1.0, 1.0, 0.0, 1.0, 0.0, 0.0, 0.0, 0.0, 1.0, 0.0, 0.0, 0.0, 0, 1.0, 0.0, 0.0, 0.0, 2635.102] 0.618423
[1.0, 1.0, 1.0, 0.0, 0.0, 0.0, 0.0, 1.0, 0.0, 1.0, 0.0, 0.0, 1.0, 0.0, 0.0, 0.0, 0.0, 0.0, 1.0, 0.0, 0.0, 1.0, 0.0, 0.0, 0.0, 0.0, 0.0, 1.0, 1.0, 0.0, 0.0, 170.63] 0.115783977748455
[1, 0.0, 1, 0.0, 0, 0.0, 1, 0, 0.0, 0, 0.0, 1, 1.0, 0.0, 0.0, 0.0, 0, 0, 0.0, 0, 0, 0.0, 1, 0.0, 0.0, 0, 0.0, 0, 0.0, 0, 0.0, 1804.0] 0.505090909090909
[1.0, 0.0, 0.0, 0.0, 0.0, 0.0, 0.0, 1.0, 0.0, 1.0, 0.0, 0.0, 1.0, 0, 0.0, 0.0, 0.0, 0.0, 0.0, 0.0, 0.0, 1.0, 0.0, 1.0, 0.0, 0.0, 0.0, 0.0, 0.0, 0.0, 0.0, 439.172] 0.318978
[1.0, 1.0, 1, 1.0, 0.0, 1.0, 0.0, 0, 1.0, 0, 1, 1, 1.0, 0.0, 1.0, 1, 0.0, 0.0, 1.0, 0.0, 0.0, 1.0, 0.0, 1, 0.0, 0.0, 0, 1.0, 0.0, 0.0, 0, 4940.288] 1.0
[1.0, 1, 1.0, 0.0, 1, 0.0, 0.0, 1, 0.0, 0.0, 0, 1, 1, 0, 0, 0, 0.0, 0, 0, 0, 1.0, 0, 0.0, 1, 0, 1.0, 0.0, 1.0, 0, 0.0, 0.0, 4671.844] 0.8961605454545456
[1, 0, 1, 0, 0.0, 0.0, 0, 0.0, 1, 0, 0, 1.0, 1, 0.0, 0, 0.0, 0.0, 0.0, 0.0, 0.0, 0, 0.0, 1.0, 0.0, 0.0, 0, 1, 0, 0, 0.0, 0, 803.678] 0.36868336363636367
