[1, 0, 1.0, 1.0, 1.0, 0, 3, 0.0, 1.0, 8.0, 8.0, 0, 16281.4] 0.7422099999999999
[1, 0, 0, 0, 0.0, 0.0, 3, 0.0, 2, 8.0, 8, 0.0, 19692.2] 0.98461
[1.0, 0, 0, 0, 0.0, 0.0, 4.0, 0, 1.0, 10.0, 8, 128.0, 17484.4] 0.87422
[1, 0.0, 0, 0, 0, 0, 3, 0.0, 2, 8.0, 8, 0.0, 19692.2] 0.98461
[1.0, 0, 0, 0.0, 0.0, 0, 3, 0.0, 2, 8, 8.0, 0, 19692.2] 0.98461
[1, 0.0, 0, 0.0, 0, 0.0, 3.0, 0.0, 1, 8, 8, 0.0, 19673.8] 0.98369
[1, 0, 0, 0.0, 0.0, 0.0, 3, 0, 1.0, 8.0, 8.0, 0, 19673.8] 0.98369
[1.0, 0, 0, 0.0, 0, 0, 3, 0.0, 2.0, 8.0, 8, 128, 19576.0] 0.9788
[1, 0, 0, 0, 0, 0, 4, 0.0, 2, 8, 8, 0, 19707.8] 0.98539
[1, 0.0, 0, 0, 0.0, 0, 3, 0, 1, 8, 8, 0, 19673.8] 0.98369
[1, 0, 0.0, 0, 0.0, 0, 4, 0, 2, 8.0, 8, 0, 19707.8] 0.98539
[1, 0.0, 0, 0, 0.0, 0, 3, 0.0, 1, 8.0, 8, 0, 19673.8] 0.98369
[1.0, 0.0, 0.0, 0.0, 0.0, 0.0, 4, 0, 2, 8.0, 8.0, 0, 19707.8] 0.98539
[1.0, 0.0, 0, 0.0, 0.0, 0.0, 4, 0.0, 2.0, 8, 8.0, 0, 19707.8] 0.98539
[1.0, 0, 0, 0, 0.0, 0.0, 3, 0.0, 2, 8.0, 8, 0, 19692.2] 0.98461
[1, 0, 1.0, 0, 0, 0.0, 2, 0.0, 2.0, 8, 8, 0, 16868.0] 0.8301999999999999
[1.0, 0, 0, 0.0, 0.0, 0, 3.0, 0, 1.0, 8, 10.0, 0, 18899.0] 0.94495
[1.0, 0, 0, 0, 0.0, 0.0, 4, 0.0, 2, 8, 8.0, 128, 19600.2] 0.98001
[1, 0.0, 0, 0.0, 0, 0, 3, 0.0, 1.0, 8.0, 8, 128, 19583.4] 0.9791700000000001
[1.0, 0.0, 0, 0.0, 0, 0, 4, 0.0, 2, 8.0, 8.0, 0, 19707.8] 0.98539
[1, 0.0, 0, 0, 0, 0, 3, 0.0, 1, 8.0, 8.0, 64, 19555.0] 0.97775
[1, 0.0, 1.0, 0, 0, 0, 2, 0, 2, 8.0, 8, 0.0, 16868.0] 0.8301999999999999
[1.0, 0, 0, 0, 0, 0.0, 4, 0.0, 2, 8, 8, 0.0, 19707.8] 0.98539
[1, 0, 0, 0.0, 0.0, 0.0, 4, 0.0, 2.0, 8.0, 8, 128, 19600.2] 0.98001
[1, 0.0, 0, 0, 0, 0, 4, 0, 2.0, 8.0, 8, 0, 19707.8] 0.98539
[1.0, 0.0, 0, 0.0, 0.0, 0, 3, 0.0, 1.0, 8.0, 10.0, 128.0, 18822.0] 0.9410999999999999
[1, 0, 1, 0.0, 0.0, 0, 2.0, 0.0, 2, 8, 8, 0, 16868.0] 0.8301999999999999
[1, 0, 0, 0, 0, 0, 4, 0, 1, 8.0, 8, 0, 19332.8] 0.9666399999999999
[1, 0, 0, 0.0, 0.0, 0, 4.0, 0, 2.0, 8, 8, 128, 19600.2] 0.98001
[1.0, 0, 1.0, 1.0, 1.0, 1, 3, 0, 2, 8, 8.0, 0.0, 16305.0] 0.7457499999999999
