[1, 0, 0, 0, 0.0, 0, 4, 0, 2, 8.0, 8, 0, 19707.8] 0.98539
[1, 0.0, 0, 0, 0, 0.0, 3, 0.0, 2, 8.0, 8.0, 0, 19692.2] 0.98461
[1, 0, 0, 0, 0, 0, 4, 0, 2, 8.0, 8, 0, 19707.8] 0.98539
[1, 0, 0, 0, 0, 0.0, 4.0, 0, 2, 8.0, 8.0, 0, 19707.8] 0.98539
[1, 0.0, 0, 0.0, 0.0, 0, 4, 0.0, 2, 8.0, 8, 0, 19707.8] 0.98539
[1, 0, 0, 0.0, 0.0, 0.0, 4, 0.0, 2, 8, 8, 64, 19505.4] 0.9752700000000001
[1.0, 0.0, 0.0, 0.0, 0, 0, 3, 0.0, 2, 8, 8.0, 0, 19692.2] 0.98461
[1.0, 0.0, 0, 0, 0.0, 0, 4, 0.0, 2.0, 8, 8.0, 0, 19707.8] 0.98539
[1.0, 0, 0, 0.0, 0, 0, 3.0, 0, 2, 8.0, 8.0, 0, 19692.2] 0.98461
[1, 0.0, 0, 0, 0.0, 0.0, 4, 0, 2, 8, 8, 0, 19707.8] 0.98539
[1, 0, 0, 0, 0, 0, 3, 0.0, 2, 8, 8, 0, 19692.2] 0.98461
[1, 0, 0, 0, 0, 0, 3, 0, 1, 8, 8.0, 0, 19673.8] 0.98369
[1.0, 0, 0, 0, 0, 0.0, 4, 0.0, 2, 8, 8.0, 0, 19707.8] 0.98539
[1, 0, 0.0, 0, 0.0, 0.0, 4.0, 0.0, 2, 8, 8.0, 0.0, 19707.8] 0.98539
[1, 0.0, 0.0, 0, 0, 0, 3, 0.0, 1.0, 8, 8.0, 0, 19673.8] 0.98369
[1, 0.0, 0, 0, 0.0, 0, 4, 0, 2, 8, 8, 0, 19707.8] 0.98539
[1, 0.0, 1, 1.0, 1, 1, 3, 0, 2, 8, 8.0, 0.0, 16305.0] 0.7457499999999999
[1, 0, 0, 0.0, 0.0, 0.0, 4, 0.0, 2, 8.0, 8, 0, 19707.8] 0.98539
[1, 0, 0.0, 0, 0.0, 0.0, 3, 0, 1, 8.0, 10.0, 0, 18899.0] 0.94495
[1, 0, 0, 0, 0, 0, 4, 0, 2, 8, 8.0, 0, 19707.8] 0.98539
[1.0, 0.0, 0, 0, 0.0, 0.0, 4, 0, 2, 8, 8.0, 0, 19707.8] 0.98539
[1, 0, 0.0, 0.0, 0.0, 0.0, 3, 0.0, 2, 8.0, 8, 0, 19692.2] 0.98461
[1, 0.0, 0.0, 0.0, 0.0, 0, 4, 0, 2.0, 8, 8.0, 0, 19707.8] 0.98539
[1, 0, 0, 0, 0, 0, 3, 0.0, 2.0, 8, 8.0, 128, 19576.0] 0.9788
[1, 0.0, 0, 0.0, 0.0, 0, 4, 0.0, 2, 8, 8, 0.0, 19707.8] 0.98539
[1, 0, 0, 0, 0, 0, 3, 0, 1, 8, 8, 0, 19673.8] 0.98369
[1, 0, 0, 0, 0, 0, 3, 0, 1.0, 8.0, 8, 0.0, 19673.8] 0.98369
[1.0, 0, 0.0, 0, 0.0, 0.0, 4.0, 0, 2, 8.0, 8, 0, 19707.8] 0.98539
[1, 0, 0, 0, 0, 0.0, 4, 0, 2.0, 8.0, 8, 0, 19707.8] 0.98539
[1, 0.0, 0.0, 0.0, 0.0, 0, 4, 0, 2, 8, 8.0, 0.0, 19707.8] 0.98539
