[1, 0, 1.0, 1.0, 1.0, 1.0, 2.0, 0.0, 1.0, 10.0, 8.0, 0, 14975.2] 0.5462800000000001
[1, 1.0, 0.0, 0.0, 0.0, 0.0, 2.0, 0.0, 1.0, 8.0, 10, 0.0, 13957.2] 0.3979708427166055
[1.0, 1.0, 0.0, 0.0, 0.0, 0.0, 4.0, 0.0, 1.0, 10.0, 10.0, 10.0, 12773.6] 0.34185610999170324
[1, 0.0, 1, 0.0, 0.0, 0.0, 3, 0.0, 1.0, 8.0, 10.0, 0.0, 15374.2] 0.6061300000000001
[1.0, 0.0, 1.0, 0.0, 0.0, 0.0, 1, 0.0, 1, 8, 8.0, 64.0, 16378.8] 0.7568199999999998
[1.0, 0.0, 1.0, 0.0, 0.0, 0.0, 3.0, 0.0, 1.0, 10.0, 10.0, 0.0, 13934.2] 0.39688040772786537
[1.0, 0, 0, 0.0, 0.0, 0.0, 3, 0.0, 1.0, 8.0, 8.0, 8, 18527.6] 0.92638
[1.0, 1, 0.0, 0.0, 0, 0, 3.0, 0.0, 2.0, 8.0, 8.0, 8, 15335.4] 0.6003099999999999
[1, 0, 1.0, 1.0, 1, 0.0, 3.0, 0.0, 1.0, 8, 8, 128.0, 15764.6] 0.66469
[1.0, 0.0, 1.0, 0.0, 0.0, 0, 2, 0.0, 1, 10.0, 10.0, 8.0, 14060.0] 0.40900000000000003
[1.0, 1.0, 0.0, 0, 0.0, 1, 3.0, 0.0, 3.0, 8.0, 8.0, 64, 15595.6] 0.63934
[1, 0.0, 0.0, 0, 0.0, 0.0, 3.0, 0.0, 2.0, 8.0, 10, 32, 18314.8] 0.91574
[1.0, 1.0, 0.0, 0.0, 0.0, 0.0, 3.0, 0.0, 2, 8.0, 8, 32.0, 15603.0] 0.64045
[1.0, 0.0, 0, 0.0, 0.0, 0.0, 4.0, 0.0, 2.0, 8, 8.0, 10.0, 18359.4] 0.9179700000000001
[1, 0.0, 0.0, 0, 0, 0.0, 3, 0, 1.0, 8.0, 8, 128.0, 19583.4] 0.9791700000000001
[1, 0, 1, 1.0, 1.0, 0.0, 1, 0.0, 1, 8.0, 8, 128.0, 16310.0] 0.7464999999999999
[1.0, 0.0, 0.0, 0.0, 0.0, 1.0, 3.0, 0.0, 1.0, 8.0, 10.0, 64, 17757.4] 0.88787
[1.0, 0.0, 0.0, 0.0, 0.0, 0.0, 2.0, 0.0, 1.0, 16.0, 8.0, 128, 12165.4] 0.31302121607206357
[1.0, 0.0, 0, 0.0, 0.0, 1, 2.0, 0.0, 1.0, 8.0, 10.0, 0.0, 16214.8] 0.7322199999999999
[1.0, 0.0, 0, 0.0, 0, 0.0, 2.0, 0.0, 1.0, 8.0, 8.0, 0, 17050.2] 0.85251
[1.0, 0.0, 1.0, 1.0, 1.0, 1.0, 4.0, 0.0, 4.0, 8.0, 8.0, 0.0, 15367.6] 0.60514
[1.0, 0.0, 1.0, 1.0, 1.0, 1.0, 3.0, 0.0, 1.0, 8.0, 10.0, 0.0, 15483.8] 0.6225699999999998
[1.0, 0, 0, 0, 0.0, 0.0, 3, 0.0, 4, 8.0, 8, 32, 15882.6] 0.68239
[1.0, 0.0, 1.0, 0, 0.0, 1.0, 2.0, 0.0, 2.0, 8.0, 8.0, 64.0, 16264.4] 0.73966
[1.0, 0.0, 0.0, 0.0, 0, 1.0, 4, 0.0, 2.0, 8.0, 16.0, 0.0, 13074.6] 0.3561265852791277
[1.0, 0, 1.0, 0.0, 0.0, 0, 2.0, 0.0, 1.0, 8.0, 10.0, 64, 15391.8] 0.6087699999999999
[1, 0.0, 1.0, 0.0, 0.0, 0.0, 2.0, 0.0, 2, 10.0, 8, 0.0, 15685.0] 0.6527499999999999
[1, 0.0, 1.0, 1.0, 1.0, 0.0, 1, 0, 2.0, 8.0, 8, 128, 16310.4] 0.7465599999999999
[1, 0, 0.0, 0, 0.0, 0, 4.0, 0.0, 2.0, 10, 8.0, 16.0, 16517.2] 0.7775800000000002
[1.0, 1.0, 1.0, 1.0, 1.0, 1, 4, 0.0, 4.0, 8, 8.0, 0.0, 15067.6] 0.5601400000000001
