[1.0, 0.0, 0.0, 0.0, 0.0, 1.0, 4.0, 0.0, 2.0, 10.0, 8.0, 8.0] 0.6989894736842104
[1.0, 0.0, 0.0, 0.0, 0.0, 0.0, 4.0, 0.0, 1.0, 8.0, 10.0, 10.0] 0.8589285714285714
[1.0, 0.0, 1.0, 0.0, 0.0, 0.0, 2.0, 0.0, 3.0, 8.0, 10.0, 16.0] 0.4186105263157894
[1.0, 0.0, 1.0, 1.0, 1.0, 1.0, 3.0, 0.0, 3.0, 10.0, 8.0, 64.0] 0.43421052631578944
[1.0, 0.0, 0.0, 0.0, 0.0, 1.0, 4.0, 0.0, 2.0, 10.0, 8.0, 8.0] 0.6989894736842104
[1.0, 1.0, 1.0, 1.0, 1.0, 0.0, 1.0, 0.0, 4.0, 10.0, 8.0, 32.0] 0.3306526315789474
[1.0, 0.0, 0.0, 0.0, 0.0, 1.0, 4.0, 0.0, 2.0, 10.0, 8.0, 8.0] 0.6989894736842104
[1.0, 0.0, 0.0, 0.0, 0.0, 0.0, 4.0, 0.0, 1.0, 8.0, 10.0, 10.0] 0.8589285714285714
[1.0, 0.0, 0.0, 0.0, 0.0, 1.0, 3.0, 0.0, 1.0, 8.0, 10.0, 10.0] 0.7842714285714285
[1.0, 0.0, 0.0, 0.0, 0.0, 1.0, 3.0, 0.0, 1.0, 8.0, 10.0, 10.0] 0.7842714285714285
[1.0, 0.0, 1.0, 1.0, 1.0, 1.0, 3.0, 0.0, 3.0, 10.0, 8.0, 64.0] 0.43421052631578944
[1.0, 1.0, 1.0, 1.0, 1.0, 0.0, 1.0, 0.0, 4.0, 10.0, 8.0, 8.0] 0.32212631578947376
[1.0, 0.0, 0.0, 0.0, 0.0, 1.0, 4.0, 0.0, 2.0, 10.0, 8.0, 8.0] 0.6989894736842104
[1.0, 0.0, 0.0, 0.0, 0.0, 1.0, 4.0, 0.0, 2.0, 10.0, 8.0, 8.0] 0.6989894736842104
[1.0, 0.0, 0.0, 0.0, 0.0, 1.0, 4.0, 0.0, 1.0, 8.0, 8.0, 32.0] 0.819042857142857
[1.0, 0.0, 0.0, 0.0, 0.0, 1.0, 4.0, 0.0, 2.0, 10.0, 8.0, 8.0] 0.6989894736842104
[1.0, 0.0, 1.0, 1.0, 1.0, 1.0, 3.0, 0.0, 3.0, 10.0, 8.0, 64.0] 0.43421052631578944
[1.0, 1.0, 0.0, 0.0, 0.0, 0.0, 4.0, 0.0, 2.0, 10.0, 8.0, 10.0] 0.45858947368421055
[1.0, 0.0, 0.0, 0.0, 0.0, 1.0, 4.0, 0.0, 2.0, 10.0, 8.0, 8.0] 0.6989894736842104
[1.0, 1.0, 0.0, 0.0, 0.0, 0.0, 4.0, 0.0, 2.0, 10.0, 8.0, 10.0] 0.45858947368421055
[1.0, 0.0, 0.0, 0.0, 0.0, 1.0, 4.0, 0.0, 2.0, 10.0, 8.0, 8.0] 0.6989894736842104
[1.0, 0.0, 0.0, 0.0, 0.0, 1.0, 4.0, 0.0, 2.0, 10.0, 8.0, 8.0] 0.6989894736842104
[1.0, 0.0, 0.0, 0.0, 0.0, 1.0, 3.0, 0.0, 2.0, 8.0, 8.0, 32.0] 0.8457285714285715
[1.0, 1.0, 1.0, 1.0, 1.0, 0.0, 1.0, 0.0, 4.0, 10.0, 8.0, 8.0] 0.32212631578947376
[1.0, 0.0, 0.0, 0.0, 0.0, 1.0, 4.0, 0.0, 2.0, 10.0, 8.0, 8.0] 0.6989894736842104
[1.0, 0.0, 0.0, 0.0, 0.0, 1.0, 4.0, 0.0, 2.0, 10.0, 8.0, 8.0] 0.6989894736842104
[1.0, 1.0, 0.0, 0.0, 0.0, 0.0, 4.0, 0.0, 2.0, 10.0, 8.0, 10.0] 0.45858947368421055
[1.0, 0.0, 0.0, 0.0, 0.0, 1.0, 3.0, 0.0, 1.0, 8.0, 10.0, 20.0] 0.774200
[1.0, 0.0, 0.0, 0.0, 0.0, 0.0, 4.0, 0.0, 1.0, 8.0, 10.0, 10.0] 0.8589285714285714
[1.0, 0.0, 1.0, 0.0, 0.0, 0.0, 2.0, 0.0, 3.0, 8.0, 10.0, 16.0] 0.4186105263157894
