[1.0, 1.0, 1.0, 0.0, 0, 0.0, 0.0, 1.0, 0.0, 0.0, 1.0, 1.0, 0.0, 1.0, 4096.0, 5.0, 169.022] 0.7032999999999987
[1.0, 1.0, 0.0, 1.0, 0, 0.0, 1.0, 1.0, 0.0, 0.0, 1.0, 1.0, 0.0, 1.0, 4096.0, 5.0, 168.6174] 0.4704400000000021
[1.0, 1.0, 1.0, 0.0, 0.0, 0.0, 1.0, 1.0, 0.0, 0.0, 1.0, 1.0, 0.0, 1.0, 2048.0, 9.0, 168.9466] 0.6679599999999937
[1.0, 1.0, 0.0, 1.0, 1.0, 0.0, 0.0, 0.0, 1.0, 0.0, 1, 1, 0.0, 1.0, 2048.0, 0.0, 168.3938] 0.3158811881188102
[1.0, 1.0, 0.0, 1.0, 0.0, 0.0, 0.0, 1.0, 0.0, 0.0, 0.0, 1.0, 0.0, 1, 1024.0, 5, 168.3262] 0.2623366336633652
[1.0, 1, 0, 1.0, 1, 0.0, 1.0, 1.0, 0.0, 0.0, 0.0, 1.0, 0, 1.0, 2048.0, 9.0, 168.3498] 0.2810297029702862
[1.0, 1.0, 0.0, 1.0, 1.0, 0.0, 1, 1.0, 0.0, 0.0, 1.0, 1.0, 0.0, 1.0, 1024.0, 5.0, 168.8136] 0.5881600000000049
[1.0, 1.0, 0, 1.0, 1.0, 0.0, 0.0, 1.0, 0.0, 0.0, 0.0, 1.0, 0.0, 1.0, 4096.0, 5.0, 168.5664] 0.43983999999999246
[1.0, 1.0, 0.0, 1.0, 0.0, 0.0, 1.0, 1.0, 0.0, 0.0, 1.0, 1, 0.0, 1.0, 1024.0, 1.0, 168.705] 0.5230000000000075
[1, 1.0, 0.0, 1.0, 0.0, 0.0, 0.0, 1.0, 0.0, 0.0, 1.0, 1.0, 0.0, 1.0, 1024.0, 9.0, 168.8482] 0.6089199999999948
[1.0, 1.0, 1.0, 0.0, 0.0, 0.0, 1.0, 1.0, 0.0, 0.0, 0.0, 1.0, 1.0, 0.0, 1024.0, 1.0, 168.194] 0.15762376237622627
[1.0, 1.0, 0.0, 1, 1.0, 0.0, 0.0, 1.0, 0.0, 0.0, 1.0, 1, 0.0, 1.0, 512.0, 5.0, 168.4494] 0.35992079207920535
[1.0, 1.0, 0.0, 1.0, 0.0, 1.0, 0.0, 0, 1.0, 0.0, 0.0, 1.0, 0.0, 1.0, 1024.0, 0.0, 168.4184] 0.3353663366336559
[1.0, 1.0, 0.0, 1.0, 0.0, 0.0, 1, 1, 0.0, 0.0, 1.0, 1.0, 0.0, 1.0, 512.0, 5.0, 168.4132] 0.33124752475246605
[1.0, 1.0, 0.0, 1.0, 1.0, 0.0, 1.0, 1.0, 0.0, 0.0, 1.0, 1.0, 0.0, 1.0, 4096.0, 9.0, 168.546] 0.4275999999999954
[1.0, 1.0, 1.0, 0.0, 0.0, 0.0, 1, 1.0, 0.0, 0.0, 1.0, 1.0, 0.0, 1.0, 512.0, 9.0, 168.4216] 0.337900990099019
[1.0, 1.0, 0.0, 1.0, 1.0, 0.0, 1.0, 1.0, 0.0, 0.0, 0.0, 1.0, 0.0, 1.0, 4096.0, 5, 168.551] 0.43059999999999266
[1.0, 1.0, 0.0, 1.0, 0, 1, 0.0, 1.0, 0.0, 0.0, 0.0, 1.0, 0.0, 1.0, 2048.0, 1.0, 168.6694] 0.5016399999999976
[1.0, 1.0, 0.0, 1.0, 0.0, 0.0, 1.0, 0.0, 1.0, 1.0, 0.0, 1.0, 1.0, 0.0, 1024.0, 0.0, 31.4174] 0
[1.0, 1.0, 1.0, 0.0, 0.0, 0.0, 0.0, 1.0, 0.0, 0.0, 1.0, 1.0, 0.0, 1.0, 4096.0, 5.0, 169.022] 0.7032999999999987
[1.0, 1.0, 1.0, 0.0, 0.0, 0.0, 1.0, 1.0, 0.0, 0.0, 1.0, 1.0, 1.0, 0.0, 4096.0, 1.0, 168.5732] 0
[1.0, 1.0, 0.0, 1.0, 1.0, 0.0, 0.0, 0.0, 1.0, 0.0, 1.0, 1.0, 0.0, 1.0, 1024.0, 0.0, 168.7148] 0.528879999999998
[1.0, 1.0, 0.0, 1.0, 1.0, 0.0, 1.0, 1.0, 0.0, 0.0, 0.0, 1.0, 0.0, 1.0, 512.0, 9.0, 168.425] 0.3405940594059491
[1.0, 1.0, 0.0, 1.0, 0.0, 1.0, 0.0, 1.0, 0.0, 0.0, 0.0, 1.0, 0.0, 1.0, 1024.0, 1.0, 168.4542] 0.3637227722772163
[1.0, 1.0, 0.0, 1.0, 1.0, 0.0, 0.0, 1.0, 0.0, 0.0, 1.0, 1.0, 0.0, 1.0, 4096.0, 9.0, 168.8624] 0.6174400000000048
[1.0, 1, 0.0, 1.0, 0.0, 0.0, 0.0, 1.0, 0.0, 0.0, 1.0, 1.0, 0.0, 1.0, 2048.0, 9.0, 168.8536] 0.61216
[1.0, 1.0, 1, 0.0, 0.0, 0.0, 0.0, 1.0, 0.0, 0.0, 0.0, 1.0, 0.0, 1.0, 512, 9.0, 168.547] 0.42819999999999825
[1.0, 1.0, 0.0, 1.0, 0.0, 0.0, 1.0, 1.0, 0.0, 0.0, 0.0, 1.0, 0.0, 1.0, 4096.0, 9, 168.316] 0.2542574257425749
[1.0, 1.0, 0.0, 1.0, 0.0, 0.0, 1.0, 0.0, 1.0, 0.0, 1.0, 1.0, 1.0, 0.0, 1024.0, 0.0, 168.4984] 0.3987326732673297
[1.0, 1.0, 0.0, 1, 1.0, 0.0, 0.0, 1.0, 0.0, 0.0, 0.0, 1.0, 0.0, 1.0, 512.0, 1.0, 168.3252] 0.26154455445544056
