[1.0, 1, 1.0, 0, 0.0, 1.0, 0, 1, 0.0, 1.0, 1.0, 0.0, 0.0, 1.0, 0, 0.0, 0.0, 0.0, 0.0, 0.0, 0.0, 0.0, 0.0, 1.0, 1, 1.0, 0.0, 1.0, 1.0, 0, 0.0, 1.0, 1.0, 0.0, 1.0, 1.0, 0.0, 0.0, 0, 16.2863591877708] 0.7368662154282211
[1.0, 0.0, 0.0, 0.0, 0.0, 0.0, 0.0, 1.0, 0.0, 0, 1.0, 0.0, 0.0, 1.0, 0, 0.0, 0.0, 1, 0.0, 0.0, 0.0, 0.0, 0.0, 1.0, 1.0, 0.0, 1.0, 1.0, 0, 0, 1, 1.0, 1.0, 0.0, 1.0, 0.0, 1.0, 0.0, 0.0, 15.917377081055] 0.531876156141666
[1.0, 0.0, 1.0, 0.0, 0.0, 1.0, 0.0, 1, 0.0, 0.0, 1.0, 0.0, 0.0, 1.0, 1.0, 0.0, 0.0, 0.0, 1.0, 0.0, 0.0, 0.0, 0.0, 1.0, 1.0, 1.0, 0, 1.0, 1.0, 0.0, 0.0, 1, 1.0, 0.0, 1.0, 1.0, 0.0, 0.0, 0, 15.801394841228198] 0.46744157846011
[1.0, 0.0, 0.0, 0.0, 0.0, 0.0, 0.0, 1.0, 0.0, 0.0, 1.0, 1.0, 1.0, 1.0, 0.0, 1.0, 0.0, 0.0, 0.0, 0.0, 0.0, 0.0, 0.0, 1.0, 1.0, 0.0, 1.0, 1.0, 1.0, 0.0, 0.0, 1.0, 1.0, 0.0, 1.0, 1.0, 0.0, 0.0, 0.0, 16.273081293903502] 0.7294896077241672
[1.0, 0.0, 1.0, 0.0, 0.0, 0.0, 1.0, 1.0, 0.0, 0.0, 1.0, 0.0, 0.0, 1.0, 0.0, 1, 0.0, 0.0, 0.0, 0.0, 1.0, 0.0, 0.0, 1.0, 1.0, 1.0, 0.0, 1.0, 1.0, 0.0, 0.0, 1.0, 1.0, 0.0, 1.0, 1.0, 0.0, 0.0, 0.0, 16.725972887992302] 0.9810960488846114
[1.0, 0.0, 1, 0.0, 0.0, 0.0, 1, 1.0, 0.0, 0.0, 1.0, 0.0, 1.0, 1.0, 0.0, 0.0, 0.0, 0.0, 1.0, 0.0, 0.0, 0.0, 0.0, 1.0, 1.0, 1.0, 0.0, 1.0, 1.0, 0.0, 0.0, 1.0, 1.0, 0.0, 1, 1, 0.0, 0, 0.0, 16.429231330999] 0.8162396283327764
[1.0, 0.0, 0.0, 0.0, 0.0, 0.0, 0.0, 1.0, 0.0, 1.0, 1.0, 0.0, 1.0, 1.0, 0.0, 1.0, 0.0, 0.0, 0.0, 0.0, 0.0, 0.0, 0.0, 1.0, 1.0, 0.0, 1.0, 1.0, 1.0, 0, 0.0, 1.0, 1.0, 0.0, 1.0, 1.0, 0.0, 0.0, 0.0, 15.9747247190374] 0.5637359550207777
[1.0, 0.0, 1.0, 0.0, 0.0, 0.0, 1.0, 1.0, 0.0, 0.0, 1.0, 0.0, 0.0, 1.0, 0, 0.0, 0.0, 0.0, 1.0, 0.0, 0.0, 0.0, 0.0, 1.0, 1.0, 1.0, 0.0, 1.0, 1.0, 0.0, 0.0, 1.0, 1.0, 0.0, 1.0, 0.0, 0.0, 0, 1.0, 16.353083956149] 0.7739355311938881
[1.0, 0.0, 1.0, 0.0, 0.0, 0.0, 1.0, 1.0, 1.0, 0.0, 1.0, 0.0, 0.0, 1.0, 0.0, 0.0, 0.0, 0.0, 0.0, 0.0, 0.0, 0.0, 0.0, 1.0, 1.0, 1.0, 0.0, 1.0, 1.0, 0.0, 0.0, 1.0, 1.0, 0.0, 1.0, 0.0, 0.0, 1.0, 0.0, 15.9358396361712] 0.5421331312062223
[1.0, 0, 1.0, 1.0, 0, 0.0, 0.0, 1.0, 0.0, 0.0, 1.0, 0.0, 0.0, 1.0, 0.0, 0.0, 0.0, 0.0, 0.0, 0.0, 0.0, 0.0, 0.0, 1.0, 1.0, 0, 1.0, 1, 1.0, 0.0, 0.0, 1.0, 1.0, 0.0, 1.0, 1, 0, 0.0, 0.0, 15.1767853444185] 0.3
[1.0, 0.0, 1.0, 0.0, 0, 1.0, 0, 1.0, 0.0, 0, 1.0, 0.0, 0, 1.0, 1, 0.0, 0.0, 0.0, 0.0, 0.0, 0, 1, 0, 1.0, 1.0, 1, 0.0, 1.0, 1.0, 0.0, 0.0, 1.0, 1.0, 0.0, 1, 1.0, 0, 0.0, 0, 16.1931981618185] 0.6851100898991664
[1.0, 1, 1, 0.0, 0.0, 0.0, 1.0, 1.0, 0.0, 0.0, 1.0, 0.0, 0, 1.0, 0.0, 0.0, 0.0, 0.0, 0.0, 0.0, 0.0, 1.0, 0.0, 1.0, 1.0, 1.0, 0, 1.0, 1.0, 0.0, 0.0, 1.0, 1.0, 0.0, 1.0, 1.0, 0.0, 0.0, 0.0, 16.0930191186271] 0.6294550659039446
[1.0, 0.0, 1, 0.0, 0.0, 0, 1.0, 1.0, 0.0, 0.0, 1.0, 0.0, 0.0, 1.0, 0.0, 0.0, 0.0, 0, 0.0, 1, 0, 0.0, 0.0, 1, 1.0, 1.0, 0.0, 1, 1.0, 0.0, 0.0, 1, 1.0, 0.0, 1, 0.0, 0, 0.0, 1.0, 16.5330566312984] 0.8739203507213329
[1.0, 0.0, 0.0, 0.0, 0.0, 0.0, 0.0, 1.0, 0.0, 0.0, 1.0, 1.0, 0.0, 1.0, 0.0, 0.0, 1.0, 1.0, 0.0, 0.0, 0.0, 0.0, 0.0, 1.0, 1.0, 0.0, 1.0, 1.0, 1.0, 0.0, 0.0, 1.0, 1.0, 0.0, 1.0, 1.0, 0.0, 0.0, 0, 15.1960515324909] 0.3
[1, 0.0, 0.0, 0.0, 0.0, 0.0, 0.0, 1.0, 0.0, 0.0, 1, 0.0, 0.0, 1.0, 1, 0.0, 0.0, 0.0, 0, 0.0, 1.0, 0.0, 0.0, 1.0, 1, 0.0, 1.0, 1.0, 1.0, 0, 0.0, 1.0, 1.0, 0.0, 1, 0.0, 1.0, 0.0, 0.0, 15.8422246420334] 0.4901248011296667
[1.0, 1.0, 1.0, 0.0, 0.0, 1.0, 0.0, 1.0, 1.0, 1.0, 1.0, 1.0, 1.0, 1.0, 1.0, 1.0, 1.0, 1.0, 1.0, 1.0, 1.0, 1.0, 0.0, 1.0, 1.0, 0.0, 1.0, 1.0, 1.0, 0.0, 0.0, 1.0, 0.0, 1.0, 1.0, 0.0, 0.0, 1.0, 0.0, 14.6739428218389] 0.12532651169941056
[1.0, 0.0, 1.0, 0.0, 0.0, 1, 0.0, 1.0, 0.0, 0.0, 1, 0.0, 1, 1.0, 0.0, 0.0, 0.0, 0.0, 0.0, 0.0, 0.0, 0.0, 0.0, 1.0, 1, 0, 1.0, 1, 1.0, 0.0, 0.0, 1.0, 0.0, 1.0, 1.0, 1, 0.0, 0.0, 0.0, 15.8718794611606] 0.5065997006447771
[1.0, 0.0, 1.0, 0.0, 0, 0.0, 1.0, 1.0, 0.0, 1, 1, 0, 0, 1.0, 0, 0.0, 0, 0.0, 0.0, 0.0, 1, 0, 0.0, 1.0, 1, 1.0, 0, 1, 1.0, 0.0, 0, 1.0, 1.0, 0.0, 1.0, 1, 0.0, 0.0, 0.0, 16.5810339927283] 0.900574440404611
[1, 0.0, 1.0, 0.0, 0.0, 1.0, 0.0, 1.0, 0.0, 0.0, 1.0, 0.0, 0.0, 1.0, 0.0, 0.0, 0.0, 0.0, 0.0, 1, 0, 0, 0.0, 1.0, 1.0, 0.0, 1.0, 1, 1.0, 0.0, 0, 1.0, 1.0, 0.0, 1.0, 0.0, 0.0, 0.0, 1, 15.833663057381] 0.48536836521166693
[1.0, 0.0, 1.0, 0.0, 0.0, 0.0, 1.0, 1.0, 0.0, 0.0, 1.0, 0.0, 0.0, 1.0, 1.0, 0.0, 0.0, 0.0, 0.0, 1.0, 0.0, 0.0, 0.0, 1.0, 1.0, 1.0, 0.0, 1.0, 1.0, 0.0, 0.0, 1.0, 1.0, 0.0, 1.0, 1.0, 0.0, 0.0, 0.0, 15.9297980612486] 0.5387767006936668
[1.0, 0.0, 1.0, 0.0, 0.0, 0.0, 1, 1.0, 0, 0.0, 1.0, 0.0, 1, 1.0, 0.0, 0.0, 0, 0.0, 0.0, 0.0, 0.0, 0, 0.0, 1.0, 1.0, 1.0, 0.0, 1.0, 1.0, 0.0, 0.0, 1.0, 1.0, 0.0, 1.0, 0.0, 0.0, 1.0, 0.0, 16.222797275949] 0.7015540421938876
[1.0, 0.0, 0.0, 0.0, 0.0, 0.0, 0.0, 1.0, 1, 0.0, 1.0, 0.0, 0.0, 1.0, 0.0, 0.0, 0.0, 0.0, 0.0, 0.0, 0.0, 1.0, 0.0, 1.0, 1.0, 0.0, 1.0, 1.0, 0.0, 0.0, 1.0, 1.0, 1.0, 0.0, 1, 1.0, 0.0, 0.0, 0.0, 15.556375860111698] 0.3313199222842768
[1.0, 0, 0.0, 0.0, 0.0, 0.0, 0.0, 1.0, 0.0, 0.0, 1.0, 1.0, 1, 1.0, 0, 0.0, 0.0, 1, 0, 0.0, 0, 0.0, 0, 1.0, 1.0, 0.0, 1.0, 1.0, 1.0, 0.0, 0.0, 1.0, 1.0, 0.0, 1.0, 1.0, 0, 0.0, 0.0, 15.8166454322863] 0.4759141290479444
[1.0, 0.0, 1.0, 0.0, 1, 0.0, 0.0, 1.0, 1.0, 0.0, 1, 0.0, 0, 1.0, 0.0, 0.0, 0.0, 0.0, 1.0, 0.0, 0.0, 0.0, 0.0, 1.0, 1, 1, 0.0, 1.0, 1.0, 0.0, 0.0, 1.0, 1.0, 0.0, 1.0, 1.0, 0.0, 0.0, 0.0, 16.6942842723616] 0.96349126242311
[1, 1.0, 1.0, 0.0, 0, 1.0, 0.0, 1.0, 1.0, 0.0, 1.0, 0.0, 0.0, 1.0, 0.0, 0.0, 0, 0, 0, 0.0, 0.0, 0.0, 0.0, 1.0, 1.0, 0.0, 1.0, 1, 1.0, 0.0, 0.0, 1.0, 1.0, 0.0, 1.0, 1.0, 0.0, 0.0, 0.0, 15.692332198564598] 0.40685122142477653
[1.0, 0.0, 0.0, 0.0, 0.0, 0.0, 0.0, 1.0, 0.0, 0.0, 1.0, 1.0, 1, 1.0, 0.0, 0, 0.0, 0.0, 0, 0.0, 1.0, 0.0, 0.0, 1.0, 1.0, 0.0, 1.0, 1.0, 1, 0.0, 0.0, 1.0, 1.0, 0.0, 1.0, 1.0, 0.0, 0.0, 0.0, 15.4801830609371] 0.3
[1.0, 0.0, 0.0, 0.0, 0.0, 0.0, 0.0, 1.0, 0.0, 0.0, 1.0, 0.0, 0.0, 1.0, 1.0, 0.0, 0.0, 0.0, 0.0, 0.0, 1.0, 0.0, 0.0, 1.0, 1.0, 0.0, 1.0, 1.0, 0.0, 0.0, 1, 1.0, 1.0, 0.0, 1.0, 1.0, 0.0, 0, 0.0, 16.0208767435619] 0.5893759686454993
[1.0, 1.0, 0, 0.0, 0.0, 0.0, 0.0, 1.0, 1.0, 0.0, 1.0, 0.0, 0.0, 1.0, 0.0, 0.0, 0.0, 0.0, 1.0, 0.0, 0.0, 0.0, 0.0, 1, 1.0, 1.0, 0.0, 1.0, 1.0, 0.0, 0.0, 1.0, 1.0, 0.0, 1, 1.0, 0.0, 0.0, 0.0, 16.257492626451498] 0.7208292369174982
[1.0, 0.0, 1.0, 0.0, 1, 0.0, 0.0, 1, 0.0, 0, 1.0, 0, 0.0, 1.0, 0.0, 0.0, 0.0, 0.0, 1.0, 0.0, 0, 1, 0.0, 1.0, 1, 1.0, 0.0, 1.0, 1.0, 0.0, 0.0, 1.0, 1, 0.0, 1.0, 1.0, 0.0, 0.0, 0, 16.2592964922769] 0.7218313845982767
[1.0, 0.0, 0.0, 0.0, 0.0, 0.0, 0.0, 1.0, 0.0, 0.0, 1.0, 0.0, 1.0, 1.0, 0.0, 0.0, 0.0, 0.0, 0.0, 0, 0.0, 0.0, 0, 1.0, 1.0, 0.0, 1.0, 1.0, 0.0, 0.0, 1, 1.0, 1.0, 0.0, 1.0, 0, 0.0, 0.0, 1, 15.7396212209575] 0.4331229005319447
