[1.0, 0.0, 0.0, 0.0, 0.0, 0.0, 0.0, 1.0, 0.0, 0.0, 1.0, 0.0, 0.0, 1.0, 0.0, 0.0, 0.0, 0.0, 0.0, 0.0, 0.0, 0.0, 0.0, 1.0, 1.0, 1.0, 0.0, 1.0, 0.0, 1.0, 0.0, 1.0, 1.0, 0.0, 1.0, 1, 0.0, 0.0, 0.0, 15.424813238805198] 0
[1.0, 0.0, 0.0, 0.0, 0.0, 0.0, 0.0, 1.0, 0.0, 1, 1.0, 0, 0.0, 1.0, 0.0, 0.0, 1, 0, 0.0, 0.0, 0, 1, 0.0, 1.0, 1.0, 0.0, 1, 1.0, 1.0, 0, 0.0, 1.0, 1.0, 0.0, 1.0, 1.0, 0.0, 0.0, 0.0, 16.4897806426231] 0.5641623268114512
[1.0, 0.0, 0.0, 0.0, 0, 0.0, 0, 1, 0, 0.0, 1.0, 0, 0, 1.0, 1.0, 0, 0.0, 0.0, 0.0, 0.0, 1, 0.0, 0.0, 1.0, 1.0, 0.0, 1.0, 1, 1, 0.0, 0.0, 1.0, 1, 0, 1.0, 0.0, 1.0, 0.0, 0, 15.8422246420334] 0
[1.0, 0.0, 1.0, 0.0, 1, 0.0, 0, 1.0, 0.0, 0.0, 1.0, 0.0, 0, 1.0, 0, 0.0, 0.0, 0.0, 0.0, 0.0, 1.0, 0.0, 0.0, 1.0, 1.0, 1, 0.0, 1.0, 0.0, 1.0, 0.0, 1.0, 1.0, 0.0, 1.0, 1.0, 0.0, 0.0, 0.0, 14.891745914809698] 0
[1.0, 0.0, 0.0, 0, 0.0, 0.0, 0.0, 1.0, 0.0, 0.0, 1.0, 1.0, 1.0, 1.0, 0, 0.0, 0.0, 0.0, 0.0, 0.0, 0.0, 0.0, 0.0, 1.0, 1.0, 0.0, 1.0, 1.0, 1.0, 0, 0.0, 1.0, 1.0, 0.0, 1.0, 0.0, 1.0, 0.0, 0.0, 15.720056285364] 0
[1.0, 0.0, 0.0, 0.0, 0.0, 0.0, 0.0, 1, 1, 1.0, 1.0, 0.0, 0.0, 1.0, 0.0, 0.0, 0.0, 0, 0.0, 0, 0.0, 0.0, 0.0, 1.0, 1.0, 0.0, 1.0, 1.0, 1.0, 0.0, 0.0, 1.0, 1.0, 0.0, 1, 0, 0.0, 1.0, 0.0, 15.1772645437413] 0
[1.0, 1, 1.0, 0.0, 0, 1.0, 0, 1.0, 1.0, 1.0, 1.0, 1, 0, 1.0, 1, 1.0, 1.0, 1.0, 1.0, 1.0, 1.0, 1.0, 1.0, 1.0, 1, 0.0, 1, 1.0, 0.0, 1.0, 0.0, 1.0, 0, 1.0, 1.0, 0.0, 0.0, 0.0, 1, 15.1220150516025] 0
[1.0, 1, 0.0, 0, 0, 0.0, 0, 1.0, 0.0, 0.0, 1.0, 1.0, 0.0, 1.0, 0.0, 0.0, 0.0, 1, 0, 0.0, 0.0, 0, 0.0, 1.0, 1.0, 0.0, 1, 1, 1.0, 0.0, 0, 1.0, 1.0, 0.0, 1.0, 1.0, 0.0, 0.0, 0.0, 15.585900926618304] 0
[1.0, 0.0, 0.0, 0.0, 0.0, 0.0, 0.0, 1.0, 0.0, 1, 1.0, 0.0, 0.0, 1.0, 0.0, 0.0, 1.0, 0.0, 0.0, 0.0, 0.0, 0.0, 0.0, 1.0, 1.0, 0.0, 1.0, 1.0, 1.0, 0.0, 0.0, 1.0, 1.0, 0.0, 1.0, 0.0, 1.0, 0, 0.0, 15.6317294256082] 0
[1.0, 0.0, 1.0, 0, 0.0, 0.0, 1, 1.0, 0.0, 0, 1.0, 0.0, 0.0, 1.0, 0.0, 0.0, 0.0, 0.0, 0.0, 0.0, 0.0, 0.0, 1.0, 1.0, 1.0, 1.0, 0.0, 1.0, 1, 0.0, 0.0, 1.0, 1.0, 0.0, 1.0, 0.0, 0.0, 1.0, 0.0, 16.284581193682403] 0.39661324605150183
[1, 0.0, 1.0, 0.0, 0.0, 1, 0, 1.0, 0, 0.0, 1, 1.0, 0.0, 1.0, 0.0, 0.0, 0.0, 0.0, 0.0, 0.0, 0.0, 0.0, 0, 1.0, 1.0, 1.0, 0, 1.0, 0.0, 0, 1.0, 1.0, 1.0, 0.0, 1, 1, 0.0, 0.0, 0, 15.7887201712523] 0
[1.0, 0.0, 1, 0.0, 0.0, 0.0, 1.0, 1, 0.0, 0.0, 1, 0.0, 0, 1.0, 0.0, 0.0, 0.0, 1, 0, 0.0, 0.0, 0.0, 0.0, 1.0, 1, 1.0, 0.0, 1.0, 1.0, 0, 0, 1, 1.0, 0.0, 1.0, 0, 0.0, 0, 1, 16.3437326321963] 0.43358289512268766
[1.0, 0.0, 0.0, 0.0, 0.0, 0.0, 0.0, 1, 0.0, 0.0, 1.0, 0, 0.0, 1.0, 0.0, 0.0, 0.0, 0.0, 1, 0.0, 0.0, 0, 0, 1.0, 1.0, 0.0, 1.0, 1.0, 1, 0.0, 0.0, 1.0, 0.0, 1.0, 1.0, 0.0, 0.0, 0.0, 1.0, 15.4530475499443] 0
[1.0, 0.0, 1.0, 0.0, 0.0, 1.0, 0, 1.0, 0, 0.0, 1, 1, 1, 1.0, 0.0, 0.0, 0, 0.0, 0, 0, 0.0, 0.0, 0.0, 1.0, 1, 1.0, 0.0, 1.0, 1, 0.0, 0, 1, 1.0, 0, 1.0, 1.0, 0, 0.0, 0, 16.1910172822047] 0.338135801377938
[1.0, 0, 0.0, 0.0, 0.0, 0.0, 0.0, 1.0, 0, 0, 1.0, 0.0, 0.0, 1.0, 0.0, 1, 0.0, 0.0, 0.0, 1, 0.0, 0.0, 0.0, 1.0, 1, 0.0, 1.0, 1.0, 1.0, 0.0, 0.0, 1, 0, 1.0, 1.0, 1.0, 0.0, 0, 0, 15.608471632914698] 0
[1, 1, 1, 0.0, 0.0, 0.0, 1, 1.0, 0.0, 0.0, 1, 1, 0.0, 1.0, 0, 0, 0.0, 0, 0.0, 0.0, 0, 0, 0.0, 1, 1.0, 1.0, 0.0, 1.0, 1.0, 0.0, 0.0, 1, 1.0, 0, 1.0, 1, 0, 0, 0.0, 16.533944379797802] 0.6353941609641971
[1.0, 1, 1.0, 0.0, 0.0, 0, 1, 1.0, 0.0, 1.0, 1, 0.0, 0, 1.0, 0.0, 0.0, 0.0, 0.0, 0.0, 0.0, 0, 0.0, 0, 1.0, 1, 1.0, 0.0, 1.0, 1.0, 0, 0.0, 1.0, 1.0, 0.0, 1.0, 1.0, 0.0, 0.0, 0.0, 16.850945398615902] 1.0
[1.0, 0, 0.0, 0.0, 0.0, 0.0, 0, 1.0, 0.0, 0.0, 1.0, 1, 1, 1.0, 0.0, 1, 0, 0.0, 0.0, 0.0, 0, 0.0, 0, 1.0, 1.0, 0.0, 1, 1.0, 1, 0.0, 0.0, 1.0, 1.0, 0.0, 1.0, 1, 0.0, 0.0, 0.0, 16.273081293903502] 0.38942580868968873
[1, 0.0, 0.0, 0, 0.0, 0, 0, 1.0, 0.0, 0.0, 1.0, 0.0, 0.0, 1.0, 1, 0.0, 0.0, 0.0, 1, 0.0, 0.0, 0, 0.0, 1.0, 1.0, 0.0, 1.0, 1, 1.0, 0.0, 0.0, 1.0, 1.0, 0.0, 1.0, 0.0, 1.0, 0.0, 0.0, 16.155890177129198] 0.3161813607057484
[1, 0, 0.0, 0.0, 0.0, 0.0, 0.0, 1.0, 1.0, 0.0, 1.0, 0.0, 0.0, 1.0, 1, 0.0, 0.0, 0.0, 1.0, 0, 0.0, 0, 0.0, 1.0, 1.0, 0.0, 1.0, 1, 1.0, 0.0, 0.0, 1.0, 1.0, 0.0, 1.0, 1, 0.0, 0, 0.0, 15.6212179975661] 0
[1.0, 0, 1.0, 0.0, 0.0, 1.0, 0.0, 1.0, 0.0, 0.0, 1.0, 0.0, 0.0, 1.0, 0.0, 1, 0.0, 0.0, 0.0, 0.0, 1, 0, 0, 1.0, 1.0, 1.0, 0.0, 1.0, 1.0, 0.0, 0, 1, 1.0, 0.0, 1.0, 1.0, 0.0, 0.0, 0.0, 15.5661818250587] 0
[1.0, 0.0, 0.0, 0.0, 0.0, 0, 0.0, 1.0, 1.0, 0.0, 1.0, 0.0, 0.0, 1.0, 0.0, 0.0, 0.0, 1.0, 0.0, 1, 0.0, 0.0, 0.0, 1.0, 1.0, 0.0, 1.0, 1.0, 1.0, 0.0, 0.0, 1.0, 1.0, 0.0, 1.0, 1.0, 0.0, 0.0, 0.0, 15.5334441079499] 0
[1.0, 0.0, 1.0, 0, 0.0, 0.0, 1.0, 1.0, 0.0, 0.0, 1.0, 0, 0.0, 1.0, 0.0, 0, 0.0, 0, 0.0, 0.0, 0.0, 0.0, 0.0, 1.0, 1.0, 0.0, 1.0, 1.0, 1.0, 0.0, 0.0, 1.0, 1.0, 0.0, 1.0, 1, 0.0, 0.0, 0, 15.3713940366442] 0
[1.0, 0.0, 1, 1, 0.0, 0.0, 0.0, 1.0, 0, 0, 1.0, 0.0, 0.0, 1.0, 0, 0, 0, 0.0, 0.0, 0, 0.0, 0.0, 0, 1.0, 1.0, 1.0, 0.0, 1.0, 0.0, 1.0, 0.0, 1.0, 1.0, 0.0, 1.0, 1, 0.0, 0.0, 0, 15.512506745251] 0
[1.0, 0.0, 0.0, 0.0, 0.0, 0.0, 0, 1.0, 1.0, 0.0, 1.0, 1.0, 0.0, 1.0, 0.0, 0.0, 0.0, 0, 0.0, 0.0, 0.0, 0.0, 0.0, 1.0, 1.0, 0.0, 1.0, 1.0, 1.0, 0.0, 0.0, 1, 1.0, 0, 1.0, 0.0, 0.0, 1.0, 0.0, 15.384852231161402] 0
[1, 0.0, 1.0, 0.0, 0, 0.0, 1, 1.0, 1, 0, 1.0, 0.0, 1.0, 1.0, 0, 0.0, 0.0, 0.0, 0, 0.0, 0.0, 0.0, 0.0, 1.0, 1.0, 1.0, 0.0, 1.0, 1, 0.0, 0.0, 1.0, 1, 0.0, 1.0, 1.0, 0, 0.0, 0.0, 16.3667635462573] 0.44797721641081245
[1.0, 1, 1, 0, 0, 0, 1, 1, 0, 1.0, 1.0, 0, 0.0, 1.0, 0, 0, 0, 0, 0.0, 0, 0, 0.0, 0.0, 1.0, 1.0, 1, 0.0, 1, 1, 0.0, 0, 1, 1.0, 0.0, 1, 1, 0.0, 0, 0.0, 16.850945398615902] 1.0
[1, 1.0, 1.0, 0.0, 0.0, 1.0, 0.0, 1.0, 1.0, 1.0, 1.0, 1.0, 1.0, 1.0, 1.0, 1.0, 1.0, 1, 1.0, 1.0, 1, 1.0, 1.0, 1.0, 1, 1.0, 0.0, 1.0, 1, 0.0, 0.0, 1.0, 0.0, 1, 1.0, 0.0, 0.0, 0.0, 1.0, 15.4335231876757] 0
[1.0, 1, 1.0, 0, 0.0, 1, 0, 1, 0.0, 0.0, 1.0, 0.0, 0.0, 1, 0, 0.0, 0.0, 0.0, 0.0, 0.0, 0, 1.0, 0, 1, 1, 1.0, 0.0, 1.0, 1.0, 0.0, 0.0, 1.0, 1.0, 0, 1.0, 1.0, 0, 0, 0.0, 16.4740672302704] 0.5388181133393555
[1.0, 0.0, 0.0, 0.0, 0.0, 0, 0.0, 1.0, 1.0, 0.0, 1.0, 0.0, 0.0, 1.0, 0.0, 0.0, 0.0, 0.0, 1.0, 0, 0.0, 0.0, 0.0, 1.0, 1.0, 0.0, 1.0, 1.0, 1.0, 0.0, 0.0, 1.0, 0.0, 1.0, 1.0, 1.0, 0.0, 0.0, 0.0, 15.785919116638] 0
