[1. 1. 0. 1. 1. 1. 1. 0. 0. 1. 1. 1.] 0.9674611688526109
[1. 1. 1. 0. 1. 0. 0. 1. 1. 1. 1. 1.] 0.0
[0. 1. 0. 1. 1. 1. 1. 1. 0. 0. 1. 1.] 0.9595116536345814
[0. 0. 0. 1. 0. 0. 1. 1. 0. 0. 0. 1.] 0.0
[0. 1. 1. 0. 1. 0. 1. 0. 0. 0. 1. 0.] 0.0
[0. 1. 1. 1. 0. 1. 0. 0. 1. 0. 0. 0.] 0.0
[1. 0. 0. 0. 0. 1. 0. 0. 1. 1. 0. 1.] 0.0
[0. 1. 0. 1. 0. 1. 0. 1. 0. 0. 0. 0.] 0.0
[0. 1. 0. 1. 0. 0. 0. 1. 1. 1. 1. 0.] 0.0
[1. 1. 1. 1. 1. 1. 0. 0. 0. 0. 0. 1.] 0.0
[0. 1. 0. 1. 1. 1. 1. 0. 1. 0. 1. 1.] 0.9551770645830313
[1. 1. 0. 1. 0. 1. 0. 1. 0. 0. 0. 0.] 0.0
[1. 0. 1. 0. 1. 1. 1. 1. 1. 0. 0. 1.] 0.0
[1. 1. 0. 0. 1. 1. 0. 0. 1. 0. 1. 1.] 0.0
[0. 1. 1. 1. 1. 0. 1. 0. 0. 1. 0. 1.] 0.0
[1. 0. 0. 1. 1. 0. 1. 1. 1. 0. 1. 1.] 0.0
[0. 0. 0. 0. 1. 0. 1. 0. 1. 1. 1. 0.] 0.0
[0. 0. 0. 0. 0. 1. 0. 0. 1. 0. 0. 1.] 0.0
[1. 1. 1. 1. 1. 1. 1. 1. 0. 0. 1. 1.] 0.9724549245042751
[0. 1. 1. 0. 0. 1. 0. 0. 0. 1. 0. 1.] 0.0
[0. 1. 1. 1. 0. 0. 0. 1. 0. 1. 1. 0.] 0.0
[1. 0. 1. 1. 1. 1. 0. 0. 1. 0. 0. 1.] 0.0
[1. 0. 1. 0. 1. 0. 0. 0. 1. 0. 0. 1.] 0.0
[1. 1. 1. 1. 1. 1. 0. 1. 0. 0. 1. 1.] 0.0
[0. 0. 0. 0. 1. 1. 0. 0. 0. 1. 1. 1.] 0.0
[0. 1. 1. 1. 1. 1. 0. 0. 0. 0. 1. 0.] 0.018941145842122645
[0. 0. 0. 1. 1. 1. 1. 1. 1. 0. 0. 1.] 0.0
[0. 1. 1. 1. 1. 1. 1. 0. 1. 0. 1. 1.] 0.9699765145712027
[0. 1. 0. 1. 1. 1. 0. 0. 0. 0. 1. 1.] 0.0028989271232265483
[1. 1. 1. 0. 1. 1. 0. 0. 1. 1. 0. 0.] 0.0
