[0.0, 0.0, 0.0, 1.0, 0.0, 1.0, 1.0, 0.0, 1.0, 1.0, 0.0, 1.0, 1.0, 1.0, 0.0, 0.0, 0.0, 10.0, 5.34] 0.42399999999999993
[0.0, 0.0, 0.0, 1.0, 0.0, 0, 0, 0.0, 0.0, 0.0, 0.0, 0.0, 1.0, 1.0, 0.0, 1, 0.0, 10.0, 5.17] 0.3786666666666666
[0.0, 0.0, 0.0, 1.0, 0.0, 1.0, 1.0, 0.0, 0.0, 1.0, 0.0, 1, 1, 0.0, 1.0, 0.0, 0.0, 10.0, 6.92] 0.7657657657657657
[0.0, 0.0, 0.0, 1.0, 0.0, 1.0, 1.0, 0.0, 0.0, 0.0, 0.0, 1.0, 0.0, 1.0, 1.0, 0.0, 1.0, 10.0, 7.13] 0.8036036036036035
[0.0, 0.0, 1, 1.0, 0.0, 0.0, 0.0, 0.0, 0.0, 0.0, 0.0, 1.0, 0.0, 1, 0.0, 1.0, 0.0, 10.0, 7.59] 0.8864864864864863
[0.0, 0.0, 0.0, 1.0, 0.0, 0, 0.0, 0.0, 1.0, 1.0, 0.0, 1.0, 1.0, 1, 0.0, 0.0, 0.0, 10, 4.93] 0.3146666666666666
[0.0, 0.0, 1.0, 1.0, 0, 0.0, 1.0, 0.0, 0.0, 0.0, 0.0, 1.0, 1.0, 1.0, 0.0, 1.0, 0.0, 10.0, 7.59] 0.8864864864864863
[0.0, 0.0, 0.0, 1.0, 0.0, 0.0, 1.0, 0.0, 0.0, 0.0, 0.0, 1.0, 1.0, 1, 1.0, 1.0, 0.0, 10.0, 7.07] 0.7927927927927928
[0.0, 0.0, 1, 1.0, 0.0, 0, 1.0, 0.0, 0.0, 1.0, 0.0, 1.0, 1.0, 1, 0.0, 0.0, 0.0, 10.0, 7.46] 0.8630630630630629
[0.0, 0.0, 0.0, 1.0, 0.0, 0.0, 1.0, 0.0, 0.0, 0.0, 0.0, 1.0, 1.0, 1.0, 1.0, 1, 0.0, 10.0, 7.07] 0.7927927927927928
[0, 0.0, 0.0, 1.0, 0.0, 1.0, 0.0, 0.0, 0.0, 0.0, 0.0, 0.0, 0.0, 0, 1.0, 1.0, 0.0, 10, 6.21] 0.6378378378378378
[0.0, 0.0, 1.0, 1.0, 0.0, 1.0, 1.0, 0.0, 0.0, 1.0, 0.0, 1.0, 1.0, 1.0, 0.0, 0.0, 0.0, 10.0, 7.54] 0.8774774774774774
[0.0, 0.0, 1, 1.0, 0.0, 1.0, 1.0, 0.0, 0.0, 1.0, 0.0, 0.0, 0.0, 1, 0.0, 0.0, 0.0, 10.0, 7.2] 0.8162162162162162
[0.0, 0.0, 0.0, 1.0, 0, 1.0, 1.0, 0.0, 0, 0.0, 0, 1, 0, 0.0, 1, 1.0, 0, 10, 6.22] 0.6396396396396395
[0.0, 0.0, 1.0, 1.0, 0.0, 0.0, 1.0, 0.0, 0.0, 0.0, 0.0, 1.0, 0, 1.0, 0.0, 0.0, 1.0, 10.0, 7.46] 0.8630630630630629
[0.0, 0.0, 1.0, 1.0, 0.0, 0.0, 0.0, 0.0, 0.0, 1.0, 0.0, 1.0, 1.0, 1.0, 0.0, 0.0, 0.0, 10.0, 7.66] 0.899099099099099
[0, 0, 0.0, 1.0, 0.0, 0.0, 1.0, 0.0, 0.0, 0, 0.0, 1.0, 0, 0.0, 1.0, 1, 0.0, 10.0, 6.31] 0.6558558558558557
[0.0, 0.0, 0.0, 1.0, 0.0, 0.0, 0.0, 0.0, 1.0, 0.0, 0, 0.0, 1.0, 1.0, 0.0, 1.0, 0.0, 90.0, 3.4] 0.06904761904761905
[0, 0.0, 1.0, 1.0, 0.0, 0.0, 1, 0.0, 0.0, 0.0, 0.0, 1.0, 0.0, 1.0, 0.0, 1.0, 0.0, 10.0, 7.39] 0.8504504504504503
[0, 0.0, 1.0, 1.0, 0.0, 1.0, 1, 0.0, 0.0, 0.0, 0, 0, 1.0, 1.0, 0.0, 1.0, 0.0, 90.0, 3.63] 0.09642857142857143
[0.0, 0, 0.0, 1.0, 0.0, 1, 1.0, 0, 1.0, 0.0, 0.0, 1.0, 0.0, 1, 0.0, 0.0, 1.0, 10.0, 4.91] 0.30933333333333335
[0.0, 0.0, 0.0, 1, 0.0, 1, 1.0, 0.0, 1, 1.0, 0.0, 1.0, 1.0, 1, 0.0, 0.0, 0.0, 10, 5.13] 0.368
[0.0, 0, 1.0, 1, 0.0, 1.0, 0.0, 0, 0.0, 1.0, 0.0, 1.0, 1, 0, 0.0, 0.0, 0.0, 10.0, 6.61] 0.70990990990991
[0.0, 0.0, 0.0, 1.0, 0.0, 1.0, 1.0, 0.0, 0.0, 0.0, 0, 0.0, 0.0, 1.0, 1.0, 1, 0, 10.0, 6.7] 0.7261261261261261
[0.0, 0.0, 1, 1.0, 0.0, 0.0, 0.0, 0.0, 0.0, 0.0, 0.0, 0, 1.0, 1.0, 0.0, 0.0, 1.0, 10.0, 7.18] 0.8126126126126125
[0.0, 0, 0, 1.0, 0.0, 0.0, 1.0, 0.0, 0.0, 0.0, 0.0, 0.0, 1.0, 1.0, 0.0, 0.0, 1.0, 10.0, 5.12] 0.36533333333333334
[0.0, 0, 1, 1.0, 0.0, 0.0, 1.0, 0.0, 0, 1.0, 0.0, 1.0, 1.0, 0.0, 0.0, 0.0, 0.0, 10.0, 6.5] 0.69009009009009
[0.0, 0.0, 0.0, 1.0, 0.0, 0.0, 1, 0, 0, 1.0, 0.0, 0.0, 0.0, 1.0, 0.0, 0.0, 0.0, 10.0, 4.75] 0.26666666666666666
[0.0, 0.0, 0.0, 1.0, 0.0, 1.0, 1, 0.0, 0.0, 0.0, 0.0, 1.0, 1.0, 1, 1.0, 0, 1.0, 10.0, 7.06] 0.7909909909909909
[0.0, 0, 0.0, 1.0, 0.0, 1.0, 1.0, 0.0, 0.0, 0.0, 0.0, 1.0, 1.0, 1.0, 0.0, 1.0, 0.0, 10, 5.04] 0.34400000000000003
