[0.0, 1.0, 1.0, 1.0, 1.0, 1.0, 1.0, 1.0, 1.0, 1, 1.0, 0.0, 170.2764871] 0.998093473538154
[0.0, 1.0, 0.0, 1.0, 1.0, 0.0, 1.0, 1.0, 1.0, 0.0, 0, 1.0, 116.6466887] 0.9232358159161792
[0.0, 1.0, 0, 1.0, 1.0, 1.0, 0.0, 1.0, 1.0, 0, 0.0, 0.0, 124.825187] 0.9346515445571301
[1.0, 1.0, 0.0, 1.0, 1.0, 1.0, 1.0, 1.0, 0.0, 1.0, 1.0, 0.0, 169.7495425] 0.9973579526219958
[1.0, 0.0, 0.0, 1, 1.0, 1.0, 1.0, 0.0, 0.0, 0.0, 1.0, 0.0, 104.0687659] 0.9056792733475233
[0.0, 1.0, 1.0, 1.0, 0.0, 1.0, 1.0, 0.0, 0.0, 0.0, 0.0, 0.0, 124.4943442] 0.9341897468665183
[1.0, 1.0, 1.0, 1.0, 1.0, 1.0, 1.0, 1.0, 1.0, 1.0, 0.0, 1.0, 168.5880525] 0.9957367192154696
[1.0, 1.0, 0.0, 1.0, 1.0, 1.0, 1.0, 1.0, 0.0, 1, 0.0, 1.0, 169.9386673] 0.997621937196777
[1.0, 1.0, 1.0, 0.0, 1.0, 1, 0.0, 0.0, 1.0, 1.0, 0.0, 1.0, 59.76918387] 0.2984881039519651
[0.0, 1.0, 0.0, 1.0, 1.0, 1.0, 1.0, 1, 1.0, 1.0, 0.0, 1.0, 170.3034718] 0.9981311393786737
[0.0, 1.0, 1.0, 1.0, 1.0, 0.0, 0.0, 1.0, 0.0, 1.0, 0.0, 0, 101.8771613] 0.9026201832206892
[0.0, 1.0, 0.0, 1.0, 1.0, 0.0, 1.0, 1.0, 1, 1, 1.0, 0.0, 116.0864525] 0.9224538258491227
[1.0, 1.0, 1.0, 1.0, 1.0, 1.0, 0.0, 1.0, 0.0, 1.0, 1.0, 1.0, 122.8309164] 0.9318678975878293
[0.0, 1.0, 0.0, 1, 1, 1.0, 1, 1.0, 0.0, 0.0, 1.0, 0.0, 170.735281] 0.9987338682013801
[0.0, 1.0, 1.0, 1.0, 1.0, 1.0, 1.0, 1.0, 1.0, 0.0, 1.0, 1.0, 170.6282685] 0.9985844977893096
[0.0, 1.0, 1.0, 1.0, 1.0, 1.0, 0.0, 0.0, 0.0, 1.0, 1.0, 0.0, 124.5084798] 0.9342094776493415
[0.0, 1.0, 0.0, 1.0, 1, 1.0, 0.0, 0.0, 0.0, 0.0, 1.0, 0.0, 124.3074632] 0.9339288942373566
[0.0, 0.0, 0.0, 1.0, 1.0, 1, 1, 1.0, 1.0, 1.0, 1.0, 1.0, 105.0349133] 0.9070278432366385
[0.0, 1.0, 1.0, 1.0, 0.0, 1, 1.0, 1.0, 1.0, 0.0, 1.0, 0.0, 124.5283871] 0.9342372646985574
[0.0, 1.0, 0.0, 1.0, 1.0, 1, 1, 0.0, 0.0, 0.0, 0.0, 1.0, 171.4235804] 0.9996946117127078
[0, 1.0, 0.0, 1.0, 1, 1.0, 1.0, 1.0, 0.0, 1.0, 1.0, 0.0, 170.5539949] 0.9984808250572645
[0.0, 1.0, 1.0, 1.0, 1, 1.0, 1.0, 0.0, 0.0, 0.0, 1.0, 0.0, 171.6423678] 1.0
[0.0, 1.0, 0.0, 1, 1.0, 1.0, 0, 0.0, 0.0, 0.0, 1, 0.0, 124.3074632] 0.9339288942373566
[0.0, 1.0, 1.0, 1.0, 1.0, 0.0, 1.0, 1.0, 1.0, 1.0, 0.0, 1.0, 116.809094] 0.9234625048224607
[1.0, 1.0, 1, 1.0, 1.0, 1.0, 0, 1, 0.0, 1.0, 0.0, 1.0, 122.7682247] 0.9317803911277204
[0, 1.0, 1.0, 1.0, 1.0, 1.0, 1.0, 1.0, 1.0, 1.0, 0.0, 0.0, 169.9679244] 0.997662774903428
[1.0, 1.0, 0.0, 1.0, 1.0, 0.0, 1.0, 0.0, 1.0, 0.0, 1.0, 0.0, 116.1282482] 0.9225121652107093
[1, 1.0, 1.0, 1.0, 1.0, 1.0, 0.0, 1.0, 1.0, 0.0, 0.0, 1.0, 123.1014338] 0.9322454917521584
[0.0, 0.0, 0.0, 1.0, 1.0, 1.0, 1.0, 1.0, 1.0, 0.0, 1.0, 1, 105.4806907] 0.9076500691815493
[1.0, 1.0, 0.0, 1.0, 0.0, 1.0, 1.0, 0.0, 0.0, 1.0, 0.0, 0.0, 124.0003321] 0.9335001938615435
