[0, 1.0, 0.0, 1.0, 0.0, 1.0, 1, 1.0, 0.0, 1, 1.0, 0, 123.5682514] 0.9328970860731378
[0, 1.0, 0.0, 1.0, 1.0, 1.0, 0.0, 0.0, 0.0, 1.0, 0, 1.0, 124.2786868] 0.9338887275023873
[0.0, 1.0, 0.0, 1.0, 1.0, 1.0, 1.0, 0.0, 1.0, 1.0, 1.0, 0.0, 170.3049545] 0.9981332089640957
[1.0, 1.0, 0.0, 1.0, 1.0, 1.0, 1.0, 0.0, 1.0, 1.0, 0.0, 0.0, 170.051348] 0.9977792194076534
[1.0, 1.0, 0.0, 1.0, 1.0, 1.0, 1, 0.0, 0.0, 0.0, 1.0, 0.0, 170.0809813] 0.997820582222577
[0.0, 1.0, 1.0, 1, 1, 1.0, 1.0, 0.0, 1, 0, 1.0, 0.0, 170.2916942] 0.9981146999443533
[0, 1.0, 0.0, 1.0, 1.0, 1.0, 1.0, 1.0, 0.0, 0.0, 0.0, 1.0, 168.730082] 0.9959349671298832
[1.0, 1.0, 1.0, 1.0, 1.0, 1.0, 1.0, 1.0, 1.0, 1.0, 1.0, 0.0, 169.7782757] 0.9973980590574506
[0.0, 1, 1.0, 1.0, 1, 1.0, 1.0, 1.0, 0.0, 1.0, 0.0, 1.0, 170.3886647] 0.9982500535109338
[1.0, 1.0, 1.0, 1.0, 1, 1, 1.0, 1.0, 1.0, 0, 1.0, 0.0, 168.9820573] 0.9962866798213221
[0.0, 1.0, 0.0, 1.0, 0.0, 1.0, 1.0, 1.0, 0.0, 0.0, 1.0, 0.0, 125.0754786] 0.9350009071029057
[1.0, 1.0, 0.0, 1.0, 1.0, 1.0, 1.0, 0.0, 0.0, 1.0, 0.0, 0.0, 170.1990225] 0.9979853467378
[0.0, 1.0, 0.0, 1.0, 1.0, 1.0, 1, 1.0, 0, 0.0, 0, 1.0, 168.730082] 0.9959349671298832
[0.0, 1.0, 1.0, 1.0, 1.0, 0.0, 1.0, 0.0, 1.0, 0.0, 0.0, 0.0, 117.1628437] 0.9239562764702481
[0.0, 1.0, 1, 1.0, 1.0, 0.0, 0.0, 0.0, 0, 0.0, 0.0, 0.0, 101.6270802] 0.9022711144954648
[0.0, 1, 0.0, 1.0, 1.0, 1.0, 0.0, 0.0, 0.0, 1.0, 1.0, 0.0, 124.5543885] 0.9342735580272097
[0, 1.0, 0.0, 1.0, 1.0, 1.0, 0.0, 1.0, 1.0, 1, 0.0, 1.0, 124.6115718] 0.9343533757408838
[0.0, 1.0, 1.0, 1.0, 1.0, 1.0, 0.0, 1.0, 1.0, 0.0, 1.0, 1.0, 125.5577307] 0.9356740452400291
[1.0, 1.0, 0.0, 1.0, 1.0, 1.0, 1.0, 0.0, 0.0, 1.0, 1, 1.0, 169.7482226] 0.997356110276411
[1.0, 1.0, 0.0, 1.0, 1.0, 0.0, 1.0, 1.0, 1, 0.0, 0.0, 1.0, 115.2956846] 0.9213500545413297
[0.0, 1.0, 1.0, 1.0, 1.0, 1.0, 1, 1.0, 0.0, 1.0, 0.0, 0.0, 169.6873534] 0.9972711477020725
[0.0, 1.0, 0, 1.0, 1.0, 1.0, 1.0, 0.0, 1.0, 1.0, 0.0, 1.0, 171.1972303] 0.9993786672416486
[0.0, 1.0, 0.0, 1.0, 1, 1.0, 1.0, 1.0, 0, 0.0, 1.0, 0, 170.735281] 0.9987338682013801
[0, 1.0, 0.0, 1.0, 1.0, 1.0, 0.0, 0.0, 1.0, 0.0, 0.0, 1.0, 124.6732724] 0.9344394988017133
[0.0, 1.0, 1.0, 1.0, 0.0, 1.0, 1.0, 0.0, 0, 1.0, 0.0, 1.0, 125.3297246] 0.9353557892875786
[1.0, 1.0, 0.0, 1.0, 1.0, 1.0, 1.0, 0.0, 0.0, 1.0, 0.0, 0.0, 170.1990225] 0.9979853467378
[0.0, 1.0, 0.0, 1.0, 1.0, 1.0, 1.0, 0.0, 0.0, 0.0, 1.0, 1.0, 169.7205956] 0.9973175478993591
[0.0, 1.0, 0.0, 1.0, 1.0, 1, 1.0, 0.0, 0.0, 1.0, 1.0, 0.0, 170.5559134] 0.9984835029419561
[1.0, 1.0, 1, 1.0, 1.0, 1.0, 0, 0, 1.0, 1.0, 1.0, 1.0, 110.7805514] 0.9150477318534411
[1.0, 1.0, 0.0, 1.0, 1.0, 1.0, 1.0, 0.0, 0, 1.0, 1.0, 1.0, 169.7482226] 0.997356110276411
