[1.0, 0.0, 0.0, 1.0, 1.0, 0.0, 0.0, 0.0, 1, 0.0, 0.0, 80, 1, 10.0, 420688.8] 0.7206639999999996
[1, 0, 0, 1.0, 1, 0.0, 0.0, 0, 1.0, 0.0, 0, 0, 8, 10.0, 422061.6] 0.7618479999999993
[1, 0, 1.0, 1.0, 1, 0, 0.0, 0.0, 1, 0.0, 1, 0, 1, 10.0, 424574.6] 0.8372379999999993
[1, 1.0, 0, 1.0, 1.0, 0.0, 0.0, 0, 1.0, 0.0, 1.0, 0, 256.0, 10.0, 422061.4] 0.7618420000000007
[1, 0, 1, 1, 1, 0, 0.0, 0.0, 1, 0.0, 1, 0, 1, 10.0, 424574.6] 0.8372379999999993
[1.0, 0, 1, 1.0, 1, 0.0, 0.0, 0.0, 1.0, 0.0, 1.0, 0, 1, 10.0, 424574.6] 0.8372379999999993
[1.0, 1, 0.0, 1.0, 1, 0.0, 0.0, 0.0, 1.0, 0.0, 1, 90, 1, 10.0, 420124.2] 0.7037260000000003
[1, 1, 0, 1, 1, 0.0, 0, 0.0, 1.0, 0.0, 0, 40.0, 1, 10.0, 420743.8] 0.7223139999999996
[1.0, 1.0, 1, 1, 1, 0.0, 0.0, 0, 1, 0.0, 0, 0, 128, 10.0, 422401.4] 0.7720420000000007
[1.0, 1.0, 1, 1.0, 1, 0.0, 0, 0, 1, 0.0, 1.0, 100, 1, 10, 421113.8] 0.7334139999999996
[1.0, 1.0, 1, 1.0, 1.0, 0.0, 0, 0, 1.0, 0.0, 0.0, 0, 128, 10, 422401.4] 0.7720420000000007
[1, 1, 1, 1.0, 1.0, 0, 0, 0, 0, 1, 1.0, 60, 2048, 10.0, 303751.4] 0.3125046666666667
[1, 0, 0, 1.0, 1.0, 0, 0, 0, 1, 0, 0, 0, 4096, 10.0, 421383.2] 0.7414960000000003
[1, 0, 1, 1, 1, 0.0, 0, 0.0, 1.0, 0, 1, 0, 1024, 10, 422519.2] 0.7755760000000003
[1.0, 0, 1.0, 1.0, 1, 0.0, 0, 0.0, 1.0, 0.0, 1.0, 0.0, 1024, 10.0, 422519.2] 0.7755760000000003
[1, 1, 0, 1.0, 1, 0, 0.0, 0.0, 1.0, 0.0, 1, 40, 1, 10.0, 421557.6] 0.7467279999999993
[1, 1.0, 1.0, 0, 1, 0.0, 0.0, 0, 0.0, 1.0, 0, 30, 64, 10.0, 303385.0] 0.3112833333333333
[1.0, 1, 0, 1.0, 1.0, 0, 0.0, 0.0, 1.0, 0.0, 0, 10, 2.0, 10.0, 418818.6] 0.6960619999999998
[1, 0.0, 1, 1.0, 1, 0.0, 0.0, 0.0, 1, 0.0, 1.0, 0, 1, 10.0, 424574.6] 0.8372379999999993
[1, 0.0, 0, 1, 1.0, 0.0, 0.0, 0.0, 1.0, 0.0, 0, 0, 1024, 10.0, 421959.2] 0.7587760000000003
[1, 1, 1.0, 1.0, 1, 0.0, 0.0, 0.0, 1.0, 0.0, 0, 0.0, 2, 10.0, 421697.4] 0.7509220000000006
[1, 0.0, 1.0, 1.0, 1, 0.0, 0.0, 0.0, 1.0, 0.0, 0.0, 0, 8.0, 10.0, 421457.2] 0.7437160000000003
[1.0, 0.0, 1, 1, 1.0, 0.0, 0.0, 0.0, 1, 0, 1, 0, 1.0, 10.0, 424574.6] 0.8372379999999993
[1, 1.0, 1, 1, 1, 0.0, 0, 0, 1, 0, 1, 80, 4, 10.0, 415556.8] 0.6851893333333332
[1.0, 0, 1, 1.0, 1, 0.0, 0, 0.0, 1.0, 0.0, 1.0, 0, 1, 10.0, 424574.6] 0.8372379999999993
[1.0, 0, 1, 1, 1, 0, 0.0, 0, 0.0, 1.0, 0, 60, 128, 10, 303528.8] 0.31176266666666663
[1, 1.0, 1, 1.0, 1.0, 0, 0, 0.0, 1, 0, 0, 0, 128, 10, 422401.4] 0.7720420000000007
[1, 1, 0, 1, 1, 1.0, 0.0, 0.0, 0, 0, 1.0, 0, 64.0, 8, 131931.4] 0
[1, 0.0, 1.0, 0, 1, 0, 0.0, 0.0, 0.0, 1, 0, 60, 256, 10.0, 304798.6] 0.31599533333333324
[1, 1, 0.0, 1.0, 1.0, 0, 0, 0.0, 1.0, 0.0, 1, 90, 2, 10.0, 421820.2] 0.7546060000000003
