[1.0, 0.0, 0.0, 0.0, 1.0, 0.0, 0.0, 0.0, 1.0, 0.0, 1.0, 50.0, 2.0, 10, 181745.6] 0.5
[1.0, 0.0, 1.0, 0.0, 1.0, 1.0, 0.0, 0.0, 0.0, 0.0, 1.0, 100.0, 2048.0, 6.0, 89526.6] 0
[1.0, 0, 1.0, 0.0, 1.0, 0.0, 0, 0.0, 0.0, 1, 1, 90.0, 8.0, 10.0, 299354.8] 0.5
[1, 1.0, 1.0, 1.0, 1, 1.0, 0.0, 0.0, 0.0, 0.0, 1.0, 40.0, 1024.0, 8.0, 103114.0] 0.015640495867768594
[1.0, 1.0, 1.0, 1, 1.0, 0.0, 1.0, 0.0, 0.0, 0.0, 1.0, 70.0, 2.0, 8.0, 117456.8] 0.16380991735537193
[1.0, 1.0, 0.0, 1.0, 1.0, 0, 0.0, 0.0, 0, 1.0, 1.0, 30.0, 16.0, 10.0, 300946.6] 0.5
[1.0, 1.0, 0, 1.0, 1.0, 1.0, 0.0, 0.0, 0.0, 0.0, 0.0, 50, 2.0, 10.0, 117809.6] 0.16745454545454552
[1.0, 1.0, 0.0, 1.0, 1.0, 0.0, 0.0, 0.0, 1.0, 0.0, 1, 10.0, 1024.0, 10.0, 417038.8] 0.7129849999999999
[1.0, 0.0, 0.0, 1.0, 1, 0.0, 1.0, 0.0, 0.0, 0.0, 0.0, 0.0, 1, 8.0, 131642.4] 0.3103553719008264
[1.0, 0, 0.0, 0.0, 1.0, 0.0, 0.0, 0.0, 0.0, 1.0, 1.0, 10.0, 2048.0, 8.0, 121860.2] 0.20929958677685948
[1.0, 0.0, 1.0, 1.0, 1.0, 0.0, 0.0, 0, 1.0, 0.0, 0, 90.0, 512, 8.0, 125347.0] 0.2453202479338843
[1.0, 0.0, 1.0, 1.0, 1.0, 0.0, 0.0, 0.0, 0.0, 1.0, 0.0, 50.0, 512.0, 10.0, 300994.6] 0.5
[1, 0.0, 1.0, 1.0, 1.0, 0.0, 0, 0.0, 0.0, 1, 1, 20.0, 4096.0, 10.0, 300741.8] 0.5
[1.0, 0.0, 1.0, 1.0, 1.0, 0.0, 0.0, 0.0, 1.0, 0.0, 1.0, 100.0, 4096.0, 10.0, 416612.8] 0
[1.0, 0, 0.0, 0.0, 1.0, 0.0, 0.0, 0.0, 0.0, 1, 0.0, 100.0, 128.0, 8.0, 121635.6] 0.20697933884297526
[1.0, 0.0, 0.0, 1.0, 1.0, 0.0, 0.0, 0.0, 0.0, 1.0, 0.0, 40.0, 1.0, 10.0, 299132.4] 0
[1.0, 1.0, 1.0, 1.0, 1, 0.0, 0.0, 0.0, 1.0, 0.0, 0.0, 70.0, 1024.0, 10.0, 415208.6] 0.6901074999999997
[1.0, 1.0, 0.0, 1.0, 1.0, 0.0, 0.0, 0.0, 0.0, 1.0, 0.0, 60, 256, 8.0, 122794.6] 0.21895247933884304
[1, 1.0, 0.0, 1.0, 1.0, 0.0, 0.0, 0.0, 0.0, 1.0, 0, 100, 1024, 8, 121837.0] 0.2090599173553719
[1, 0.0, 0.0, 1.0, 1.0, 1.0, 0.0, 0.0, 0.0, 0.0, 1.0, 90.0, 4.0, 6.0, 103054.6] 0.015026859504132292
[1.0, 1.0, 1.0, 1.0, 1.0, 0.0, 0.0, 0.0, 1.0, 0.0, 1.0, 0.0, 32.0, 6.0, 40810.8] 0
[1.0, 0.0, 0.0, 0, 1.0, 0.0, 0.0, 0.0, 0.0, 1.0, 1.0, 60.0, 1024.0, 10.0, 300768.4] 0.5
[1.0, 1.0, 1.0, 0.0, 1.0, 0.0, 0.0, 0.0, 0.0, 1.0, 0.0, 30.0, 16.0, 10.0, 301320.4] 0
[1.0, 1.0, 1.0, 1.0, 1.0, 0.0, 0.0, 0.0, 1.0, 0.0, 1.0, 0.0, 4096.0, 10.0, 420931.4] 0.7616425000000002
[1.0, 1.0, 0.0, 0.0, 1, 0.0, 0.0, 0.0, 0.0, 1, 1.0, 90.0, 256.0, 8.0, 122205.8] 0.21286983471074383
[1.0, 1.0, 1, 0.0, 1.0, 0.0, 0, 0, 0.0, 1.0, 0.0, 50.0, 128.0, 10.0, 300768.8] 0.5
[1.0, 1, 1, 1.0, 1.0, 0.0, 1, 0.0, 0, 0.0, 1.0, 40.0, 128.0, 10.0, 102895.4] 0.013382231404958618
[1.0, 0.0, 1.0, 1.0, 1.0, 0.0, 0.0, 0.0, 1.0, 0.0, 1.0, 90.0, 4.0, 8.0, 124534.0] 0.23692148760330578
[1.0, 0.0, 1.0, 0.0, 1.0, 1.0, 0.0, 0.0, 0.0, 0.0, 1.0, 50.0, 2.0, 2.0, 17708.2] 0
[1.0, 0.0, 1.0, 0.0, 1.0, 0.0, 0.0, 0.0, 0.0, 1.0, 0.0, 90.0, 8.0, 8.0, 121451.0] 0.20507231404958678
