[1.0, 0.0, 1.0, 0.0, 0, 0.0, 2, 0.0, 2, 8, 8.0, 128, 16856.4] 0.5284600000000003
[1, 0.0, 0, 0, 0, 0, 3, 0.0, 2, 8.0, 8, 0, 19692.2] 0.9538300000000001
[1, 0, 0, 0.0, 0, 0.0, 4, 0, 2, 8.0, 8.0, 0, 19707.8] 0.95617
[1.0, 0, 0, 0, 0, 0, 3, 0, 2, 8.0, 8.0, 0, 19692.2] 0.9538300000000001
[1.0, 0, 0, 0, 0.0, 0.0, 3.0, 0.0, 1, 8, 8.0, 64.0, 19555.0] 0.9332499999999999
[1, 0, 0, 0, 0, 0, 3.0, 0, 2, 8, 8.0, 0, 19692.2] 0.9538300000000001
[1, 0, 0.0, 0.0, 0, 0.0, 3, 0.0, 1, 8.0, 8, 0, 19673.8] 0.9510699999999999
[1, 0.0, 0.0, 0.0, 0, 0.0, 4, 0.0, 2.0, 8.0, 8.0, 0, 19707.8] 0.95617
[1, 0.0, 0.0, 0, 0.0, 0, 4, 0, 2, 8.0, 8, 0, 19707.8] 0.95617
[1.0, 0.0, 0, 0.0, 0.0, 0, 4, 0, 1.0, 8, 8, 128, 19149.2] 0.87238
[1.0, 0, 0, 0, 0, 0, 3.0, 0.0, 1, 8, 8, 0.0, 19673.8] 0.9510699999999999
[1, 0.0, 1.0, 1.0, 1, 0, 1, 0, 1, 8.0, 8.0, 0, 16523.4] 0.4785100000000002
[1, 0.0, 0.0, 0.0, 0.0, 0, 4, 0, 2, 8, 8, 0, 19707.8] 0.95617
[1.0, 0, 0.0, 0.0, 0.0, 1, 3, 0, 1, 8, 8.0, 0, 18647.2] 0.79708
[1, 0.0, 0, 0.0, 0.0, 0, 4, 0.0, 2, 8, 8, 0.0, 19707.8] 0.95617
[1.0, 0.0, 0, 0, 0, 0.0, 4, 0, 2, 8.0, 8, 0, 19707.8] 0.95617
[1, 0.0, 0, 0.0, 0.0, 0, 4, 0.0, 2.0, 8.0, 8.0, 0, 19707.8] 0.95617
[1, 0.0, 0.0, 0.0, 0, 0.0, 4, 0, 2.0, 8.0, 8, 0.0, 19707.8] 0.95617
[1, 0, 0.0, 0, 0.0, 0.0, 4, 0.0, 2, 8, 8, 0, 19707.8] 0.95617
[1, 0.0, 0, 0.0, 0.0, 0, 3, 0, 1.0, 8, 8, 64, 19555.0] 0.9332499999999999
[1.0, 0.0, 1.0, 1.0, 1.0, 0.0, 3, 0.0, 1, 8.0, 8, 8.0, 15612.2] 0.3418300000000001
[1, 0.0, 0, 0.0, 0.0, 0, 4, 0.0, 2, 8, 8.0, 0.0, 19707.8] 0.95617
[1, 0, 0, 0, 0.0, 0.0, 4, 0.0, 2, 8.0, 8.0, 0, 19707.8] 0.95617
[1, 0.0, 0, 0, 0, 0, 4, 0.0, 2, 8.0, 8, 0.0, 19707.8] 0.95617
[1, 0, 0, 0, 0, 0, 4, 0, 1, 8.0, 8.0, 0, 19332.8] 0.8999199999999999
[1, 0, 0.0, 0, 0.0, 0, 4, 0.0, 2, 8, 8.0, 128, 19600.2] 0.9400300000000001
[1, 0.0, 0, 0.0, 0.0, 1, 3.0, 0.0, 1, 8, 8.0, 0, 18647.2] 0.79708
[1.0, 0.0, 0, 0.0, 0, 0.0, 4, 0.0, 2, 8.0, 8, 0, 19707.8] 0.95617
[1.0, 0, 0, 0.0, 0.0, 0.0, 4, 0, 2, 8.0, 8, 128, 19600.2] 0.9400300000000001
[1, 0, 0, 0.0, 0, 0, 4.0, 0.0, 2, 8.0, 8.0, 128, 19600.2] 0.9400300000000001
