[1, 0, 0.0, 0.0, 0.0, 0, 4.0, 0, 2, 8, 8, 0.0, 19707.8] 0.95617
[1.0, 0, 0, 0.0, 0, 0, 3, 0, 1.0, 8.0, 8.0, 64, 19555.0] 0.9332499999999999
[1.0, 0, 0, 0.0, 0.0, 0, 4, 0, 2, 8.0, 8.0, 0.0, 19707.8] 0.95617
[1, 0, 0, 0, 0.0, 0, 3, 0.0, 2.0, 8, 10, 0, 18819.2] 0.8228800000000002
[1, 0.0, 0.0, 0, 0.0, 0.0, 3, 0, 1, 8.0, 8.0, 128, 19583.4] 0.9375100000000002
[1.0, 0.0, 1, 0, 0, 0, 2, 0.0, 2, 8, 8, 0, 16868.0] 0.5302
[1, 0, 1, 1, 1, 0.0, 1, 0.0, 1.0, 8.0, 8.0, 0, 16523.4] 0.4785100000000002
[1.0, 0.0, 1.0, 0.0, 0.0, 0.0, 4.0, 0.0, 3.0, 8.0, 32.0, 0.0, 10397.6] 0.1
[1, 0.0, 0, 0, 0.0, 0, 3, 0.0, 1.0, 8.0, 8, 32, 18729.0] 0.80935
[1, 0.0, 0, 0.0, 0, 0.0, 4, 0, 1.0, 10, 10, 64, 17328.4] 0.5992600000000002
[1, 0, 1.0, 1.0, 1.0, 1, 3, 0.0, 4.0, 8, 8.0, 0, 15069.2] 0.2603800000000001
[1.0, 0.0, 0.0, 0.0, 0.0, 0.0, 3.0, 0, 1.0, 8.0, 8.0, 0, 19673.8] 0.9510699999999999
[1.0, 0, 0, 0.0, 0, 0, 4, 0.0, 2, 8.0, 8, 0, 19707.8] 0.95617
[1.0, 0, 1.0, 0.0, 0.0, 0.0, 1, 0, 2.0, 8.0, 8, 10.0, 15588.0] 0.3382
[1.0, 0, 1, 1.0, 1.0, 0.0, 1, 0.0, 1, 8, 8, 0.0, 16523.4] 0.4785100000000002
[1.0, 0.0, 0.0, 0.0, 0.0, 0, 4.0, 0.0, 2, 8.0, 8.0, 0, 19707.8] 0.95617
[1, 0.0, 0.0, 0.0, 0, 0.0, 3, 0.0, 2, 8.0, 10.0, 32.0, 18314.8] 0.7472199999999999
[1, 0, 0, 0, 0.0, 0, 4, 0, 2, 8, 8.0, 0, 19707.8] 0.95617
[1, 0, 0.0, 0.0, 0, 0, 3.0, 0.0, 2, 8, 8.0, 0, 19692.2] 0.9538300000000001
[1.0, 0.0, 0.0, 0.0, 0.0, 0, 3.0, 0, 4.0, 8.0, 10.0, 0, 15304.8] 0.29571999999999987
[1.0, 0, 0.0, 0.0, 0.0, 0.0, 3, 0.0, 1, 10.0, 8.0, 128, 16057.2] 0.40858000000000005
[1.0, 0, 0.0, 0, 0, 0, 4, 0.0, 2, 8.0, 8, 0, 19707.8] 0.95617
[1, 0, 0, 0.0, 0.0, 0.0, 3, 0, 1, 8.0, 8.0, 128, 19583.4] 0.9375100000000002
[1.0, 0.0, 0.0, 0, 0.0, 1, 4, 0, 2.0, 8, 10.0, 0, 16704.0] 0.5056
[1.0, 0.0, 0, 0.0, 0, 0.0, 3, 0, 1.0, 8, 8, 64.0, 19555.0] 0.9332499999999999
[1, 0, 0, 0.0, 0, 0, 4, 0.0, 1, 8.0, 8.0, 0, 19332.8] 0.8999199999999999
[1, 0, 0.0, 0, 0, 0.0, 3, 0, 1, 8, 10.0, 0, 18899.0] 0.83485
[1, 0, 0.0, 0.0, 0, 0.0, 3, 0.0, 2.0, 8, 10.0, 0, 18819.2] 0.8228800000000002
[1, 0, 0, 0.0, 0.0, 0.0, 4.0, 0, 2, 8.0, 8.0, 0, 19707.8] 0.95617
[1, 0.0, 1.0, 1.0, 1.0, 0, 4.0, 0, 1.0, 8.0, 8, 0, 16275.6] 0.44134000000000007
