[1.0, 1.0, 0.0, 1.0, 1.0, 0.0, 0.0, 1.0, 0.0, 0.0, 1.0, 1.0, 0.0, 1.0, 4096.0, 1.0, 168.8756] 0
[1.0, 1.0, 0.0, 1.0, 0.0, 1.0, 0.0, 1.0, 0.0, 0.0, 0.0, 1.0, 1.0, 0.0, 2048.0, 9.0, 167.623] 0
[1.0, 1.0, 0.0, 1.0, 0.0, 0.0, 0.0, 0.0, 1.0, 0.0, 0.0, 1.0, 0.0, 1.0, 4096.0, 0.0, 168.9744] 0
[1.0, 1.0, 0.0, 1.0, 0.0, 0.0, 1.0, 0.0, 1.0, 1.0, 0.0, 1.0, 0.0, 1.0, 1024.0, 0.0, 31.6156] 0
[1.0, 1.0, 0.0, 1.0, 0.0, 1.0, 1.0, 0.0, 1.0, 0.0, 0.0, 1.0, 1.0, 0.0, 4096.0, 0.0, 166.8928] 0
[1.0, 1.0, 1.0, 0.0, 0.0, 0.0, 0.0, 1.0, 0.0, 0.0, 1.0, 1.0, 0.0, 1.0, 1024.0, 1.0, 168.8624] 0
[1.0, 1.0, 0.0, 1.0, 0.0, 1.0, 1.0, 0.0, 1.0, 1.0, 0.0, 1.0, 1.0, 0.0, 2048.0, 0.0, 31.5874] 0
[1.0, 1.0, 0.0, 1.0, 0.0, 0.0, 1.0, 1.0, 0.0, 0.0, 1.0, 1.0, 1.0, 0.0, 4096.0, 9.0, 166.4788] 0
[1.0, 1.0, 0.0, 1.0, 0.0, 1.0, 1.0, 0.0, 1.0, 0.0, 0.0, 1.0, 0.0, 1.0, 1024.0, 0.0, 168.2534] 0
[1.0, 1.0, 1, 0.0, 0.0, 0.0, 1, 1.0, 0.0, 0.0, 0.0, 1.0, 1.0, 0.0, 4096.0, 5.0, 168.2126] 0
[1.0, 1.0, 0.0, 1.0, 0.0, 1.0, 1.0, 0.0, 1.0, 0.0, 1.0, 1.0, 1.0, 0.0, 1024.0, 0.0, 168.3496] 0
[1.0, 1.0, 1.0, 0.0, 0.0, 0.0, 1.0, 1.0, 0.0, 0.0, 1.0, 1.0, 0.0, 1.0, 4096.0, 1.0, 168.9628] 0
[1.0, 1.0, 0.0, 1.0, 0.0, 0.0, 1.0, 1.0, 0.0, 0.0, 1.0, 1.0, 0, 1.0, 1024.0, 5.0, 168.6976] 0
[1.0, 1.0, 0.0, 1.0, 1.0, 0.0, 1.0, 0.0, 1.0, 0.0, 1.0, 1.0, 0.0, 1.0, 1024.0, 0.0, 166.3254] 0
[1.0, 1.0, 0.0, 1.0, 0.0, 1.0, 0.0, 0.0, 1.0, 0.0, 1.0, 1.0, 0.0, 1.0, 4096.0, 0.0, 166.426] 0
[1.0, 1.0, 1.0, 0.0, 0.0, 0.0, 0.0, 0.0, 1.0, 1.0, 1.0, 1.0, 0.0, 1.0, 1024.0, 0.0, 32.8006] 0
[1.0, 1.0, 1.0, 0.0, 0.0, 0.0, 0.0, 1.0, 0.0, 0.0, 1.0, 1.0, 0.0, 1.0, 4096.0, 5.0, 169.022] 0
[1.0, 1.0, 0.0, 1.0, 0.0, 1.0, 1.0, 1.0, 0.0, 0.0, 0.0, 1.0, 0.0, 1.0, 1024.0, 1.0, 168.6218] 0
[1.0, 1.0, 0.0, 1.0, 1.0, 0.0, 1.0, 0.0, 1.0, 0.0, 1.0, 1.0, 0.0, 1.0, 4096.0, 0.0, 166.1096] 0
[1.0, 1.0, 1.0, 0, 0.0, 0.0, 0.0, 1.0, 0.0, 0.0, 1.0, 1.0, 0.0, 1, 4096, 5.0, 169.022] 0
[1.0, 1.0, 0.0, 1.0, 1.0, 0.0, 1.0, 0.0, 1.0, 0.0, 1.0, 1.0, 0.0, 1, 4096.0, 0.0, 168.7526] 0
[1.0, 1.0, 0.0, 1.0, 0.0, 0.0, 0.0, 1.0, 0.0, 0.0, 1.0, 1.0, 0.0, 1.0, 2048.0, 9.0, 168.8536] 0
[1.0, 1.0, 0.0, 1.0, 0.0, 1.0, 1.0, 1.0, 0.0, 0.0, 1.0, 1.0, 0.0, 1.0, 512.0, 1.0, 163.6666] 0
[1, 1.0, 0, 1.0, 0.0, 1.0, 1.0, 1.0, 0.0, 0.0, 1.0, 1, 1.0, 0.0, 1024.0, 5.0, 168.1608] 0
[1.0, 1.0, 1.0, 0.0, 0.0, 0, 1, 1.0, 0.0, 0.0, 1.0, 1, 0.0, 1.0, 4096.0, 1.0, 168.9628] 0
[1.0, 1.0, 1.0, 0.0, 0.0, 0.0, 1.0, 1, 0.0, 0.0, 0, 1.0, 0, 1.0, 2048.0, 1, 168.902] 0
[1.0, 1.0, 1.0, 0.0, 0.0, 0.0, 1.0, 1.0, 0.0, 0.0, 0.0, 1.0, 0.0, 1.0, 4096.0, 9.0, 165.5292] 0
[1.0, 1.0, 1.0, 0.0, 0.0, 0.0, 0.0, 1.0, 0.0, 0.0, 0.0, 1.0, 0.0, 1.0, 4096.0, 1.0, 168.7924] 0
[1.0, 1.0, 0.0, 1.0, 0.0, 0, 1.0, 0.0, 1.0, 0.0, 1.0, 1.0, 0, 1.0, 4096, 0.0, 168.9182] 0
[1.0, 1.0, 0.0, 1.0, 0.0, 0.0, 0.0, 1.0, 0.0, 0.0, 0.0, 1.0, 0.0, 1.0, 2048.0, 5.0, 165.2438] 0
