[1.0, 1.0, 0.0, 0.0, 1.0, 1.0, 1.0, 1.0, 0.0, 1.0, 1.0, 0.0, 66.46015978] 0
[0, 1, 1.0, 1.0, 1, 1.0, 1, 0.0, 0.0, 0, 1.0, 0.0, 171.6423678] 1.0
[1.0, 1.0, 1.0, 1, 1, 1.0, 1.0, 0.0, 0, 1.0, 1, 1, 170.6573937] 0
[0.0, 1.0, 1.0, 1.0, 1.0, 1.0, 1.0, 0.0, 0.0, 0, 0.0, 1.0, 171.5690527] 0.7425151614339472
[0.0, 1.0, 1, 1.0, 1, 1.0, 1.0, 0.0, 0, 0, 0.0, 1.0, 171.5690527] 0.7425151614339472
[1, 1, 0.0, 1.0, 1.0, 1, 1.0, 0, 0, 1, 1.0, 0, 170.7705431] 0
[0.0, 1, 1, 1.0, 1.0, 1.0, 1, 0.0, 0, 0, 0.0, 1.0, 171.5690527] 0.7425151614339472
[1, 1.0, 0.0, 1, 1.0, 1, 1.0, 0, 0, 1, 1, 0, 170.7705431] 0
[0, 1.0, 1.0, 1.0, 1.0, 1.0, 1.0, 0, 0.0, 0, 0, 1.0, 171.5690527] 0.7425151614339472
[0.0, 1.0, 1.0, 1.0, 1, 1.0, 1, 0.0, 0, 0, 1.0, 0.0, 171.6423678] 1.0
[0, 1.0, 1, 1.0, 1.0, 1.0, 1.0, 0.0, 0.0, 0.0, 1, 0.0, 171.6423678] 1.0
[0, 1.0, 1, 1, 1.0, 1.0, 1.0, 0, 0.0, 0.0, 1.0, 0.0, 171.6423678] 1.0
[0, 1.0, 1, 1.0, 1, 1.0, 1, 0, 0.0, 0, 0.0, 1.0, 171.5690527] 0.7425151614339472
[0.0, 1.0, 1.0, 1.0, 1.0, 1.0, 1.0, 0, 0.0, 0.0, 0.0, 1, 171.5690527] 0.7425151614339472
[0, 1, 1, 1, 1.0, 1.0, 1.0, 0.0, 0, 0, 1, 0, 171.6423678] 1.0
[0.0, 1.0, 1.0, 1.0, 1.0, 1.0, 1.0, 0.0, 0.0, 0, 1.0, 0, 171.6423678] 1.0
[0, 1.0, 1.0, 1.0, 1.0, 1, 1.0, 0, 0, 0, 1, 0, 171.6423678] 1.0
[0, 1, 1.0, 1.0, 1.0, 1.0, 1.0, 0, 0.0, 0, 0, 1, 171.5690527] 0.7425151614339472
[0, 1, 1.0, 1.0, 1, 1, 1, 0, 0, 0, 1, 0, 171.6423678] 1.0
[0, 1, 1.0, 1.0, 1.0, 1.0, 1, 0.0, 0, 0, 0, 1, 171.5690527] 0.7425151614339472
[0.0, 1.0, 1, 1.0, 1.0, 1, 1, 0.0, 0.0, 0, 1, 0, 171.6423678] 1.0
[0.0, 1, 1, 1.0, 1, 1.0, 1.0, 0.0, 0.0, 0.0, 1.0, 0.0, 171.6423678] 1.0
[1.0, 1.0, 0.0, 1.0, 1.0, 1.0, 1.0, 0.0, 0.0, 1.0, 1.0, 0.0, 170.7705431] 0
[0.0, 1.0, 1.0, 1, 1.0, 1.0, 1, 0.0, 0, 0.0, 1.0, 0, 171.6423678] 1.0
[1.0, 1.0, 0, 1.0, 1.0, 1.0, 1, 0, 0, 1.0, 1, 0.0, 170.7705431] 0
[0.0, 1, 1.0, 1, 1, 1.0, 1.0, 0, 0, 0, 1, 0, 171.6423678] 1.0
[0.0, 1.0, 1, 1.0, 1.0, 1.0, 1.0, 0, 0, 0, 1, 0.0, 171.6423678] 1.0
[0, 1.0, 1, 1.0, 1, 1, 1, 0.0, 0, 0.0, 1, 0, 171.6423678] 1.0
[0, 1.0, 1, 1, 1, 1, 1.0, 0, 0, 0, 0, 1, 171.5690527] 0.7425151614339472
[0.0, 1.0, 1, 1, 1.0, 1.0, 1, 0, 0, 0.0, 1, 0, 171.6423678] 1.0
