[0.0, 1.0, 1.0, 1.0, 1.0, 1, 1.0, 0, 0.0, 0, 1.0, 0.0, 171.6423678] 1.0
[1.0, 0.0, 0.0, 0.0, 0.0, 1.0, 1.0, 0.0, 0.0, 1.0, 1.0, 0.0, 33.28295922] 0
[1.0, 0.0, 0.0, 0.0, 1.0, 1.0, 0.0, 0.0, 0.0, 0.0, 1.0, 0.0, 30.02923107] 0
[1.0, 1.0, 0.0, 1.0, 1.0, 1.0, 1.0, 1.0, 0.0, 0.0, 1.0, 1, 168.3990679] 0.88856906238609
[0, 1.0, 0, 1.0, 1.0, 1, 1.0, 0.0, 1.0, 0, 0.0, 1.0, 170.4570768] 0.9592766344317011
[0.0, 1, 0.0, 1.0, 1.0, 1, 1.0, 1.0, 1.0, 0.0, 1, 1.0, 170.4742329] 0.9598660712299439
[0.0, 0.0, 0.0, 0.0, 1.0, 0.0, 0.0, 1.0, 0.0, 0.0, 0.0, 1.0, 1.074379206] 0
[0.0, 1.0, 0.0, 1, 1.0, 1.0, 1.0, 0.0, 1.0, 1.0, 0.0, 0.0, 169.9893966] 0.9432084184799592
[0.0, 1.0, 1.0, 1.0, 1.0, 1.0, 1.0, 0.0, 0, 0.0, 1.0, 0.0, 171.6423678] 1.0
[1.0, 1.0, 0.0, 1.0, 1.0, 1.0, 1.0, 1.0, 1.0, 0.0, 0.0, 0.0, 169.744452] 0.9347927901745212
[0.0, 1.0, 0.0, 1.0, 1.0, 1.0, 0.0, 1.0, 1.0, 1.0, 1.0, 1.0, 124.4216874] 0.002846504902579854
[0.0, 1.0, 0.0, 1.0, 1.0, 1.0, 1.0, 1.0, 0, 1.0, 1.0, 0.0, 170.5539949] 0.9626064759781942
[0.0, 0.0, 1.0, 1.0, 1.0, 1.0, 1.0, 1.0, 0.0, 1.0, 0.0, 0.0, 105.8266685] 0
[0.0, 1.0, 0.0, 0.0, 1.0, 0.0, 0.0, 1.0, 1.0, 0.0, 1.0, 0.0, 45.90898848] 0
[1.0, 1.0, 1.0, 0.0, 0.0, 0.0, 1.0, 1.0, 1.0, 1.0, 0.0, 1.0, 32.92509484] 0
[1, 1, 0.0, 1.0, 1.0, 1.0, 1.0, 0.0, 1.0, 0.0, 1.0, 1.0, 170.3253386] 0.9547504692301516
[0.0, 1.0, 1.0, 1.0, 1.0, 1.0, 1.0, 0.0, 0, 0.0, 0.0, 1.0, 171.5690527] 0.9974810931501408
[1.0, 1.0, 1.0, 1.0, 1, 1, 1.0, 0.0, 1, 1.0, 0, 0.0, 169.9702196] 0.9425495490702507
[0, 1, 1.0, 1.0, 1.0, 1, 1, 0.0, 1, 0, 1.0, 0, 170.2916942] 0.9535945394200656
[0.0, 1.0, 1.0, 1.0, 1.0, 1.0, 1, 1.0, 1.0, 0, 1.0, 1.0, 170.6282685] 0.9651583142734934
[1.0, 1.0, 0.0, 1.0, 1.0, 1.0, 0.0, 1.0, 0.0, 0.0, 0.0, 1.0, 123.1458366] 0
[0.0, 1, 0.0, 1.0, 1.0, 1.0, 1.0, 0.0, 0.0, 1.0, 0.0, 1.0, 170.313175] 0.9543325611135567
[0, 1.0, 1.0, 1.0, 1.0, 1.0, 1.0, 0.0, 1.0, 0.0, 1, 0, 170.2916942] 0.9535945394200656
[1.0, 1.0, 0, 1.0, 1.0, 1.0, 1.0, 1.0, 0.0, 1.0, 0.0, 0.0, 170.4227512] 0.9580973004477664
[1, 1.0, 1, 1.0, 1.0, 1, 1.0, 1.0, 0, 0.0, 1.0, 1.0, 170.0389183] 0.9449098490085501
[1.0, 1.0, 0.0, 1.0, 1.0, 1.0, 1.0, 0.0, 1, 0.0, 0.0, 1.0, 170.3206944] 0.9545909071864236
[0.0, 1.0, 1.0, 1.0, 1.0, 1, 0.0, 0.0, 1.0, 1.0, 0.0, 0.0, 125.2090816] 0.04479053983340094
[0.0, 1.0, 1.0, 1.0, 1.0, 1.0, 1.0, 1, 1.0, 0, 1.0, 1.0, 170.6282685] 0.9651583142734934
[0.0, 1.0, 1.0, 1.0, 1.0, 1.0, 1.0, 1.0, 0.0, 1.0, 0.0, 1.0, 170.3886647] 0.9569261812876244
[0.0, 1.0, 1.0, 1, 1.0, 1.0, 1.0, 1.0, 1.0, 0.0, 0.0, 1.0, 170.5469792] 0.9623654356633543
