[0.0, 1.0, 1.0, 1.0, 1.0, 1.0, 1, 1, 0.0, 1.0, 0, 1.0, 170.3886647] 0.9569261812876244
[1, 1.0, 0.0, 1.0, 1.0, 1.0, 1.0, 0, 0.0, 1, 1.0, 0.0, 170.7705431] 0.9700464814382521
[1, 1.0, 0, 1.0, 1.0, 1.0, 1, 0.0, 0.0, 1.0, 1.0, 0.0, 170.7705431] 0.9700464814382521
[1.0, 1.0, 0, 1, 1, 1.0, 1.0, 1.0, 0.0, 1, 0, 0.0, 170.4227512] 0.9580973004477664
[0.0, 1.0, 1.0, 1.0, 1.0, 1.0, 1.0, 0, 0.0, 0.0, 0.0, 1, 171.5690527] 0.9974810931501408
[0.0, 1.0, 0, 1.0, 1.0, 1.0, 1.0, 1.0, 1.0, 1.0, 1.0, 1, 169.8953624] 0.9399776598708733
[0.0, 1.0, 0.0, 0.0, 1.0, 0.0, 0.0, 1.0, 1.0, 1.0, 0.0, 0.0, 45.51257086] 0
[0.0, 1.0, 1.0, 1.0, 1.0, 1.0, 1.0, 0.0, 0, 0.0, 0.0, 1, 171.5690527] 0.9974810931501408
[0.0, 1.0, 1.0, 1.0, 1.0, 1.0, 1.0, 0.0, 0.0, 0, 1.0, 0, 171.6423678] 1.0
[0, 1.0, 1.0, 1.0, 1.0, 1.0, 1.0, 1, 1.0, 0.0, 1.0, 0.0, 169.7691541] 0.935641486949073
[0, 1.0, 1, 1.0, 1.0, 1, 1.0, 0, 0.0, 0.0, 1, 0.0, 171.6423678] 1.0
[0.0, 1.0, 1.0, 1.0, 1.0, 1.0, 1.0, 1.0, 1, 0.0, 0.0, 1, 170.5469792] 0.9623654356633543
[0.0, 1.0, 0.0, 1.0, 1.0, 1.0, 1.0, 0.0, 1, 1, 0.0, 0.0, 169.9893966] 0.9432084184799592
[1.0, 1.0, 1.0, 1.0, 1.0, 1.0, 1.0, 1.0, 0.0, 0.0, 1.0, 1, 170.0389183] 0.9449098490085501
[0.0, 1.0, 1.0, 1.0, 1, 1, 1.0, 0.0, 0.0, 0.0, 1.0, 0, 171.6423678] 1.0
[0.0, 1, 1, 1.0, 1.0, 1.0, 1, 1.0, 1, 1.0, 0.0, 0.0, 169.9679244] 0.9424706922590093
[0.0, 0.0, 0.0, 0.0, 0.0, 1.0, 0.0, 0.0, 1.0, 1.0, 0.0, 0.0, 2.488880396] 0
[0.0, 1.0, 1.0, 0.0, 0.0, 1.0, 0.0, 1.0, 1.0, 1.0, 1.0, 0.0, 47.31042337] 0
[0.0, 1.0, 1, 1.0, 1, 1.0, 1.0, 0, 0, 1.0, 0.0, 1.0, 170.6936717] 0.9674053898211331
[1.0, 1.0, 0.0, 1.0, 1.0, 1.0, 1.0, 0.0, 1.0, 0.0, 0.0, 0.0, 170.2000723] 0.9504466608587988
[1.0, 1.0, 1.0, 1.0, 1.0, 1.0, 1, 0.0, 1.0, 0.0, 1, 1.0, 169.8158512] 0.9372458719264996
[0.0, 1.0, 1.0, 1.0, 1, 1.0, 1.0, 0.0, 0.0, 0.0, 1.0, 0.0, 171.6423678] 1.0
[0.0, 0.0, 1.0, 0.0, 0.0, 0.0, 0.0, 1.0, 0.0, 1.0, 1.0, 0.0, 13.09176135] 0
[0.0, 1.0, 1, 1.0, 1.0, 1.0, 1.0, 0.0, 0.0, 0.0, 0, 1.0, 171.5690527] 0.9974810931501408
[1.0, 0.0, 1.0, 1.0, 0.0, 0.0, 0.0, 0.0, 1.0, 1.0, 0.0, 0.0, 31.81573462] 0
[0.0, 1.0, 0.0, 1.0, 1.0, 1.0, 1, 1, 1.0, 1, 1.0, 0.0, 169.8665786] 0.9389887270182276
[1.0, 1.0, 0.0, 1.0, 0.0, 0.0, 1.0, 1.0, 0.0, 0.0, 0.0, 0.0, 70.90890884] 0
[0.0, 1.0, 0, 1.0, 1.0, 1.0, 1, 0.0, 1.0, 1.0, 1.0, 0.0, 170.3049545] 0.9540501271571241
[1.0, 1.0, 1.0, 0.0, 1.0, 0.0, 1.0, 1.0, 1.0, 0.0, 0.0, 0.0, 47.47217393] 0
[0.0, 1.0, 1.0, 1.0, 1.0, 1, 1, 0, 0, 0.0, 0, 1.0, 171.5690527] 0.9974810931501408
