[0.0, 1.0, 1, 1.0, 1, 1, 1, 1.0, 1.0, 1.0, 0, 1.0, 170.2653241] 0.9526885347154209
[1.0, 1.0, 0.0, 1, 1.0, 1.0, 1, 0.0, 0.0, 1.0, 1.0, 0.0, 170.7705431] 0.9700464814382521
[0, 1.0, 1, 1.0, 1, 1.0, 1.0, 0.0, 0, 0, 0.0, 1, 171.5690527] 0.9974810931501408
[0.0, 1.0, 1.0, 1, 1, 1.0, 1, 0.0, 0, 0, 1, 0.0, 171.6423678] 1.0
[0.0, 1, 1.0, 1.0, 1.0, 1.0, 1.0, 0.0, 0.0, 0.0, 1, 0, 171.6423678] 1.0
[0.0, 1.0, 1, 1.0, 1, 1.0, 1.0, 0, 0, 0.0, 1, 0, 171.6423678] 1.0
[0, 1, 1, 1, 1, 1.0, 1, 0, 0.0, 0, 0, 1, 171.5690527] 0.9974810931501408
[0, 1.0, 1.0, 1.0, 0.0, 1.0, 1, 1.0, 0.0, 0.0, 0.0, 0.0, 124.9785213] 0.0325087256203158
[0.0, 1.0, 0.0, 1.0, 1, 1.0, 1.0, 0, 1.0, 1, 0.0, 1.0, 171.1972303] 0.9847062897291395
[0.0, 1.0, 0.0, 1.0, 1, 1, 1.0, 0.0, 1.0, 1, 0.0, 1.0, 171.1972303] 0.9847062897291395
[1, 1.0, 0.0, 1.0, 1.0, 1, 1.0, 0.0, 0.0, 1.0, 1.0, 0.0, 170.7705431] 0.9700464814382521
[0.0, 1.0, 1.0, 1.0, 1.0, 1.0, 1.0, 0.0, 0, 0.0, 1.0, 0, 171.6423678] 1.0
[0, 1, 1.0, 1.0, 1.0, 1.0, 1.0, 0, 0.0, 0.0, 1.0, 0, 171.6423678] 1.0
[0, 1.0, 1, 1.0, 1.0, 1, 1.0, 1.0, 1, 0, 1, 1.0, 170.6282685] 0.9651583142734934
[0.0, 1.0, 1.0, 1, 1.0, 1.0, 1.0, 0.0, 0.0, 0.0, 0, 1.0, 171.5690527] 0.9974810931501408
[0.0, 1.0, 0, 1, 1.0, 1.0, 1, 1.0, 0, 0.0, 1.0, 0, 170.735281] 0.9688349718688667
[0.0, 0.0, 1.0, 1.0, 1.0, 1.0, 1.0, 1.0, 1.0, 1.0, 0.0, 1.0, 105.2780652] 0
[0.0, 1.0, 1, 1.0, 1.0, 1.0, 1.0, 0, 0, 0.0, 1.0, 0, 171.6423678] 1.0
[0.0, 1, 1.0, 1.0, 1.0, 1, 1, 0, 0, 0.0, 1.0, 0, 171.6423678] 1.0
[1.0, 0.0, 0.0, 0.0, 1.0, 1.0, 0.0, 0.0, 0.0, 1.0, 0.0, 0.0, 30.33936548] 0
[0, 1, 1, 1.0, 1.0, 1, 1.0, 0, 0, 0, 0.0, 1, 171.5690527] 0.9974810931501408
[0, 1, 1.0, 1.0, 1, 1.0, 1.0, 0.0, 0, 0.0, 1.0, 0.0, 171.6423678] 1.0
[0.0, 1.0, 0.0, 1.0, 1.0, 1.0, 1.0, 0.0, 0, 0, 0.0, 1, 171.4235804] 0.992483061735947
[0, 1, 1, 1, 1.0, 1, 1.0, 0.0, 0, 0, 0, 1, 171.5690527] 0.9974810931501408
[0, 1.0, 1.0, 1.0, 1.0, 1.0, 1.0, 0.0, 0, 0.0, 1.0, 0, 171.6423678] 1.0
[0, 1.0, 1.0, 1.0, 1.0, 1.0, 1, 0.0, 0, 0.0, 1, 0, 171.6423678] 1.0
[0.0, 1.0, 1, 1.0, 1.0, 1.0, 1.0, 0.0, 0.0, 0, 1.0, 0.0, 171.6423678] 1.0
[0.0, 1.0, 0.0, 1.0, 1.0, 1.0, 0.0, 1.0, 0.0, 1.0, 1.0, 0.0, 124.8859923] 0
[0.0, 1.0, 1, 1, 1.0, 1.0, 1, 0, 0, 0.0, 1.0, 0.0, 171.6423678] 1.0
[0.0, 1, 0.0, 1.0, 1.0, 1.0, 1.0, 1.0, 1.0, 1.0, 0.0, 1.0, 170.3034718] 0.9539991856295769
