[1, 1.0, 0, 1, 1.0, 1.0, 1.0, 0, 0.0, 1, 1.0, 0, 170.7705431] 0.9700464814382521
[0, 1, 1, 1, 1, 1.0, 1, 0, 0.0, 1, 0, 1, 170.6936717] 0.9674053898211331
[0, 1.0, 1.0, 1.0, 1.0, 1.0, 1.0, 0, 0, 0, 1, 0.0, 171.6423678] 1.0
[1, 1.0, 0, 1.0, 1, 1, 1.0, 0, 0, 1.0, 0.0, 1.0, 170.3418882] 0.9553190683427819
[0, 1.0, 0, 1.0, 1, 1.0, 1.0, 1.0, 1, 0, 1, 1, 170.4742329] 0.9598660712299439
[0, 1.0, 1.0, 1.0, 1.0, 1.0, 1.0, 0, 0, 0, 0, 1.0, 171.5690527] 0.9974810931501408
[0.0, 1, 1.0, 1.0, 1.0, 1, 1, 0.0, 0.0, 0, 1, 0, 171.6423678] 1.0
[0, 1.0, 0.0, 1, 1.0, 1.0, 1.0, 0.0, 0, 0, 0, 1.0, 171.4235804] 0.992483061735947
[0.0, 1, 1, 1.0, 1.0, 1.0, 1.0, 1.0, 1.0, 0.0, 1, 1.0, 170.6282685] 0.9651583142734934
[0.0, 1.0, 0, 1.0, 1.0, 1.0, 1.0, 0.0, 1, 1, 0.0, 1.0, 171.1972303] 0.9847062897291395
[0.0, 1, 0, 1.0, 1, 1, 1, 1.0, 1, 0.0, 0, 0.0, 170.6651847] 0.9664266542068877
[0.0, 1, 1, 1.0, 1.0, 1.0, 1.0, 0, 0, 0, 1, 0, 171.6423678] 1.0
[0.0, 1, 1.0, 1.0, 1.0, 1, 1, 1, 1.0, 1.0, 1.0, 0, 170.2764871] 0.9530720649454145
[0.0, 1, 1, 1.0, 1, 1, 1.0, 0.0, 0, 0, 1.0, 0, 171.6423678] 1.0
[0.0, 1.0, 1.0, 1.0, 1.0, 1.0, 1.0, 0.0, 0.0, 0.0, 0.0, 1.0, 171.5690527] 0.9974810931501408
[0.0, 1.0, 1.0, 1, 1.0, 1.0, 1, 0, 0.0, 1, 0.0, 1.0, 170.6936717] 0.9674053898211331
[0.0, 1, 1.0, 1.0, 1, 1.0, 1.0, 1, 1.0, 0, 1.0, 1.0, 170.6282685] 0.9651583142734934
[0, 1, 1, 1, 1.0, 1, 1.0, 0.0, 0.0, 0.0, 1, 0, 171.6423678] 1.0
[0, 1.0, 1.0, 1.0, 1, 1.0, 1, 1.0, 1.0, 0.0, 0.0, 1.0, 170.5469792] 0.9623654356633543
[0, 1.0, 0, 1.0, 1.0, 1.0, 1, 0.0, 0.0, 0.0, 0.0, 1.0, 171.4235804] 0.992483061735947
[0, 1.0, 1, 1, 1.0, 1.0, 1.0, 0, 0, 0, 0.0, 1.0, 171.5690527] 0.9974810931501408
[1.0, 1.0, 0.0, 1.0, 1.0, 1, 1.0, 0, 1.0, 0, 1.0, 1.0, 170.3253386] 0.9547504692301516
[0, 1.0, 1.0, 1.0, 1.0, 1.0, 1, 0.0, 0.0, 0, 0, 1.0, 171.5690527] 0.9974810931501408
[0, 1.0, 1, 1.0, 1, 1.0, 1.0, 0.0, 0, 0, 0, 1, 171.5690527] 0.9974810931501408
[0.0, 1, 1, 1.0, 1.0, 1.0, 1.0, 1, 1.0, 0, 1, 1, 170.6282685] 0.9651583142734934
[0.0, 1.0, 1, 1.0, 1.0, 1, 1, 0.0, 0.0, 0, 0.0, 1, 171.5690527] 0.9974810931501408
[0.0, 1.0, 1, 1.0, 1, 1, 1, 0.0, 0.0, 0, 1.0, 0.0, 171.6423678] 1.0
[0, 1, 0, 1, 1.0, 1.0, 1.0, 1, 0, 0, 1.0, 0, 170.735281] 0.9688349718688667
[0.0, 1.0, 1.0, 1.0, 1.0, 1.0, 1.0, 0, 0.0, 0, 1.0, 0.0, 171.6423678] 1.0
[1.0, 1.0, 1.0, 1.0, 1, 1, 1.0, 0, 0, 1.0, 1.0, 1, 170.6573937] 0.9661589766988812
