[0.0, 1.0, 0.0, 1.0, 1, 1.0, 1, 0, 1, 1, 0, 1.0, 171.1972303] 0.9847062897291395
[1.0, 1.0, 0, 1, 1.0, 1.0, 1, 0, 0.0, 1.0, 1, 0.0, 170.7705431] 0.9700464814382521
[0, 1.0, 1, 1.0, 1, 1.0, 1.0, 0.0, 0, 0, 0.0, 1, 171.5690527] 0.9974810931501408
[0.0, 1.0, 1.0, 1, 1, 1.0, 1, 0.0, 0, 0, 1, 0.0, 171.6423678] 1.0
[0.0, 1, 1.0, 1.0, 1.0, 1.0, 1.0, 0.0, 0.0, 0.0, 1, 0, 171.6423678] 1.0
[0.0, 1.0, 1, 1.0, 1, 1.0, 1.0, 0, 0, 0.0, 1, 0, 171.6423678] 1.0
[0, 1, 1, 1, 1, 1.0, 1.0, 0, 0, 0, 1, 0, 171.6423678] 1.0
[0.0, 1.0, 0, 1.0, 1, 1.0, 1, 1.0, 1, 0, 0.0, 0.0, 170.6651847] 0.9664266542068877
[0.0, 1, 0, 1.0, 1, 1.0, 1.0, 0, 1, 1, 0.0, 1.0, 171.1972303] 0.9847062897291395
[0.0, 1.0, 0.0, 1.0, 1, 1, 1.0, 0.0, 1.0, 1, 0.0, 1.0, 171.1972303] 0.9847062897291395
[1, 1.0, 0.0, 1.0, 1.0, 1, 1.0, 0.0, 0.0, 1.0, 1.0, 0.0, 170.7705431] 0.9700464814382521
[0.0, 1.0, 1.0, 1.0, 1.0, 1.0, 1.0, 0.0, 0, 0.0, 1.0, 0, 171.6423678] 1.0
[0, 1, 1.0, 1.0, 1.0, 1.0, 1.0, 0, 0.0, 0.0, 1.0, 0, 171.6423678] 1.0
[0, 1.0, 1, 1.0, 1.0, 1, 1, 1.0, 1, 0, 1, 1.0, 170.6282685] 0.9651583142734934
[0, 1.0, 1.0, 1, 1.0, 1.0, 1.0, 0.0, 0.0, 0.0, 1, 0, 171.6423678] 1.0
[0.0, 1.0, 1, 1.0, 1.0, 1.0, 1, 0, 0, 0.0, 1.0, 0.0, 171.6423678] 1.0
[1.0, 1.0, 1.0, 1.0, 1.0, 1, 1.0, 0.0, 1, 0.0, 1.0, 1, 169.8158512] 0.9372458719264996
[0.0, 1.0, 1, 1.0, 1.0, 1.0, 1.0, 0, 0, 0.0, 1.0, 0, 171.6423678] 1.0
[0.0, 1, 1.0, 1.0, 1.0, 1, 1, 0, 0, 0.0, 1.0, 0, 171.6423678] 1.0
[0.0, 1.0, 1.0, 1.0, 1.0, 1.0, 0.0, 1.0, 0.0, 1.0, 1.0, 1.0, 125.9674156] 0.08518655466971616
[0, 1, 1.0, 1.0, 1, 1, 1.0, 0.0, 0, 0, 0.0, 1, 171.5690527] 0.9974810931501408
[0, 1, 1.0, 1.0, 1, 1.0, 1.0, 0.0, 0, 0.0, 1.0, 0.0, 171.6423678] 1.0
[0.0, 1.0, 1, 1.0, 1.0, 1.0, 1.0, 0, 0, 0, 0.0, 1, 171.5690527] 0.9974810931501408
[0, 1, 1, 1, 1.0, 1, 1.0, 0.0, 0, 0, 0, 1, 171.5690527] 0.9974810931501408
[0, 1.0, 1.0, 1.0, 1.0, 1.0, 1.0, 0.0, 0, 0.0, 1.0, 0, 171.6423678] 1.0
[0, 1.0, 1.0, 1.0, 1.0, 1.0, 1, 0.0, 0, 0.0, 1, 0, 171.6423678] 1.0
[0.0, 1.0, 1, 1.0, 1.0, 1.0, 1.0, 0.0, 0.0, 0, 1.0, 0.0, 171.6423678] 1.0
[0.0, 1.0, 0.0, 1.0, 1.0, 1.0, 0.0, 1.0, 0.0, 1.0, 1.0, 0.0, 124.8859923] 0
[0.0, 1.0, 1, 1, 1.0, 1.0, 1, 0, 0, 0.0, 1.0, 0.0, 171.6423678] 1.0
[0.0, 1.0, 0, 1.0, 1.0, 1.0, 1, 0, 1.0, 1.0, 0.0, 1.0, 171.1972303] 0.9847062897291395
