[1.0, 1.0, 1.0, 0.0, 0.0, 0.0, 1.0, 0.0, 2.0, 8.0, 16.0, 20.0, 9914.2] 0.03513010204081634
[1.0, 1.0, 1.0, 0.0, 0.0, 1.0, 3.0, 0.0, 1.0, 8.0, 8.0, 32.0, 14556.4] 0.09434183673469387
[1.0, 0.0, 1, 0.0, 0.0, 1.0, 3.0, 0.0, 2.0, 128.0, 0.0, 10.0, 10079.8] 0.037242346938775504
[1.0, 0, 0, 0.0, 0.0, 1.0, 4.0, 0.0, 3.0, 20.0, 8.0, 0.0, 10479.2] 0.04233673469387756
[1.0, 1.0, 1.0, 1.0, 1.0, 1.0, 4.0, 0.0, 3.0, 8.0, 16.0, 32.0, 9971.4] 0.035859693877551016
[1.0, 1, 0, 0.0, 0.0, 0.0, 2, 0.0, 1.0, 8.0, 10.0, 20, 13068.0] 0.07535714285714286
[1, 0.0, 0.0, 0.0, 0.0, 0, 3.0, 0.0, 1.0, 8.0, 10.0, 64.0, 18790.8] 0.6372399999999998
[1.0, 0.0, 1.0, 0.0, 0.0, 0.0, 2.0, 0.0, 3.0, 10.0, 8.0, 32.0, 13568.6] 0.08174234693877552
[1.0, 0.0, 1.0, 1.0, 1.0, 0.0, 3.0, 0.0, 4.0, 32.0, 10.0, 10.0, 8290.6] 0.014420918367346944
[1.0, 0.0, 1.0, 0.0, 0.0, 1.0, 2.0, 0.0, 1.0, 8.0, 10.0, 10.0, 14486.6] 0.09345153061224491
[1.0, 0.0, 0.0, 0.0, 0.0, 1.0, 3.0, 0.0, 3.0, 16.0, 10.0, 8.0, 9826.6] 0.03401275510204082
[1.0, 0.0, 1, 1.0, 1.0, 0.0, 3.0, 0.0, 2.0, 8.0, 20.0, 10.0, 10509.2] 0.042719387755102055
[1.0, 0.0, 0.0, 0.0, 0.0, 0.0, 4, 0.0, 2.0, 10.0, 16.0, 8.0, 13380.8] 0.07934693877551019
[1.0, 0, 1.0, 0.0, 0.0, 0.0, 2.0, 0.0, 2.0, 20.0, 10.0, 32.0, 10192.2] 0.03867602040816328
[1.0, 0.0, 0.0, 0.0, 0.0, 0.0, 4.0, 0.0, 1.0, 8.0, 10, 64.0, 18757.6] 0.6272799999999996
[1.0, 0.0, 1.0, 1.0, 1.0, 1.0, 4.0, 0.0, 4.0, 10.0, 8.0, 0.0, 13537.4] 0.08134438775510204
[1.0, 1.0, 0.0, 0.0, 0.0, 1.0, 4.0, 0.0, 4.0, 10.0, 10.0, 20.0, 12001.0] 0.061747448979591835
[1, 0.0, 1.0, 1.0, 1.0, 0.0, 2.0, 0.0, 3.0, 8.0, 8.0, 0.0, 15401.4] 0.1
[1.0, 1.0, 0.0, 0.0, 0.0, 0.0, 3.0, 0.0, 1.0, 10.0, 10.0, 32.0, 11672.8] 0.057561224489795906
[1.0, 0.0, 0.0, 0.0, 0.0, 0.0, 1.0, 0.0, 2.0, 10.0, 16.0, 16.0, 10655.4] 0.04458418367346939
[1.0, 0.0, 1.0, 1.0, 1, 1.0, 3.0, 0.0, 4.0, 8.0, 10.0, 10.0, 13210.4] 0.0771734693877551
[1.0, 0.0, 1.0, 0.0, 0.0, 1.0, 4.0, 0.0, 2.0, 8, 10, 32.0, 14277.6] 0.0907857142857143
[1.0, 0.0, 1.0, 0.0, 0.0, 0, 3.0, 0.0, 2.0, 128.0, 0.0, 32.0, 9951.8] 0.035609693877551016
[1.0, 0.0, 0.0, 0.0, 0.0, 0.0, 2.0, 0.0, 2.0, 10.0, 8.0, 128.0, 14543.0] 0.09417091836734694
[1.0, 1.0, 0.0, 0.0, 0.0, 1.0, 4.0, 0.0, 3.0, 8, 8.0, 10.0, 14530.8] 0.09401530612244897
[1.0, 0.0, 0.0, 0.0, 0.0, 1, 4.0, 0.0, 2.0, 64.0, 0.0, 8.0, 10233.4] 0.0392015306122449
[1.0, 0.0, 1.0, 1.0, 1.0, 0.0, 2.0, 0.0, 1.0, 10.0, 10.0, 128.0, 13754.8] 0.08411734693877551
[1.0, 1.0, 0.0, 0.0, 0.0, 0.0, 1.0, 0.0, 2.0, 10.0, 20.0, 64.0, 8507.4] 0.017186224489795916
[1.0, 1.0, 1.0, 1.0, 1.0, 1.0, 3.0, 0.0, 4.0, 10.0, 8.0, 8.0, 12605.0] 0.06945153061224489
[1.0, 1.0, 0.0, 0.0, 0.0, 1.0, 2.0, 0.0, 3.0, 20.0, 10.0, 20.0, 8845.4] 0.021497448979591834
