[1.0, 0.0, 0, 0.0, 0, 0, 3, 0.0, 1, 8.0, 8.0, 64, 19555.0] 0.8665
[1.0, 0, 0.0, 0, 0.0, 0, 3.0, 0, 2, 8.0, 8.0, 0, 19692.2] 0.9076600000000001
[1, 0, 0.0, 0.0, 0, 0, 4, 0.0, 2, 8, 8, 0, 19707.8] 0.9123399999999997
[1, 0, 0, 0, 0.0, 0, 4, 0.0, 2, 8.0, 8.0, 0.0, 19707.8] 0.9123399999999997
[1.0, 0.0, 0.0, 0.0, 0.0, 0.0, 4, 0.0, 2.0, 8, 8, 0, 19707.8] 0.9123399999999997
[1.0, 0.0, 0, 0.0, 0, 0.0, 3, 0.0, 2, 8.0, 8, 0, 19692.2] 0.9076600000000001
[1, 0, 0.0, 0, 0.0, 0, 3.0, 0.0, 2, 8.0, 8, 0, 19692.2] 0.9076600000000001
[1.0, 0.0, 0.0, 0.0, 0.0, 0.0, 4, 0, 1.0, 10.0, 10.0, 64, 17328.4] 0.19852000000000045
[1.0, 0, 0, 0.0, 0.0, 0, 4, 0.0, 2, 8.0, 8, 0.0, 19707.8] 0.9123399999999997
[1, 0.0, 0, 0.0, 0, 0, 3, 0, 1.0, 8.0, 10.0, 0, 18899.0] 0.6697
[1.0, 0.0, 0, 0.0, 0.0, 0, 3.0, 0, 2, 8, 8, 0.0, 19692.2] 0.9076600000000001
[1.0, 0.0, 1.0, 1.0, 1.0, 0.0, 2.0, 0.0, 2.0, 8.0, 8, 10.0, 15428.4] 0.1
[1, 0.0, 0.0, 0.0, 0.0, 0.0, 4, 0.0, 2.0, 8, 8.0, 0, 19707.8] 0.9123399999999997
[1, 0, 1.0, 0.0, 0.0, 1, 2.0, 0, 2.0, 8, 8, 64, 16264.4] 0.1
[1.0, 0.0, 0, 0.0, 0, 0.0, 4, 0.0, 2, 8.0, 8, 0, 19707.8] 0.9123399999999997
[1, 0.0, 0.0, 0, 0.0, 0, 4, 0, 2, 8.0, 8.0, 0.0, 19707.8] 0.9123399999999997
[1, 0.0, 0, 0.0, 0, 0.0, 3, 0.0, 2, 8.0, 8, 0, 19692.2] 0.9076600000000001
[1, 0, 0.0, 0.0, 0.0, 0, 3, 0, 1, 8.0, 10.0, 0.0, 18899.0] 0.6697
[1.0, 0.0, 1.0, 0.0, 0.0, 0.0, 2.0, 0.0, 2.0, 8.0, 10.0, 64.0, 15366.4] 0.1
[1, 0, 0, 0.0, 0.0, 0, 4, 0, 2.0, 8, 8, 0, 19707.8] 0.9123399999999997
[1, 0, 0, 0, 0.0, 0.0, 3.0, 0, 2, 8, 8, 0, 19692.2] 0.9076600000000001
[1, 0.0, 1.0, 1.0, 1.0, 0, 4, 0.0, 1.0, 8, 8, 20.0, 15452.0] 0.1
[1.0, 0.0, 0, 0.0, 0.0, 0, 3, 0.0, 1, 8.0, 8, 128, 19583.4] 0.8750200000000005
[1, 0.0, 0.0, 0.0, 0.0, 0.0, 4.0, 0.0, 2, 8, 8.0, 0, 19707.8] 0.9123399999999997
[1.0, 0, 0, 0, 0.0, 0.0, 4.0, 0.0, 2, 8, 8, 0, 19707.8] 0.9123399999999997
[1, 0, 0, 0.0, 0.0, 0, 4.0, 0, 2.0, 8, 8, 0, 19707.8] 0.9123399999999997
[1.0, 0.0, 1.0, 0, 0, 0.0, 2.0, 0.0, 1.0, 10.0, 8, 128.0, 15537.0] 0.1
[1.0, 0.0, 1, 1.0, 1.0, 1, 3.0, 0.0, 2.0, 8.0, 8.0, 10.0, 15424.8] 0.1
[1, 0, 0, 0, 0.0, 0, 3, 0.0, 2, 8, 8.0, 0, 19692.2] 0.9076600000000001
[1, 0.0, 0, 0.0, 0.0, 0, 4, 0, 2, 8, 8, 0.0, 19707.8] 0.9123399999999997
