[1.0, 1, 1.0, 1.0, 1.0, 1.0, 4, 0.0, 4, 8, 8.0, 0.0, 15067.6] 0.1
[1, 0.0, 0.0, 0, 0.0, 0, 3, 0.0, 1.0, 8, 8.0, 0.0, 19673.8] 0.9021399999999998
[1, 0.0, 0, 0.0, 0.0, 0, 4.0, 0.0, 1, 8.0, 8.0, 128.0, 19149.2] 0.7447600000000002
[1.0, 0.0, 0.0, 0.0, 0, 0.0, 4.0, 0.0, 1, 8, 10.0, 8, 18240.4] 0.47212000000000043
[1.0, 0, 0.0, 0.0, 0.0, 0, 3, 0.0, 1.0, 10, 10.0, 128.0, 15423.6] 0.1
[1, 0.0, 0.0, 0.0, 0.0, 0.0, 2.0, 0.0, 1, 8.0, 8.0, 32.0, 16442.0] 0.1
[1.0, 0.0, 0.0, 0.0, 0.0, 1.0, 3.0, 0.0, 1.0, 8.0, 8, 64.0, 19190.0] 0.757
[1.0, 0, 1.0, 1.0, 1.0, 1.0, 4.0, 0.0, 1, 8.0, 8.0, 128.0, 15667.4] 0.1
[1, 0.0, 0.0, 0.0, 0.0, 0.0, 4, 0, 1.0, 10.0, 8.0, 0.0, 17556.0] 0.26680000000000004
[1.0, 0, 1.0, 1.0, 1.0, 0, 4.0, 0.0, 1.0, 8.0, 8, 32, 15473.4] 0.1
[1.0, 0.0, 0, 0.0, 0.0, 0.0, 3.0, 0.0, 2, 8, 8.0, 128, 19576.0] 0.8728
[1, 0.0, 1.0, 1.0, 1, 0, 4.0, 0, 1.0, 8.0, 16.0, 0.0, 12748.2] 0.0712780612244898
[1, 0, 0.0, 0.0, 0.0, 0, 4, 0.0, 2, 8, 8.0, 32.0, 18805.0] 0.6415
[1.0, 0.0, 0.0, 0, 0.0, 0, 3, 0, 1.0, 8.0, 8.0, 128, 19583.4] 0.8750200000000005
[1.0, 0.0, 0.0, 0, 0, 0.0, 4, 0.0, 2, 10, 8.0, 128.0, 17769.8] 0.3309399999999998
[1, 0, 0, 0.0, 0.0, 0.0, 4, 0.0, 2.0, 8, 10.0, 32.0, 18298.4] 0.4895200000000004
[1.0, 0.0, 0.0, 0.0, 0, 0.0, 3, 0, 2, 8.0, 8.0, 0, 19692.2] 0.9076600000000001
[1.0, 0.0, 1.0, 0.0, 0.0, 0.0, 2.0, 0.0, 2.0, 8.0, 8.0, 20, 15736.2] 0.1
[1.0, 0.0, 0, 0, 0.0, 0.0, 3.0, 0.0, 1.0, 8.0, 8.0, 8.0, 18527.6] 0.5582799999999996
[1, 0.0, 1.0, 1.0, 1.0, 0.0, 3.0, 0.0, 2.0, 8.0, 10.0, 0, 15167.0] 0.1
[1, 0.0, 1.0, 1.0, 1, 0.0, 1.0, 0.0, 2.0, 10.0, 8, 128.0, 14498.8] 0.09360714285714285
[1.0, 0, 1.0, 1.0, 1.0, 0.0, 3, 0.0, 3.0, 8, 8, 0.0, 15213.6] 0.1
[1.0, 0.0, 0, 0.0, 0.0, 1, 3.0, 0, 1, 8.0, 8.0, 0, 18647.2] 0.5941600000000002
[1, 0.0, 0.0, 0.0, 0.0, 0.0, 3.0, 0.0, 1, 8.0, 8.0, 128, 19583.4] 0.8750200000000005
[1.0, 0.0, 0, 0.0, 0.0, 0.0, 4.0, 0.0, 1.0, 8.0, 8, 8.0, 18350.6] 0.5051799999999995
[1.0, 0, 1.0, 1.0, 1.0, 0.0, 2.0, 0.0, 2.0, 8.0, 8.0, 0.0, 16111.2] 0.1
[1, 0.0, 0.0, 0, 0.0, 0, 4.0, 0, 2.0, 8, 8.0, 0.0, 19707.8] 0.9123399999999997
[1, 0, 0, 0.0, 0.0, 0, 3.0, 0.0, 1.0, 8.0, 8.0, 16, 18315.6] 0.49467999999999956
[1, 0, 0.0, 0, 0.0, 0, 4, 0, 1, 8, 8.0, 0.0, 19332.8] 0.7998399999999998
[1.0, 0.0, 0, 0.0, 0.0, 0.0, 4.0, 0.0, 1, 8, 10.0, 10.0, 18025.0] 0.4075
